1.000000285283631207e+01
8.831769493219447043e+00
9.270603987843065497e+00
1.074275185560811963e+01
1.296705112032316620e+01
1.585666956439602693e+01
1.943613970192738805e+01
2.380253876188689688e+01
2.911082999835103635e+01
3.557246132304045005e+01
1.000000285283631207e+01
8.838347835270692343e+00
9.293361980383467724e+00
1.078978582573771661e+01
1.304765634007537045e+01
1.598264100822768086e+01
1.962275197664910920e+01
2.406961429303976274e+01
2.948409259797583104e+01
3.608531640588569900e+01
1.000000285283631207e+01
8.844927925898939947e+00
9.316142674612736485e+00
1.083691774572306166e+01
1.312853534525101118e+01
1.610922255742255160e+01
1.981055116667763727e+01
2.433880325325677418e+01
2.986089529555518141e+01
3.660384618650275002e+01
1.000000285283631207e+01
8.851509765397727492e+00
9.338946084720396001e+00
1.088414774724326683e+01
1.320968875949414922e+01
1.623641627287735645e+01
1.999954273527247040e+01
2.461011815271798397e+01
3.024126394169071474e+01
3.712810022392344678e+01
1.000000285283631207e+01
8.858093354060583735e+00
9.361772224902320971e+00
1.093147596210783945e+01
1.329111720750913506e+01
1.636422422077641770e+01
2.018973216514094560e+01
2.488357155990809844e+01
3.062522453814786516e+01
3.765812842925194559e+01
1.000000285283631207e+01
8.864678692181142239e+00
9.384621109361024338e+00
1.097890252225649732e+01
1.337282131506218086e+01
1.649264847260193889e+01
2.038112495849491879e+01
2.515917610183758768e+01
3.101280323858324195e+01
3.819398106774709589e+01
1.000000285283631207e+01
8.871265780052969063e+00
9.407492752305401496e+00
1.102642755975939615e+01
1.345480170898250982e+01
1.662169110514473047e+01
2.057372663710625460e+01
2.543694446426491851e+01
3.140402634927639980e+01
3.873570876091415727e+01
1.000000285283631207e+01
8.877854617969825668e+00
9.430387167950851079e+00
1.107405120681721300e+01
1.353705901716414672e+01
1.675135420051520185e+01
2.076754274236303033e+01
2.571688939191929890e+01
3.179892032986331074e+01
3.928336248860740909e+01
1.000000285283631207e+01
8.884445206225390024e+00
9.453304370519258981e+00
1.112177359576111968e+01
1.361959386856694287e+01
1.688163984615446012e+01
2.096257883532567234e+01
2.599902368872420411e+01
3.219751179407402475e+01
3.983699359114265093e+01
1.000000285283631207e+01
8.891037545113340101e+00
9.476244374238993018e+00
1.116959485905327298e+01
1.370240689321821570e+01
1.701255013484509249e+01
2.115884049678339451e+01
2.628336021802220301e+01
3.259982751047193972e+01
4.039665377142101477e+01
1.000000285283631207e+01
8.897631634927501310e+00
9.499207193344968658e+00
1.121751512928631023e+01
1.378549872221423378e+01
1.714408716472143013e+01
2.135633332731045186e+01
2.656991190279897808e+01
3.300589440319718904e+01
4.096239509706301618e+01
1.000000285283631207e+01
8.904227475961725702e+00
9.522192842078466057e+00
1.126553453918414505e+01
1.386886998772154556e+01
1.727625303928155986e+01
2.155506294732307282e+01
2.685869172590986409e+01
3.341573955271217500e+01
4.153427000255121726e+01
1.000000285283631207e+01
8.910825068509804936e+00
9.545201334687458683e+00
1.131365322160127818e+01
1.395252132297846082e+01
1.740904986739725757e+01
2.175503499713595801e+01
2.714971273030534249e+01
3.382939019655069757e+01
4.211233129138684461e+01
1.000000285283631207e+01
8.917424412865615935e+00
9.568232685426140804e+00
1.136187130952374069e+01
1.403645336229639362e+01
1.754247976332570502e+01
2.195625513701898157e+01
2.744298801925913978e+01
3.424687373006929647e+01
4.269663213825425174e+01
1.000000285283631207e+01
8.924025509323172400e+00
9.591286908555504809e+00
1.141018893606852025e+01
1.412066674106127806e+01
1.767654484672006276e+01
2.215872904725463144e+01
2.773853075659492973e+01
3.466821770720279261e+01
4.328722609119758147e+01
1.000000285283631207e+01
8.930628358176392112e+00
9.614364018342829610e+00
1.145860623448397320e+01
1.420516209573531263e+01
1.781124724264030590e+01
2.236246242819456853e+01
2.803635416691526316e+01
3.509344984122115818e+01
4.388416707380611825e+01
1.000000285283631207e+01
8.937232959719260350e+00
9.637464029061989734e+00
1.150712333814992050e+01
1.428994006385796567e+01
1.794658908156478461e+01
2.256746100031751467e+01
2.833647153583135037e+01
3.552259800549132507e+01
4.448750938741392247e+01
1.000000285283631207e+01
8.943839314245828120e+00
9.660586954993330977e+00
1.155574038057770991e+01
1.437500128404763267e+01
1.808257249940067268e+01
2.277373050428585088e+01
2.863889621019161780e+01
3.595569023423961852e+01
4.509730771330597321e+01
1.000000285283631207e+01
8.950447422050171298e+00
9.683732810423721915e+00
1.160445749541033678e+01
1.446034639600312488e+01
1.821919963749549609e+01
2.298127670100408793e+01
2.894364159831373584e+01
3.639275472331998884e+01
4.571361711493855751e+01
1.000000285283631207e+01
8.957057283426440364e+00
9.706901609646624962e+00
1.165327481642231078e+01
1.454597604050520410e+01
1.835647264264769873e+01
2.319010537167557118e+01
2.925072117021470319e+01
3.683381983098337287e+01
4.633649304016797998e+01
1.000000285283631207e+01
8.963668898668739615e+00
9.730093366961813928e+00
1.170219247752024927e+01
1.463189085941753831e+01
1.849439366711815325e+01
2.340022231786099383e+01
2.956014845784385514e+01
3.727891407864986206e+01
4.696599132349268757e+01
1.000000285283631207e+01
8.970282268071251508e+00
9.753308096675789685e+00
1.175121061274254508e+01
1.471809149568863440e+01
1.863296486864107138e+01
2.361163336153599346e+01
2.987193705531496235e+01
3.772806615168606470e+01
4.760216818830377150e+01
1.000000285283631207e+01
8.976897391928199355e+00
9.776545813101432003e+00
1.180032935625958146e+01
1.480457859335314197e+01
1.877218841043506004e+01
2.382434434514919985e+01
3.018610061914010601e+01
3.818130490018248935e+01
4.824508024914777593e+01
1.000000285283631207e+01
8.983514270533914825e+00
9.799806530558166529e+00
1.184954884237396300e+01
1.489135279753321939e+01
1.891206646121442247e+01
2.403836113168035737e+01
3.050265286846344637e+01
3.863865933973752931e+01
4.889478451400112391e+01
1.000000285283631207e+01
8.990132904182615903e+00
9.823090263372058928e+00
1.189886920552046590e+01
1.497841475444030124e+01
1.905260119520022499e+01
2.425368960469887014e+01
3.082160758529658295e+01
3.910015865224100651e+01
4.955133838655366674e+01
1.000000285283631207e+01
8.996753293168698207e+00
9.846397025875532449e+00
1.194829058026621915e+01
1.506576511137587637e+01
1.919379479213136364e+01
2.447033566842210561e+01
3.114297861475379392e+01
3.956583218666314394e+01
5.021479966850552756e+01
1.000000285283631207e+01
9.003375437786470314e+00
9.869726832407565098e+00
1.199781310131078627e+01
1.515340451673361422e+01
1.933564943727588670e+01
2.468830524777403568e+01
3.146677986528906956e+01
4.003570945984549212e+01
5.088522656187380022e+01
1.000000285283631207e+01
9.009999338330342056e+00
9.893079697313805099e+00
1.204743690348620611e+01
1.524133362000064906e+01
1.947816732144224261e+01
2.490760428844397723e+01
3.179302530893203382e+01
4.050982015729669428e+01
5.156267767130996305e+01
1.000000285283631207e+01
9.016624995094838724e+00
9.916455634946300890e+00
1.209716212175720607e+01
1.532955307175874182e+01
1.962135064099031112e+01
2.512823875694534692e+01
3.212172898152679323e+01
4.098819413398782530e+01
5.224721200642982666e+01
1.000000285283631207e+01
9.023252408374405675e+00
9.939854659663616587e+00
1.214698889122129977e+01
1.541806352368601729e+01
1.976520159784290342e+01
2.535021464067492047e+01
3.245290498297016057e+01
4.147086141515529079e+01
5.293888898415469413e+01
1.000000285283631207e+01
9.029881578463545111e+00
9.963276785830977644e+00
1.219691734710869291e+01
1.550686562855837458e+01
1.990972239949663347e+01
2.557353794797139912e+01
3.278656747745085909e+01
4.195785219710393932e+01
5.363776843106165160e+01
1.000000285283631207e+01
9.036512505656808969e+00
9.986722027820016834e+00
1.224694762478277532e+01
1.559596004025100413e+01
2.005491525903367744e+01
2.579821470817544338e+01
3.312273069368938394e+01
4.244919684801313764e+01
5.434391058574873767e+01
1.000000285283631207e+01
9.043145190248834453e+00
1.001019040000900695e+01
1.229707985973958984e+01
1.568534741373951036e+01
2.020078239513284046e+01
2.602425097168852730e+01
3.346140892517961873e+01
4.294492590874831706e+01
5.505737610120824144e+01
1.000000285283631207e+01
9.049779632534248108e+00
1.003368191678268317e+01
1.234731418760869381e+01
1.577502840510194559e+01
2.034732603208063040e+01
2.625165281003249973e+01
3.380261653042877867e+01
4.344507009367341510e+01
5.577822604721365707e+01
1.000000285283631207e+01
9.056415832807683586e+00
1.005719659253233011e+01
1.239765074415274171e+01
1.586500367151979063e+01
2.049454839978311327e+01
2.648042631590985962e+01
3.414636793320107699e+01
4.394966029146778652e+01
5.650652191271622371e+01
1.000000285283631207e+01
9.063053791363843814e+00
1.008073444165592392e+01
1.244808966526773553e+01
1.595527387127962449e+01
2.064245173377678810e+01
2.671057760326246466e+01
3.449267762275956528e+01
4.445872756594559405e+01
5.724232560825521432e+01
1.000000285283631207e+01
9.069693508497531198e+00
1.010429547855776633e+01
1.249863108698308523e+01
1.604583966377448334e+01
2.079103827524004444e+01
2.694211280733264502e+01
3.484156015411132756e+01
4.497230315687860980e+01
5.798569946837822897e+01
1.000000285283631207e+01
9.076334984503501957e+00
1.012787971764887196e+01
1.254927514546184142e+01
1.613670170950547345e+01
2.094031027100518116e+01
2.717503808472264382e+01
3.519303014825020881e+01
4.549041848082316619e+01
5.873670625407326895e+01
1.000000285283631207e+01
9.082978219676546061e+00
1.015148717334676931e+01
1.260002197700064919e+01
1.622786067008331301e+01
2.109026997356858146e+01
2.740935961345485339e+01
3.554710229240319563e+01
4.601310513194835750e+01
5.949540915521215823e+01
1.000000285283631207e+01
9.089623214311572497e+00
1.017511786007547414e+01
1.265087171802992927e+01
1.631931720822943177e+01
2.124091964110327879e+01
2.764508359303227181e+01
3.590379134027596564e+01
4.654039488286896642e+01
6.026187179300743679e+01
1.000000285283631207e+01
9.096269968703403208e+00
1.019877179226571151e+01
1.270182450511396333e+01
1.641107198777776333e+01
2.139226153747007686e+01
2.788221624449926850e+01
3.626311211229899101e+01
4.707231968548119738e+01
6.103615822247906664e+01
1.000000285283631207e+01
9.102918483146998696e+00
1.022244898435459604e+01
1.275288047495104315e+01
1.650312567367619110e+01
2.154429793222834277e+01
2.812076381050205498e+01
3.662507949587658374e+01
4.760891167180206196e+01
6.181833293493353665e+01
1.000000285283631207e+01
9.109568757937340777e+00
1.024614945078595341e+01
1.280403976437331082e+01
1.659547893198791613e+01
2.169703110064868312e+01
2.836073255534876836e+01
3.698970844563343974e+01
4.815020315481102386e+01
6.260846086045379622e+01
1.000000285283631207e+01
9.116220793369480546e+00
1.026987320601005571e+01
1.285530251034738747e+01
1.668813242989291723e+01
2.185046332372331790e+01
2.860212876507169355e+01
3.735701398366435200e+01
4.869622662929591428e+01
6.340660737040503392e+01
1.000000285283631207e+01
9.122874589738332318e+00
1.029362026448385592e+01
1.290666884997392927e+01
1.678108683568969894e+01
2.200459688817849013e+01
2.884495874748737521e+01
3.772701119978423634e+01
4.924701477270104277e+01
6.421283827994653848e+01
1.000000285283631207e+01
9.129530147339057322e+00
1.031739064067073741e+01
1.295813892048805194e+01
1.687434281879625431e+01
2.215943408648509561e+01
2.908922883225814715e+01
3.809971525177763851e+01
4.980260044598026070e+01
6.502721985055899268e+01
1.000000285283631207e+01
9.136187466466784812e+00
1.034118434904072359e+01
1.300971285925932897e+01
1.696790104975222135e+01
2.231497721687136249e+01
2.933494537095310761e+01
3.847514136565085607e+01
5.036301669445168017e+01
6.584981879258533866e+01
1.000000285283631207e+01
9.142846547416651148e+00
1.036500140407054715e+01
1.306139080379195505e+01
1.706176220021981393e+01
2.247122858333325013e+01
2.958211473711049422e+01
3.885330483588326445e+01
5.092829674865630807e+01
6.668070226777761889e+01
1.000000285283631207e+01
9.149507390483810454e+00
1.038884182024331260e+01
1.311317289172466616e+01
1.715592694298556253e+01
2.262819049564685869e+01
2.983074332629802328e+01
3.923422102568083147e+01
5.149847402522004103e+01
6.751993789186394679e+01
1.000000285283631207e+01
9.156169995963525210e+00
1.041270561204878220e+01
1.316505926083113387e+01
1.725039595196175313e+01
2.278586526937971257e+01
3.008083755617569466e+01
3.961790536722897116e+01
5.207358212771948303e+01
6.836759373712052934e+01
1.000000285283631207e+01
9.162834364151111188e+00
1.043659279398330675e+01
1.321705004901988545e+01
1.734516990218775234e+01
2.294425522590253053e+01
3.033240386655707965e+01
4.000437336194693927e+01
5.265365484754945413e+01
6.922373833496006057e+01
1.000000285283631207e+01
9.169500495341752710e+00
1.046050338054984330e+01
1.326914539433430917e+01
1.744024946983192237e+01
2.310336269240070450e+01
3.058544871947182386e+01
4.039364058074330188e+01
5.323872616479604147e+01
7.008844067853159743e+01
1.000000285283631207e+01
9.176168389830866801e+00
1.048443738625785926e+01
1.332134543495309309e+01
1.753563533219255888e+01
2.326319000188601294e+01
3.083997859922722284e+01
4.078572266427105575e+01
5.382883024911118497e+01
7.096177022533056800e+01
1.000000285283631207e+01
9.182838047913790547e+00
1.050839482562351357e+01
1.337365030918991238e+01
1.763132816769994449e+01
2.342373949320838733e+01
3.109600001247118328e+01
4.118063532318482345e+01
5.442400146059117816e+01
7.184379689982377215e+01
1.000000285283631207e+01
9.189509469885969395e+00
1.053237571316950749e+01
1.342606015549390364e+01
1.772732865591736839e+01
2.358501351106759003e+01
3.135351948825421786e+01
4.157839433839845356e+01
5.502427435065985861e+01
7.273459109608602091e+01
1.000000285283631207e+01
9.196182656042859449e+00
1.055638006342507929e+01
1.347857511244947482e+01
1.782363747754310523e+01
2.374701440602489200e+01
3.161254357809246329e+01
4.197901556134183920e+01
5.562968366295221045e+01
7.363422368044791710e+01
1.000000285283631207e+01
9.202857606679881286e+00
1.058040789092605571e+01
1.353119531877658410e+01
1.792025531441113984e+01
2.390974453451490689e+01
3.187307885602960766e+01
4.238251491422144568e+01
5.624026433420502258e+01
7.454276599415779003e+01
1.000000285283631207e+01
9.209534322092695291e+00
1.060445921021510784e+01
1.358392091333087670e+01
1.801718284949360793e+01
2.407320625885730792e+01
3.213513191870094232e+01
4.278890839027890536e+01
5.685605149514747580e+01
7.546028985605428829e+01
1.000000285283631207e+01
9.216212802576736252e+00
1.062853403584118617e+01
1.363675203510356582e+01
1.811442076690159908e+01
2.423740194726835284e+01
3.239870938539540646e+01
4.319821205405202136e+01
5.747708047139727938e+01
7.638686756525316923e+01
1.000000285283631207e+01
9.222893048427650342e+00
1.065263238235998067e+01
1.368968882322185010e+01
1.821196975188707157e+01
2.440233397387303782e+01
3.266381789811886449e+01
4.361044204163584936e+01
5.810338678436040283e+01
7.732257190384684975e+01
1.000000285283631207e+01
9.229575059941073079e+00
1.067675426433380004e+01
1.374273141694847666e+01
1.830983049084408165e+01
2.456800471871691371e+01
3.293046412165853809e+01
4.402561456094493053e+01
5.873500615213237808e+01
7.826747613961347838e+01
1.000000285283631207e+01
9.236258837412648859e+00
1.070089969633155391e+01
1.379587995568287973e+01
1.840800367131032189e+01
2.473441656777768927e+01
3.319865474364461733e+01
4.444374589197572334e+01
5.937197449040457542e+01
7.922165402874313145e+01
1.000000285283631207e+01
9.242944381138142873e+00
1.072506869292874576e+01
1.384913457895989097e+01
1.850648998196899697e+01
2.490157191297725703e+01
3.346839647461526823e+01
4.486485238707058443e+01
6.001432791337354899e+01
8.018517981857327470e+01
1.000000285283631207e+01
9.249631691413316759e+00
1.074926126870749599e+01
1.390249542645099368e+01
1.860529011264971189e+01
2.506947315219320771e+01
3.373969604807987110e+01
4.528895047118177786e+01
6.066210273465427605e+01
8.115812825033843581e+01
1.000000285283631207e+01
9.256320768533841559e+00
1.077347743825645665e+01
1.395596263796393011e+01
1.870440475433068173e+01
2.523812268927131797e+01
3.401256022058328199e+01
4.571605664213737441e+01
6.131533546819484570e+01
8.214057456193270923e+01
1.000000285283631207e+01
9.263011612795668981e+00
1.079771721617113123e+01
1.400953635344284187e+01
1.880383459913938182e+01
2.540752293403712514e+01
3.428699577176852387e+01
4.614618747090651851e+01
6.197406282919833131e+01
8.313259449068436879e+01
1.000000285283631207e+01
9.269704224494592637e+00
1.082198061705334702e+01
1.406321671296841735e+01
1.890358034035500978e+01
2.557767630230777911e+01
3.456300950444336451e+01
4.657935960186653546e+01
6.263832173504417966e+01
8.413426427614393788e+01
1.000000285283631207e+01
9.276398603926502062e+00
1.084626765551169214e+01
1.411700385675791125e+01
1.900364267240929195e+01
2.574858521590418547e+01
3.484060824464176420e+01
4.701558975307064259e+01
6.330814930621514236e+01
8.514566066288521995e+01
1.000000285283631207e+01
9.283094751387414689e+00
1.087057834616144625e+01
1.417089792516560642e+01
1.910402229088838766e+01
2.592025210266270108e+01
3.511979884169094390e+01
4.745489471651573865e+01
6.398358286722909583e+01
8.616686090331893411e+01
1.000000285283631207e+01
9.289792667173205842e+00
1.089491270362442243e+01
1.422489905868220106e+01
1.920471989253412914e+01
2.609267939644754364e+01
3.540058816827405508e+01
4.789729135841236740e+01
6.466465994756943303e+01
8.719794276052063253e+01
1.000000285283631207e+01
9.296492351579848545e+00
1.091927074252908625e+01
1.427900739793561513e+01
1.930573617524579788e+01
2.626586953716241268e+01
3.568298312049625309e+01
4.834279661945406303e+01
6.535141828262609920e+01
8.823898451106740026e+01
1.000000285283631207e+01
9.303193804903525432e+00
1.094365247751054859e+01
1.433322308369088560e+01
1.940707183808158831e+01
2.643982497076262916e+01
3.596699061794851104e+01
4.879142751508823039e+01
6.604389581463338743e+01
8.929006494789561543e+01
1.000000285283631207e+01
9.309897027440264594e+00
1.096805792321042716e+01
1.438754625685014510e+01
1.950872758125990103e+01
2.661454814926734613e+01
3.625261760377367182e+01
4.924320113578868785e+01
6.674213069361621820e+01
9.035126338316274541e+01
1.000000285283631207e+01
9.316602019486188269e+00
1.099248709427720527e+01
1.444197705845261481e+01
1.961070410616116888e+01
2.679004153077138639e+01
3.653987104473073089e+01
4.969813464732601460e+01
6.744616127833543828e+01
9.142265965112906656e+01
1.000000285283631207e+01
9.323308781337432904e+00
1.101694000536580909e+01
1.449651562967523155e+01
1.971300211532908264e+01
2.696630757945722223e+01
3.682875793126083863e+01
5.015624529104280072e+01
6.815602613724280445e+01
9.250433411105009895e+01
1.000000285283631207e+01
9.330017313290198899e+00
1.104141667113789538e+01
1.455116211183195318e+01
1.981562231247260542e+01
2.714334876560761955e+01
3.711928527755222262e+01
5.061755038412658081e+01
6.887176404943303965e+01
9.359636765008173143e+01
1.000000285283631207e+01
9.336727615640727507e+00
1.106591710626170588e+01
1.460591664637489551e+01
1.991856540246695317e+01
2.732116756561707049e+01
3.741146012160643153e+01
5.108206731988472882e+01
6.959341400560333568e+01
9.469884168619996956e+01
1.000000285283631207e+01
9.343439688685307942e+00
1.109044132541220939e+01
1.466077937489325755e+01
2.002183209135540665e+01
2.749976646200461516e+01
3.770528952530327871e+01
5.154981356802022674e+01
7.032101520901477443e+01
9.581183817113262080e+01
1.000000285283631207e+01
9.350153532720186789e+00
1.111498934327095078e+01
1.471575043911440694e+01
2.012542308635071109e+01
2.767914794342511442e+01
3.800078057446781798e+01
5.202080667490817945e+01
7.105460707646027174e+01
9.693543959330665416e+01
1.000000285283631207e+01
9.356869148041790041e+00
1.113956117452611316e+01
1.477082998090365251e+01
2.022933909583687040e+01
2.785931450468257964e+01
3.829794037893525882e+01
5.249506426387348768e+01
7.179422923923115718e+01
9.806972898080697121e+01
1.000000285283631207e+01
9.363586534946460205e+00
1.116415683387264224e+01
1.482601814226408621e+01
2.033358082937039413e+01
2.804026864674108666e+01
3.859677607261808419e+01
5.297260403546745522e+01
7.253992154409203863e+01
9.921478990434820844e+01
1.000000285283631207e+01
9.370305693730580643e+00
1.118877633601199584e+01
1.488131506533679094e+01
2.043814899768192817e+01
2.822201287673823700e+01
3.889729481357174024e+01
5.345344376774825434e+01
7.329172405425644854e+01
1.003707064802641185e+02
1.000000285283631207e+01
9.377026624690621759e+00
1.121341969565228602e+01
1.493672089240149603e+01
2.054304431267802400e+01
2.840454970799656920e+01
3.919950378406160496e+01
5.393760131656009804e+01
7.404967705036730763e+01
1.015375633735040424e+02
1.000000285283631207e+01
9.383749328123203171e+00
1.123808692750846561e+01
1.499223576587583473e+01
2.064826748744208373e+01
2.858788166003579079e+01
3.950341019062956605e+01
5.442509461581337149e+01
7.481382103148115448e+01
1.027154458006496753e+02
1.000000285283631207e+01
9.390473804324674489e+00
1.126277804630197288e+01
1.504785982831606006e+01
2.075381923623667291e+01
2.877201125858573860e+01
3.980902126416057740e+01
5.491594167776685254e+01
7.558419671605534518e+01
1.039044395329406711e+02
1.000000285283631207e+01
9.397200053591713953e+00
1.128749306676093767e+01
1.510359322241701108e+01
2.085970027450442643e+01
2.895694103559797838e+01
4.011634425994959230e+01
5.541016059330878818e+01
7.636084504293866360e+01
1.051046308993165894e+02
1.000000285283631207e+01
9.403928076220866572e+00
1.131223200362019199e+01
1.515943609101191392e+01
2.096591131886989245e+01
2.914267352925837073e+01
4.042538645776929229e+01
5.590776953224123957e+01
7.714380717236801388e+01
1.063161067894719309e+02
1.000000285283631207e+01
9.410657872508831900e+00
1.133699487162119901e+01
1.521538857707285075e+01
2.107245308714108489e+01
2.932921128399961930e+01
4.073615516193600428e+01
5.640878674356247302e+01
7.793312448696561034e+01
1.075389546569234795e+02
1.000000285283631207e+01
9.417389442752254425e+00
1.136178168551214362e+01
1.527145082371082729e+01
2.117932629831082281e+01
2.951655685051318301e+01
4.104865770137907788e+01
5.691323055575274026e+01
7.872883859274058693e+01
1.087732625220947966e+02
1.000000285283631207e+01
9.424122787247835475e+00
1.138659246004782055e+01
1.532762297417578523e+01
2.128653167255881584e+01
2.970471278576185625e+01
4.136290142970624828e+01
5.742111937705979585e+01
7.953099132009631944e+01
1.100191189754119137e+02
1.000000285283631207e+01
9.430857906292372306e+00
1.141142720998978533e+01
1.538390517185639972e+01
2.139406993125232859e+01
2.989368165299235969e+01
4.167889372527272940e+01
5.793247169578411615e+01
8.033962472484044781e+01
1.112766131804131220e+02
1.000000285283631207e+01
9.437594800182692367e+00
1.143628595010613225e+01
1.544029756028092848e+01
2.150194179694848629e+01
3.008346602174746209e+01
4.199664199124879360e+01
5.844730608056735122e+01
8.115478108919666056e+01
1.125458348768742809e+02
1.000000285283631207e+01
9.444333469215520083e+00
1.146116869517177861e+01
1.549680028311675706e+01
2.161014799339560710e+01
3.027406846787862804e+01
4.231615365568730169e+01
5.896564118067973226e+01
8.197650292282304463e+01
1.138268743839469721e+02
1.000000285283631207e+01
9.451073913687823236e+00
1.148607545996821244e+01
1.555341348417047165e+01
2.171868924553467295e+01
3.046549157355802961e+01
4.263743617159259713e+01
5.948749572630937621e+01
8.280483296383319214e+01
1.151198226033109222e+02
1.000000285283631207e+01
9.457816133896425725e+00
1.151100625928364174e+01
1.561013730738828542e+01
2.182756627950097439e+01
3.065773792729160974e+01
4.296049701698817103e+01
6.001288852885141978e+01
8.363981417981956668e+01
1.164247710223415737e+02
1.000000285283631207e+01
9.464560130138298888e+00
1.153596110791298379e+01
1.566697189685592306e+01
2.193677982262558146e+01
3.085081012393122890e+01
4.328534369498493817e+01
6.054183848119843248e+01
8.448148976888360551e+01
1.177418117172901049e+02
1.000000285283631207e+01
9.471305902710462021e+00
1.156094002065786874e+01
1.572391739679880729e+01
2.204633060343700990e+01
3.104471076468727730e+01
4.361198373385071392e+01
6.107436455803247100e+01
8.532990316066600656e+01
1.190710373564776461e+02
1.000000285283631207e+01
9.478053451909854488e+00
1.158594301232652768e+01
1.578097395158218674e+01
2.215621935166257828e+01
3.123944245714080381e+01
4.394042468707836946e+01
6.161048581611752439e+01
8.618509801738493081e+01
1.204125412035070326e+02
1.000000285283631207e+01
9.484802778033651904e+00
1.161097009773393474e+01
1.583814170571122659e+01
2.226644679823045081e+01
3.143500781525699495e+01
4.427067413345440627e+01
6.215022139459201611e+01
8.704711823487419053e+01
1.217664171204840926e+02
1.000000285283631207e+01
9.491553881378809621e+00
1.163602129170174670e+01
1.589542080383085221e+01
2.237701367527055041e+01
3.163140945939677451e+01
4.460273967712863907e+01
6.269359051526171811e+01
8.791600794362754812e+01
1.231327595712562584e+02
1.000000285283631207e+01
9.498306762242474832e+00
1.166109660905837409e+01
1.595281139072648813e+01
2.248792071611657306e+01
3.182865001632962176e+01
4.493662894768291949e+01
6.324061248289726223e+01
8.879181150984564397e+01
1.245116636246671362e+02
1.000000285283631207e+01
9.505061420921967041e+00
1.168619606463887628e+01
1.601031361132335817e+01
2.259916865530751906e+01
3.202673211924682306e+01
4.527234960020097532e+01
6.379130668552686245e+01
8.967457353648782714e+01
1.259032249578191056e+02
1.000000285283631207e+01
9.511817857714348179e+00
1.171131967328493140e+01
1.606792761068722442e+01
2.271075822858895776e+01
3.222565840777316026e+01
4.560990931533743975e+01
6.434569259473519764e+01
9.056433886432603231e+01
1.273075398593600767e+02
1.000000285283631207e+01
9.518576072916815178e+00
1.173646744984506363e+01
1.612565353402439072e+01
2.282269017291509883e+01
3.242543152797983197e+01
4.594931579938764798e+01
6.490378976595960125e+01
9.146115257300608903e+01
1.287247052327733456e+02
1.000000285283631207e+01
9.525336066826792347e+00
1.176163940917448159e+01
1.618349152668143631e+01
2.293496522645005697e+01
3.262605413239790408e+01
4.629057678435731304e+01
6.546561783878784979e+01
9.236505998210748203e+01
1.301548185996926748e+02
1.000000285283631207e+01
9.532097839741492606e+00
1.178683556613501437e+01
1.624144173414571313e+01
2.304758412856899596e+01
3.282752888002995917e+01
4.663370002803293346e+01
6.603119653725822502e+01
9.327610665221241959e+01
1.315979781032253584e+02
1.000000285283631207e+01
9.538861391958315394e+00
1.181205593559524658e+01
1.629950430204531031e+01
2.316054761986075405e+01
3.302985843636319174e+01
4.697869331405120619e+01
6.660054567015907878e+01
9.419433838597535669e+01
1.330542825112916319e+02
1.000000285283631207e+01
9.545626723774635281e+00
1.183730053243049873e+01
1.635767937614906842e+01
2.327385644212849058e+01
3.323304547338219095e+01
4.732556445197023010e+01
6.717368513132920782e+01
9.511980122919703717e+01
1.345238312199803943e+02
1.000000285283631207e+01
9.552393835487883678e+00
1.186256937152282553e+01
1.641596710236679613e+01
2.338751133839185314e+01
3.343709266958152426e+01
4.767432127733847125e+01
6.775063489996065869e+01
9.605254147190315450e+01
1.360067242569164989e+02
1.000000285283631207e+01
9.559162727395499104e+00
1.188786246776097499e+01
1.647436762674962907e+01
2.350151305288802916e+01
3.364200270997876174e+01
4.802497165176726668e+01
6.833141504089942941e+01
9.699260564942625251e+01
1.375030622846478821e+02
1.000000285283631207e+01
9.565933399795019554e+00
1.191317983604031916e+01
1.653288109548942231e+01
2.361586233107377808e+01
3.384777828612697448e+01
4.837752346299972572e+01
6.891604570495066184e+01
9.794004054349383637e+01
1.390129466040393993e+02
1.000000285283631207e+01
9.572705852984023878e+00
1.193852149126306017e+01
1.659150765491969537e+01
2.373055991962670674e+01
3.405442209612749593e+01
4.873198462498242378e+01
6.950454712918262601e+01
9.889489318331396817e+01
1.405364791576909056e+02
1.000000285283631207e+01
9.579480087259966581e+00
1.196388744833820361e+01
1.665024745151501051e+01
2.384560656644733001e+01
3.426193684464320199e+01
4.908836307793693265e+01
7.009693963723138666e+01
9.985721084667420655e+01
1.420737625333638903e+02
1.000000285283631207e+01
9.586256102920598821e+00
1.198927772218130450e+01
1.670910063189174011e+01
2.396100302065986298e+01
3.447032524291114441e+01
4.944666678842973795e+01
7.069324363960556923e+01
1.008270410610353736e+02
1.436248999674259892e+02
1.000000285283631207e+01
9.593033900263465696e+00
1.201469232771472484e+01
1.676806734280757993e+01
2.407675003261458713e+01
3.467959000875485742e+01
4.980690374944478549e+01
7.129347963399604282e+01
1.018044316046372586e+02
1.451899953483067520e+02
1.000000285283631207e+01
9.599813479586332576e+00
1.204013127986762655e+01
1.682714773116229168e+01
2.419284835388920030e+01
3.488973386659796461e+01
5.016908198045414480e+01
7.189766820558148197e+01
1.027894305076003292e+02
1.467691532199744984e+02
1.000000285283631207e+01
9.606594841186893774e+00
1.206559459357568720e+01
1.688634194399686805e+01
2.430929873728977952e+01
3.510075954747679816e+01
5.053320952749028550e+01
7.250583002733914384e+01
1.037820860530389098e+02
1.483624787854246279e+02
1.000000285283631207e+01
9.613377985362923539e+00
1.209108228378161165e+01
1.694565012849482244e+01
2.442610193685373687e+01
3.531266978905330234e+01
5.089929446321711737e+01
7.311798586035095582e+01
1.047824467781721722e+02
1.499700779101815442e+02
1.000000285283631207e+01
9.620162912412220990e+00
1.211659436543467372e+01
1.700507243198124030e+01
2.454325870784988695e+01
3.552546733562807191e+01
5.126734488700301284e+01
7.373415655411804437e+01
1.057905614754444912e+02
1.515920571258191671e+02
1.000000285283631207e+01
9.626949622632613668e+00
1.214213085349090449e+01
1.706460900192349683e+01
2.466076980678128194e+01
3.573915493815275113e+01
5.163736892499162678e+01
7.435436304686858477e+01
1.068064791936456146e+02
1.532285236334928413e+02
1.000000285283631207e+01
9.633738116322005496e+00
1.216769176291308163e+01
1.712425998593127119e+01
2.477863599138587958e+01
3.595373535424445777e+01
5.200937473017543056e+01
7.497862636587281315e+01
1.078302492390359788e+02
1.548795853074939259e+02
1.000000285283631207e+01
9.640528393778257765e+00
1.219327710867074543e+01
1.718402553175640080e+01
2.489685802063879905e+01
3.616921134819700256e+01
5.238337048246694394e+01
7.560696762775332047e+01
1.088619211764780488e+02
1.565453506988070842e+02
1.000000285283631207e+01
9.647320455299382758e+00
1.221888690574021474e+01
1.724390578729354218e+01
2.501543665475358225e+01
3.638558569099507878e+01
5.275936438877282342e+01
7.623940803880125827e+01
1.099015448305691365e+02
1.582259290386994621e+02
1.000000285283631207e+01
9.654114301183360780e+00
1.224452116910446797e+01
1.730390090057937869e+01
2.513437265518405894e+01
3.660286116032649062e+01
5.313736468306475302e+01
7.687596889529048383e+01
1.109491702867777718e+02
1.599214302423061440e+02
1.000000285283631207e+01
9.660909931728140165e+00
1.227017991375329231e+01
1.736401101979364725e+01
2.525366678462553693e+01
3.682104054059664122e+01
5.351737962645383107e+01
7.751667158379285638e+01
1.120048478925890834e+02
1.616319649122509077e+02
1.000000285283631207e+01
9.667707347231942805e+00
1.229586315468327484e+01
1.742423629325873335e+01
2.537331980701683420e+01
3.704012662293973079e+01
5.389941750726300285e+01
7.816153758149511077e+01
1.130686282586474221e+02
1.633576443422647628e+02
1.000000285283631207e+01
9.674506547992756111e+00
1.232157090689773149e+01
1.748457686943983802e+01
2.549333248754152947e+01
3.726012220523315932e+01
5.428348664109994104e+01
7.881058845651716638e+01
1.141405622599079521e+02
1.650985805208334227e+02
1.000000285283631207e+01
9.681307534308650986e+00
1.234730318540662530e+01
1.754503289694539347e+01
2.561370559263007252e+01
3.748103009210989001e+01
5.466959537093149635e+01
7.946384586822985341e+01
1.152207010367909419e+02
1.668548861348512844e+02
1.000000285283631207e+01
9.688110306477977218e+00
1.237306000522685778e+01
1.760560452452652314e+01
2.573443988996054088e+01
3.770285309497287329e+01
5.505775206715575365e+01
8.012133156757349184e+01
1.163090959963373194e+02
1.686266745732959009e+02
1.000000285283631207e+01
9.694914864798866105e+00
1.239884138138196512e+01
1.766629190107785519e+01
2.585553614846121206e+01
3.792559403200599633e+01
5.544796512767764085e+01
8.078306739737962516e+01
1.174057988133760517e+02
1.704140599309194499e+02
1.000000285283631207e+01
9.701721209569539539e+00
1.242464732890232426e+01
1.772709517563716020e+01
2.597699513831192064e+01
3.814925572818971489e+01
5.584024297798001157e+01
8.144907529269151780e+01
1.185108614316836508e+02
1.722171570119454884e+02
1.000000285283631207e+01
9.708529341088370401e+00
1.245047786282506408e+01
1.778801449738587692e+01
2.609881763094488250e+01
3.837384101531252156e+01
5.623459407120073905e+01
8.211937728108598833e+01
1.196243360651605769e+02
1.740360813337985348e+02
1.000000285283631207e+01
9.715339259653612558e+00
1.247633299819407249e+01
1.784905001564858296e+01
2.622100439904753344e+01
3.859935273198452421e+01
5.663102688820423225e+01
8.279399548299646483e+01
1.207462751990035201e+02
1.758709491308330541e+02
1.000000285283631207e+01
9.722150965563601588e+00
1.250221275005994848e+01
1.791020187989387225e+01
2.634355621656294844e+01
3.882579372365147208e+01
5.702954993765823133e+01
8.347295211203729082e+01
1.218767315908812918e+02
1.777218773580900404e+02
1.000000285283631207e+01
9.728964459116808072e+00
1.252811713348025791e+01
1.797147023973376534e+01
2.646647385869265179e+01
3.905316684260696292e+01
5.743017175610577141e+01
8.415626947532788904e+01
1.230157582721233638e+02
1.795889836950602501e+02
1.000000285283631207e+01
9.735779740611672395e+00
1.255404616351912139e+01
1.803285524492432756e+01
2.658975810189750888e+01
3.928147494800661832e+01
5.783290090804095485e+01
8.484396997381837480e+01
1.241634085489036750e+02
1.814723865494714516e+02
1.000000285283631207e+01
9.742596810346652703e+00
1.257999985524756070e+01
1.809435704536544876e+01
2.671340972389911173e+01
3.951072090588080243e+01
5.823774598598495089e+01
8.553607610261730088e+01
1.253197360034285310e+02
1.833722050610847134e+02
1.000000285283631207e+01
9.749415668620244446e+00
1.260597822374337973e+01
1.815597579110122695e+01
2.683742950368207403e+01
3.974090758914751831e+01
5.864471561055827920e+01
8.623261045131734193e+01
1.264847944951386438e+02
1.852885591055126895e+02
1.000000285283631207e+01
9.756236315731003472e+00
1.263198128409116805e+01
1.821771163231980495e+01
2.696181822149564056e+01
3.997203787762767746e+01
5.905381843055901214e+01
8.693359570432552630e+01
1.276586381619048183e+02
1.872215692980504400e+02
1.000000285283631207e+01
9.763058751977521155e+00
1.265800905138222632e+01
1.827956471935364746e+01
2.708657665885443677e+01
4.020411465805582196e+01
5.946506312303529285e+01
8.763905464119068256e+01
1.288413214212285425e+02
1.891713569975193536e+02
1.000000285283631207e+01
9.769882977658456369e+00
1.268406154071468883e+01
1.834153520267954462e+01
2.721170559854110493e+01
4.043714082409551480e+01
5.987845839336178955e+01
8.834901013693681193e+01
1.300328989714583656e+02
1.911380443101367064e+02
1.000000285283631207e+01
9.776708993072482201e+00
1.271013876719357505e+01
1.840362323291892110e+01
2.733720582460748361e+01
4.067111927635183832e+01
6.029401297531677528e+01
8.906348516238929847e+01
1.312334257929920511e+02
1.931217540933909618e+02
1.000000285283631207e+01
9.783536798518223776e+00
1.273624074593063149e+01
1.846582896083775793e+01
2.746307812237614243e+01
4.090605292238488033e+01
6.071173563115492300e+01
8.978250278451216104e+01
1.324429571495008133e+02
1.951226099599387851e+02
1.000000285283631207e+01
9.790366394294482077e+00
1.276236749204426957e+01
1.852815253734652501e+01
2.758932327844258126e+01
4.114194467672352573e+01
6.113163515168611895e+01
9.050608616673798679e+01
1.336615485891445019e+02
1.971407362815175190e+02
1.000000285283631207e+01
9.797197780700058090e+00
1.278851902065994395e+01
1.859059411350088453e+01
2.771594208067581278e+01
4.137879746087872945e+01
6.155372035634943018e+01
9.123425856930256828e+01
1.348892559457991922e+02
1.991762581928743430e+02
1.000000285283631207e+01
9.804030958033655097e+00
1.281469534690968359e+01
1.865315384050122915e+01
2.784293531822110523e+01
4.161661420335705230e+01
6.197800009329061055e+01
9.196704334957979654e+01
1.361261353402852023e+02
2.012293015957080513e+02
1.000000285283631207e+01
9.810865926594223296e+00
1.284089648593251276e+01
1.871583186969285606e+01
2.797030378150113705e+01
4.185539783967367100e+01
6.240448323943729037e+01
9.270446396241922571e+01
1.373722431816000551e+02
2.032999931626331147e+02
1.000000285283631207e+01
9.817702686680608082e+00
1.286712245287407796e+01
1.877862835256659579e+01
2.809804826221749963e+01
4.209515131236671692e+01
6.283317870057771870e+01
9.344654396047879175e+01
1.386276361681551066e+02
2.053884603411573551e+02
1.000000285283631207e+01
9.824541238591773862e+00
1.289337326288708319e+01
1.884154344075802356e+01
2.822616955335249855e+01
4.233587757101015114e+01
6.326409541143424065e+01
9.419330699456536138e+01
1.398923712890210425e+02
2.074948313576696250e+02
1.000000285283631207e+01
9.831381582626704585e+00
1.291964893113074275e+01
1.890457728604858900e+01
2.835466844917097973e+01
4.257757957222803213e+01
6.369724233574387995e+01
9.494477681397455626e+01
1.411665058251681728e+02
2.096192352214597463e+02
