0.0
9.22559901766e-16
4.10385665584e-15
1.88833955375e-16
1.38601482211e-14
7.02825844603e-16
1.29901604382e-15
2.0600067859e-15
5.92689534088e-14
3.39295235325e-16
3.79202817766e-15
3.26531271711e-14
3.47373693309e-15
2.32223353206e-14
3.45758001713e-15
4.14694176509e-16
8.16899242686e-15
1.89497542995e-16
3.10281453476e-14
1.45358387324e-14
5.028840095e-17
1.53325835205e-17
0.0
2.21484389726e-16
0.0
6.73204831995e-17
9.22559901766e-16
0.0
7.71194655327e-16
2.65638706648e-17
9.6751414443e-17
2.19512295571e-16
1.25035521455e-16
9.60966897436e-18
9.5053354255e-16
2.60528109967e-15
8.12780310612e-15
4.68512546796e-15
6.69965528745e-16
3.06411159297e-17
0.0
0.0
2.27507729511e-17
4.47143780848e-19
1.02487119612e-15
3.7065866044e-17
5.68343279341e-18
2.18663394785e-16
7.37787238399e-17
1.77751419829e-15
6.76246133824e-16
8.70430087599e-16
4.10385665584e-15
7.71194655327e-16
0.0
7.31559450841e-16
4.29480202637e-15
7.89877349424e-15
1.59229344485e-14
4.45539197902e-17
5.16029863856e-14
7.16045139486e-17
3.32531362777e-15
7.31320769128e-15
9.38019132726e-16
9.35632315595e-17
8.1151782475e-17
0.0
1.60986700326e-16
8.81985759112e-18
7.94475950431e-15
1.29206367392e-16
4.96457963377e-17
2.06532747716e-17
5.20760101444e-18
3.58022569743e-17
0.0
3.9780285527e-18
1.88833955375e-16
2.65638706648e-17
7.31559450841e-16
0.0
1.44604397913e-15
4.8352937058e-16
3.02457466919e-15
2.47963779785e-17
2.18353987258e-15
2.98352141452e-18
9.18924595673e-18
1.44402436463e-16
0.0
0.0
0.0
0.0
1.5390855297e-17
2.87554635381e-18
3.15059861374e-17
0.0
2.1988552825e-17
0.0
8.52434689864e-19
0.0
0.0
0.0
1.38601482211e-14
9.6751414443e-17
4.29480202637e-15
1.44604397913e-15
0.0
5.17021310972e-16
9.59720808492e-16
3.55631672582e-15
4.28750693401e-14
6.38932586003e-17
1.84188842034e-16
2.47200814309e-15
3.25157933854e-16
1.3571809413e-16
1.77726075647e-16
3.23138319358e-17
3.67709122028e-15
3.96998506639e-17
1.05343092111e-15
1.79880331109e-16
1.09059182783e-17
0.0
0.0
0.0
0.0
6.73204831995e-18
7.02825844603e-16
2.19512295571e-16
7.89877349424e-15
4.8352937058e-16
5.17021310972e-16
0.0
2.25442834138e-14
1.9448139591e-17
5.84611076104e-15
0.0
5.95113071484e-17
1.82034586571e-15
7.00133025275e-17
0.0
0.0
0.0
1.56926367734e-17
0.0
2.8005321011e-16
0.0
5.25099768956e-18
0.0
0.0
0.0
0.0
0.0
1.29901604382e-15
1.25035521455e-16
1.59229344485e-14
3.02457466919e-15
9.59720808492e-16
2.25442834138e-14
0.0
0.0
1.2658405097e-14
1.52756296424e-17
3.69670237345e-16
2.35244696492e-15
2.46796891409e-16
0.0
3.36063852132e-16
0.0
7.53246565123e-17
0.0
7.03633690401e-16
1.40026605055e-17
2.83553875236e-17
0.0
0.0
0.0
0.0
0.0
2.0600067859e-15
9.60966897436e-18
4.45539197902e-17
2.47963779785e-17
3.55631672582e-15
1.9448139591e-17
0.0
0.0
1.08131656126e-15
0.0
6.06781955238e-17
1.40026605055e-16
1.75033256319e-17
2.33377675092e-17
2.21708791337e-16
0.0
2.69832877442e-15
7.11246247898e-17
9.10172932857e-17
4.04521303492e-17
0.0
0.0
0.0
0.0
0.0
0.0
5.92689534088e-14
9.5053354255e-16
5.16029863856e-14
2.18353987258e-15
4.28750693401e-14
5.84611076104e-15
1.2658405097e-14
1.08131656126e-15
0.0
3.9780285527e-16
3.07358398096e-15
3.05958132045e-14
3.77196667367e-15
1.61030595813e-15
1.08520618918e-15
0.0
2.17524088197e-15
1.0535335047e-16
2.51837849191e-14
1.39559849705e-15
4.48085136176e-16
1.5717271996e-17
9.09263669188e-18
3.96742047656e-16
0.0
7.00133025275e-17
3.39295235325e-16
2.60528109967e-15
7.16045139486e-17
2.98352141452e-18
6.38932586003e-17
0.0
1.52756296424e-17
0.0
3.9780285527e-16
0.0
2.44410074278e-16
9.92915926753e-16
1.09793588054e-16
0.0
0.0
0.0
0.0
0.0
1.27933398255e-16
0.0
0.0
5.01718703177e-15
1.20270785334e-16
1.42572543329e-15
3.11877438532e-15
4.05758912375e-17
3.79202817766e-15
8.12780310612e-15
3.32531362777e-15
9.18924595673e-18
1.84188842034e-16
5.95113071484e-17
3.69670237345e-16
6.06781955238e-17
3.07358398096e-15
2.44410074278e-16
0.0
1.44444444444e-13
3.40737240076e-14
8.4015963033e-17
0.0
0.0
9.27072695536e-17
1.20022804333e-18
2.31117412308e-14
1.07820485892e-16
6.82629699643e-18
7.54429055806e-17
0.0
3.20310859063e-16
5.6010642022e-16
5.63607085346e-16
3.26531271711e-14
4.68512546796e-15
7.31320769128e-15
1.44402436463e-16
2.47200814309e-15
1.82034586571e-15
2.35244696492e-15
1.40026605055e-16
3.05958132045e-14
9.92915926753e-16
1.44444444444e-13
0.0
1.58708779668e-12
3.65469439193e-15
1.26023944549e-15
0.0
1.10814158138e-15
1.00019003611e-17
1.13726107961e-13
9.38178253868e-16
0.0
7.11563768545e-16
0.0
1.06770286354e-15
0.0
9.66183574879e-15
3.47373693309e-15
6.69965528745e-16
9.38019132726e-16
0.0
3.25157933854e-16
7.00133025275e-17
2.46796891409e-16
1.75033256319e-17
3.77196667367e-15
1.09793588054e-16
3.40737240076e-14
1.58708779668e-12
0.0
1.41776937618e-16
1.57529930687e-16
0.0
2.10945252012e-16
5.75109270761e-18
1.70434257509e-14
1.62780928376e-16
0.0
8.03724136157e-17
2.04584325567e-18
6.12616397115e-17
0.0
1.08520618918e-15
2.32223353206e-14
3.06411159297e-17
9.35632315595e-17
0.0
1.3571809413e-16
0.0
0.0
2.33377675092e-17
1.61030595813e-15
0.0
8.4015963033e-17
3.65469439193e-15
1.41776937618e-16
0.0
5.25099768956e-16
0.0
4.43256632553e-16
2.40045608666e-18
8.10754043268e-16
9.53021074004e-15
0.0
0.0
0.0
0.0
0.0
0.0
3.45758001713e-15
0.0
8.1151782475e-17
0.0
1.77726075647e-16
0.0
3.36063852132e-16
2.21708791337e-16
1.08520618918e-15
0.0
0.0
1.26023944549e-15
1.57529930687e-16
5.25099768956e-16
0.0
6.02814534762e-14
6.56483352527e-14
4.00076014443e-17
2.15290905272e-16
1.07120352867e-14
0.0
0.0
0.0
0.0
0.0
0.0
4.14694176509e-16
0.0
0.0
0.0
3.23138319358e-17
0.0
0.0
0.0
0.0
0.0
0.0
0.0
0.0
0.0
6.02814534762e-14
0.0
5.86180339782e-15
1.13354870759e-17
2.10039907582e-17
5.04095778198e-16
0.0
0.0
0.0
0.0
0.0
0.0
8.16899242686e-15
2.27507729511e-17
1.60986700326e-16
1.5390855297e-17
3.67709122028e-15
1.56926367734e-17
7.53246565123e-17
2.69832877442e-15
2.17524088197e-15
0.0
9.27072695536e-17
1.10814158138e-15
2.10945252012e-16
4.43256632553e-16
6.56483352527e-14
5.86180339782e-15
0.0
4.6726119342e-16
3.96178722233e-16
1.50934194738e-14
1.62961997262e-18
0.0
4.70308794408e-19
0.0
0.0
0.0
1.89497542995e-16
4.47143780848e-19
8.81985759112e-18
2.87554635381e-18
3.96998506639e-17
0.0
0.0
7.11246247898e-17
1.0535335047e-16
0.0
1.20022804333e-18
1.00019003611e-17
5.75109270761e-18
2.40045608666e-18
4.00076014443e-17
1.13354870759e-17
4.6726119342e-16
0.0
1.37026034947e-17
1.34692258196e-17
1.23223412448e-16
0.0
0.0
0.0
0.0
0.0
3.10281453476e-14
1.02487119612e-15
7.94475950431e-15
3.15059861374e-17
1.05343092111e-15
2.8005321011e-16
7.03633690401e-16
9.10172932857e-17
2.51837849191e-14
1.27933398255e-16
2.31117412308e-14
1.13726107961e-13
1.70434257509e-14
8.10754043268e-16
2.15290905272e-16
2.10039907582e-17
3.96178722233e-16
1.37026034947e-17
0.0
4.88692851642e-16
7.87649653434e-18
7.60858848896e-17
6.81947751891e-19
5.77609745852e-17
0.0
2.27543233214e-17
1.45358387324e-14
3.7065866044e-17
1.29206367392e-16
0.0
1.79880331109e-16
0.0
1.40026605055e-17
4.04521303492e-17
1.39559849705e-15
0.0
1.07820485892e-16
9.38178253868e-16
1.62780928376e-16
9.53021074004e-15
1.07120352867e-14
5.04095778198e-16
1.50934194738e-14
1.34692258196e-17
4.88692851642e-16
0.0
0.0
0.0
0.0
0.0
0.0
0.0
5.028840095e-17
5.68343279341e-18
4.96457963377e-17
2.1988552825e-17
1.09059182783e-17
5.25099768956e-18
2.83553875236e-17
0.0
4.48085136176e-16
0.0
6.82629699643e-18
0.0
0.0
0.0
0.0
0.0
1.62961997262e-18
1.23223412448e-16
7.87649653434e-18
0.0
0.0
0.0
1.56847982935e-18
0.0
0.0
0.0
1.53325835205e-17
2.18663394785e-16
2.06532747716e-17
0.0
0.0
0.0
0.0
0.0
1.5717271996e-17
5.01718703177e-15
7.54429055806e-17
7.11563768545e-16
8.03724136157e-17
0.0
0.0
0.0
0.0
0.0
7.60858848896e-17
0.0
0.0
0.0
8.06312754154e-16
2.49440250791e-15
4.55357946581e-14
8.71594174322e-17
0.0
7.37787238399e-17
5.20760101444e-18
8.52434689864e-19
0.0
0.0
0.0
0.0
9.09263669188e-18
1.20270785334e-16
0.0
0.0
2.04584325567e-18
0.0
0.0
0.0
4.70308794408e-19
0.0
6.81947751891e-19
0.0
1.56847982935e-18
8.06312754154e-16
0.0
4.61451312113e-17
1.76488078189e-15
0.0
2.21484389726e-16
1.77751419829e-15
3.58022569743e-17
0.0
0.0
0.0
0.0
0.0
3.96742047656e-16
1.42572543329e-15
3.20310859063e-16
1.06770286354e-15
6.12616397115e-17
0.0
0.0
0.0
0.0
0.0
5.77609745852e-17
0.0
0.0
2.49440250791e-15
4.61451312113e-17
0.0
4.55086466429e-15
1.86993862167e-15
0.0
6.76246133824e-16
0.0
0.0
0.0
0.0
0.0
0.0
0.0
3.11877438532e-15
5.6010642022e-16
0.0
0.0
0.0
0.0
0.0
0.0
0.0
0.0
0.0
0.0
4.55357946581e-14
1.76488078189e-15
4.55086466429e-15
0.0
0.0
6.73204831995e-17
8.70430087599e-16
3.9780285527e-18
0.0
6.73204831995e-18
0.0
0.0
0.0
7.00133025275e-17
4.05758912375e-17
5.63607085346e-16
9.66183574879e-15
1.08520618918e-15
0.0
0.0
0.0
0.0
0.0
2.27543233214e-17
0.0
0.0
8.71594174322e-17
0.0
1.86993862167e-15
0.0
0.0
