9707.0
11176.0
374.0
22304.0
522.0
804.0
2295.0
22010.0
924.0
4694.0
4042.0
3440.0
14373.0
856.0
154.0
29325.0
2463.0
76817.0
26990.0
249.0
93.0
0.0
329.0
0.0
100.0
6866.0
172.0
509.0
533.0
253.0
35.0
1154.0
23195.0
32892.0
1896.0
2169.0
62.0
0.0
0.0
267.0
19.0
8295.0
225.0
92.0
4336.0
2299.0
8632.0
821.0
4227.0
1226.0
5848.0
4964.0
8339.0
42.0
16215.0
165.0
3483.0
766.0
786.0
49.0
17.0
0.0
489.0
97.0
16643.0
203.0
208.0
106.0
42.0
45.0
0.0
5.0
1432.0
221.0
1152.0
17.0
499.0
5.0
7.0
11.0
0.0
0.0
0.0
0.0
34.0
23.0
48.0
0.0
67.0
0.0
5.0
0.0
0.0
0.0
192.0
297.0
1981.0
7961.0
87.0
114.0
153.0
161.0
42.0
22.0
6.0
6600.0
258.0
1304.0
167.0
27.0
0.0
0.0
0.0
0.0
5.0
3220.0
5.0
501.0
0.0
17.0
52.0
16.0
0.0
0.0
0.0
13.0
0.0
160.0
0.0
6.0
0.0
0.0
0.0
0.0
0.0
0.0
904.0
8.0
88.0
56.0
47.0
0.0
16.0
0.0
52.0
0.0
335.0
5.0
27.0
0.0
0.0
0.0
0.0
0.0
139.0
0.0
26.0
6.0
6.0
5.0
19.0
0.0
3353.0
320.0
78.0
26.0
0.0
0.0
0.0
0.0
0.0
0.0
125.0
439.0
437.0
431.0
115.0
31.0
0.0
901.0
158.0
7194.0
299.0
256.0
11.0
10.0
68.0
0.0
12.0
256.0
104.0
92.0
0.0
0.0
0.0
0.0
0.0
268.0
0.0
0.0
25750.0
970.0
1792.0
980.0
51.0
6877.0
12978.0
20.0
0.0
0.0
128.0
6.0
22007.0
77.0
13.0
176.0
0.0
183.0
80.0
322.0
60449.0
87.0
12.0
0.0
153.0
5.0
10829.0
67.0
0.0
166.0
0.0
61.0
0.0
552.0
27.0
12.0
0.0
233.0
23.0
12983.0
93.0
0.0
150.0
6.0
28.0
0.0
496.0
25.0
0.0
306.0
6.0
386.0
3403.0
0.0
0.0
0.0
0.0
0.0
0.0
1722.0
18128.0
40.0
41.0
1530.0
0.0
0.0
0.0
0.0
0.0
0.0
2428.0
17.0
6.0
108.0
0.0
0.0
0.0
0.0
0.0
0.0
6774.0
1094.0
31259.0
9.0
0.0
5.0
0.0
0.0
0.0
137.0
101.0
2464.0
0.0
0.0
0.0
0.0
0.0
698.0
30.0
355.0
5.0
66.0
0.0
26.0
0.0
0.0
0.0
0.0
0.0
0.0
0.0
23.0
0.0
0.0
0.0
14484.0
6983.0
31869.0
244.0
203.0
1941.0
0.0
780.0
1282.0
0.0
