2
3
4
5
6
7
8
9
10
11
12
13
14
15
16
17
18
19
20
21
22
23
24
25
26
3
4
5
6
7
8
9
10
11
12
13
14
15
16
17
18
19
20
21
22
23
24
25
26
4
5
6
7
8
9
10
11
12
13
14
15
16
17
18
19
20
21
22
23
24
25
26
5
6
7
8
9
10
11
12
13
14
15
16
17
18
19
20
21
22
23
24
25
26
6
7
8
9
10
11
12
13
14
15
16
17
18
19
20
21
22
23
24
25
26
7
8
9
10
11
12
13
14
15
16
17
18
19
20
21
22
23
24
25
26
8
9
10
11
12
13
14
15
16
17
18
19
20
21
22
23
24
25
26
9
10
11
12
13
14
15
16
17
18
19
20
21
22
23
24
25
26
10
11
12
13
14
15
16
17
18
19
20
21
22
23
24
25
26
11
12
13
14
15
16
17
18
19
20
21
22
23
24
25
26
12
13
14
15
16
17
18
19
20
21
22
23
24
25
26
13
14
15
16
17
18
19
20
21
22
23
24
25
26
14
15
16
17
18
19
20
21
22
23
24
25
26
15
16
17
18
19
20
21
22
23
24
25
26
16
17
18
19
20
21
22
23
24
25
26
17
18
19
20
21
22
23
24
25
26
18
19
20
21
22
23
24
25
26
19
20
21
22
23
24
25
26
20
21
22
23
24
25
26
21
22
23
24
25
26
22
23
24
25
26
23
24
25
26
24
25
26
25
26
26
