[1, 2, 9707.0]
[1, 3, 11176.0]
[1, 4, 374.0]
[1, 5, 22304.0]
[1, 6, 522.0]
[1, 7, 804.0]
[1, 8, 2295.0]
[1, 9, 22010.0]
[1, 10, 924.0]
[1, 11, 4694.0]
[1, 12, 4042.0]
[1, 13, 3440.0]
[1, 14, 14373.0]
[1, 15, 856.0]
[1, 16, 154.0]
[1, 17, 29325.0]
[1, 18, 2463.0]
[1, 19, 76817.0]
[1, 20, 26990.0]
[1, 21, 249.0]
[1, 22, 93.0]
[1, 23, 0.0]
[1, 24, 329.0]
[1, 25, 0.0]
[1, 26, 100.0]
[2, 3, 6866.0]
[2, 4, 172.0]
[2, 5, 509.0]
[2, 6, 533.0]
[2, 7, 253.0]
[2, 8, 35.0]
[2, 9, 1154.0]
[2, 10, 23195.0]
[2, 11, 32892.0]
[2, 12, 1896.0]
[2, 13, 2169.0]
[2, 14, 62.0]
[2, 15, 0.0]
[2, 16, 0.0]
[2, 17, 267.0]
[2, 18, 19.0]
[2, 19, 8295.0]
[2, 20, 225.0]
[2, 21, 92.0]
[2, 22, 4336.0]
[2, 23, 2299.0]
[2, 24, 8632.0]
[2, 25, 821.0]
[2, 26, 4227.0]
[3, 4, 1226.0]
[3, 5, 5848.0]
[3, 6, 4964.0]
[3, 7, 8339.0]
[3, 8, 42.0]
[3, 9, 16215.0]
[3, 10, 165.0]
[3, 11, 3483.0]
[3, 12, 766.0]
[3, 13, 786.0]
[3, 14, 49.0]
[3, 15, 17.0]
[3, 16, 0.0]
[3, 17, 489.0]
[3, 18, 97.0]
[3, 19, 16643.0]
[3, 20, 203.0]
[3, 21, 208.0]
[3, 22, 106.0]
[3, 23, 42.0]
[3, 24, 45.0]
[3, 25, 0.0]
[3, 26, 5.0]
[4, 5, 1432.0]
[4, 6, 221.0]
[4, 7, 1152.0]
[4, 8, 17.0]
[4, 9, 499.0]
[4, 10, 5.0]
[4, 11, 7.0]
[4, 12, 11.0]
[4, 13, 0.0]
[4, 14, 0.0]
[4, 15, 0.0]
[4, 16, 0.0]
[4, 17, 34.0]
[4, 18, 23.0]
[4, 19, 48.0]
[4, 20, 0.0]
[4, 21, 67.0]
[4, 22, 0.0]
[4, 23, 5.0]
[4, 24, 0.0]
[4, 25, 0.0]
[4, 26, 0.0]
[5, 6, 192.0]
[5, 7, 297.0]
[5, 8, 1981.0]
[5, 9, 7961.0]
[5, 10, 87.0]
[5, 11, 114.0]
[5, 12, 153.0]
[5, 13, 161.0]
[5, 14, 42.0]
[5, 15, 22.0]
[5, 16, 6.0]
[5, 17, 6600.0]
[5, 18, 258.0]
[5, 19, 1304.0]
[5, 20, 167.0]
[5, 21, 27.0]
[5, 22, 0.0]
[5, 23, 0.0]
[5, 24, 0.0]
[5, 25, 0.0]
[5, 26, 5.0]
[6, 7, 3220.0]
[6, 8, 5.0]
[6, 9, 501.0]
[6, 10, 0.0]
[6, 11, 17.0]
[6, 12, 52.0]
[6, 13, 16.0]
[6, 14, 0.0]
[6, 15, 0.0]
[6, 16, 0.0]
[6, 17, 13.0]
[6, 18, 0.0]
[6, 19, 160.0]
[6, 20, 0.0]
[6, 21, 6.0]
[6, 22, 0.0]
[6, 23, 0.0]
[6, 24, 0.0]
[6, 25, 0.0]
[6, 26, 0.0]
[7, 8, 0.0]
[7, 9, 904.0]
[7, 10, 8.0]
[7, 11, 88.0]
[7, 12, 56.0]
[7, 13, 47.0]
[7, 14, 0.0]
[7, 15, 16.0]
[7, 16, 0.0]
[7, 17, 52.0]
[7, 18, 0.0]
[7, 19, 335.0]
[7, 20, 5.0]
[7, 21, 27.0]
[7, 22, 0.0]
[7, 23, 0.0]
[7, 24, 0.0]
[7, 25, 0.0]
[7, 26, 0.0]
[8, 9, 139.0]
[8, 10, 0.0]
[8, 11, 26.0]
[8, 12, 6.0]
[8, 13, 6.0]
[8, 14, 5.0]
[8, 15, 19.0]
[8, 16, 0.0]
[8, 17, 3353.0]
[8, 18, 320.0]
[8, 19, 78.0]
[8, 20, 26.0]
[8, 21, 0.0]
[8, 22, 0.0]
[8, 23, 0.0]
[8, 24, 0.0]
[8, 25, 0.0]
[8, 26, 0.0]
[9, 10, 125.0]
[9, 11, 439.0]
[9, 12, 437.0]
[9, 13, 431.0]
[9, 14, 115.0]
[9, 15, 31.0]
[9, 16, 0.0]
[9, 17, 901.0]
[9, 18, 158.0]
[9, 19, 7194.0]
[9, 20, 299.0]
[9, 21, 256.0]
[9, 22, 11.0]
[9, 23, 10.0]
[9, 24, 68.0]
[9, 25, 0.0]
[9, 26, 12.0]
[10, 11, 256.0]
[10, 12, 104.0]
[10, 13, 92.0]
[10, 14, 0.0]
[10, 15, 0.0]
[10, 16, 0.0]
[10, 17, 0.0]
[10, 18, 0.0]
[10, 19, 268.0]
[10, 20, 0.0]
[10, 21, 0.0]
[10, 22, 25750.0]
[10, 23, 970.0]
[10, 24, 1792.0]
[10, 25, 980.0]
[10, 26, 51.0]
[11, 12, 6877.0]
[11, 13, 12978.0]
[11, 14, 20.0]
[11, 15, 0.0]
[11, 16, 0.0]
[11, 17, 128.0]
[11, 18, 6.0]
[11, 19, 22007.0]
[11, 20, 77.0]
[11, 21, 13.0]
[11, 22, 176.0]
[11, 23, 0.0]
[11, 24, 183.0]
[11, 25, 80.0]
[11, 26, 322.0]
[12, 13, 60449.0]
[12, 14, 87.0]
[12, 15, 12.0]
[12, 16, 0.0]
[12, 17, 153.0]
[12, 18, 5.0]
[12, 19, 10829.0]
[12, 20, 67.0]
[12, 21, 0.0]
[12, 22, 166.0]
[12, 23, 0.0]
[12, 24, 61.0]
[12, 25, 0.0]
[12, 26, 552.0]
[13, 14, 27.0]
[13, 15, 12.0]
[13, 16, 0.0]
[13, 17, 233.0]
[13, 18, 23.0]
[13, 19, 12983.0]
[13, 20, 93.0]
[13, 21, 0.0]
[13, 22, 150.0]
[13, 23, 6.0]
[13, 24, 28.0]
[13, 25, 0.0]
[13, 26, 496.0]
[14, 15, 25.0]
[14, 16, 0.0]
[14, 17, 306.0]
[14, 18, 6.0]
[14, 19, 386.0]
[14, 20, 3403.0]
[14, 21, 0.0]
[14, 22, 0.0]
[14, 23, 0.0]
[14, 24, 0.0]
[14, 25, 0.0]
[14, 26, 0.0]
[15, 16, 1722.0]
[15, 17, 18128.0]
[15, 18, 40.0]
[15, 19, 41.0]
[15, 20, 1530.0]
[15, 21, 0.0]
[15, 22, 0.0]
[15, 23, 0.0]
[15, 24, 0.0]
[15, 25, 0.0]
[15, 26, 0.0]
[16, 17, 2428.0]
[16, 18, 17.0]
[16, 19, 6.0]
[16, 20, 108.0]
[16, 21, 0.0]
[16, 22, 0.0]
[16, 23, 0.0]
[16, 24, 0.0]
[16, 25, 0.0]
[16, 26, 0.0]
[17, 18, 6774.0]
[17, 19, 1094.0]
[17, 20, 31259.0]
[17, 21, 9.0]
[17, 22, 0.0]
[17, 23, 5.0]
[17, 24, 0.0]
[17, 25, 0.0]
[17, 26, 0.0]
[18, 19, 137.0]
[18, 20, 101.0]
[18, 21, 2464.0]
[18, 22, 0.0]
[18, 23, 0.0]
[18, 24, 0.0]
[18, 25, 0.0]
[18, 26, 0.0]
[19, 20, 698.0]
[19, 21, 30.0]
[19, 22, 355.0]
[19, 23, 5.0]
[19, 24, 66.0]
[19, 25, 0.0]
[19, 26, 26.0]
[20, 21, 0.0]
[20, 22, 0.0]
[20, 23, 0.0]
[20, 24, 0.0]
[20, 25, 0.0]
[20, 26, 0.0]
[21, 22, 0.0]
[21, 23, 23.0]
[21, 24, 0.0]
[21, 25, 0.0]
[21, 26, 0.0]
[22, 23, 14484.0]
[22, 24, 6983.0]
[22, 25, 31869.0]
[22, 26, 244.0]
[23, 24, 203.0]
[23, 25, 1941.0]
[23, 26, 0.0]
[24, 25, 780.0]
[24, 26, 1282.0]
[25, 26, 0.0]
