[1, 2, 9707.0]
[2, 1, 9707.0]
[1, 3, 11176.0]
[3, 1, 11176.0]
[1, 4, 374.0]
[4, 1, 374.0]
[1, 5, 22304.0]
[5, 1, 22304.0]
[1, 6, 522.0]
[6, 1, 522.0]
[1, 7, 804.0]
[7, 1, 804.0]
[1, 8, 2295.0]
[8, 1, 2295.0]
[1, 9, 22010.0]
[9, 1, 22010.0]
[1, 10, 924.0]
[10, 1, 924.0]
[1, 11, 4694.0]
[11, 1, 4694.0]
[1, 12, 4042.0]
[12, 1, 4042.0]
[1, 13, 3440.0]
[13, 1, 3440.0]
[1, 14, 14373.0]
[14, 1, 14373.0]
[1, 15, 856.0]
[15, 1, 856.0]
[1, 16, 154.0]
[16, 1, 154.0]
[1, 17, 29325.0]
[17, 1, 29325.0]
[1, 18, 2463.0]
[18, 1, 2463.0]
[1, 19, 76817.0]
[19, 1, 76817.0]
[1, 20, 26990.0]
[20, 1, 26990.0]
[1, 21, 249.0]
[21, 1, 249.0]
[1, 22, 93.0]
[22, 1, 93.0]
[1, 23, 0.0]
[23, 1, 0.0]
[1, 24, 329.0]
[24, 1, 329.0]
[1, 25, 0.0]
[25, 1, 0.0]
[1, 26, 100.0]
[26, 1, 100.0]
[2, 1, 9707.0]
[1, 2, 9707.0]
[2, 3, 6866.0]
[3, 2, 6866.0]
[2, 4, 172.0]
[4, 2, 172.0]
[2, 5, 509.0]
[5, 2, 509.0]
[2, 6, 533.0]
[6, 2, 533.0]
[2, 7, 253.0]
[7, 2, 253.0]
[2, 8, 35.0]
[8, 2, 35.0]
[2, 9, 1154.0]
[9, 2, 1154.0]
[2, 10, 23195.0]
[10, 2, 23195.0]
[2, 11, 32892.0]
[11, 2, 32892.0]
[2, 12, 1896.0]
[12, 2, 1896.0]
[2, 13, 2169.0]
[13, 2, 2169.0]
[2, 14, 62.0]
[14, 2, 62.0]
[2, 15, 0.0]
[15, 2, 0.0]
[2, 16, 0.0]
[16, 2, 0.0]
[2, 17, 267.0]
[17, 2, 267.0]
[2, 18, 19.0]
[18, 2, 19.0]
[2, 19, 8295.0]
[19, 2, 8295.0]
[2, 20, 225.0]
[20, 2, 225.0]
[2, 21, 92.0]
[21, 2, 92.0]
[2, 22, 4336.0]
[22, 2, 4336.0]
[2, 23, 2299.0]
[23, 2, 2299.0]
[2, 24, 8632.0]
[24, 2, 8632.0]
[2, 25, 821.0]
[25, 2, 821.0]
[2, 26, 4227.0]
[26, 2, 4227.0]
[3, 1, 11176.0]
[1, 3, 11176.0]
[3, 2, 6866.0]
[2, 3, 6866.0]
[3, 4, 1226.0]
[4, 3, 1226.0]
[3, 5, 5848.0]
[5, 3, 5848.0]
[3, 6, 4964.0]
[6, 3, 4964.0]
[3, 7, 8339.0]
[7, 3, 8339.0]
[3, 8, 42.0]
[8, 3, 42.0]
[3, 9, 16215.0]
[9, 3, 16215.0]
[3, 10, 165.0]
[10, 3, 165.0]
[3, 11, 3483.0]
[11, 3, 3483.0]
[3, 12, 766.0]
[12, 3, 766.0]
[3, 13, 786.0]
[13, 3, 786.0]
[3, 14, 49.0]
[14, 3, 49.0]
[3, 15, 17.0]
[15, 3, 17.0]
[3, 16, 0.0]
[16, 3, 0.0]
[3, 17, 489.0]
[17, 3, 489.0]
[3, 18, 97.0]
[18, 3, 97.0]
[3, 19, 16643.0]
[19, 3, 16643.0]
[3, 20, 203.0]
[20, 3, 203.0]
[3, 21, 208.0]
[21, 3, 208.0]
[3, 22, 106.0]
[22, 3, 106.0]
[3, 23, 42.0]
[23, 3, 42.0]
[3, 24, 45.0]
[24, 3, 45.0]
[3, 25, 0.0]
[25, 3, 0.0]
[3, 26, 5.0]
[26, 3, 5.0]
[4, 1, 374.0]
[1, 4, 374.0]
[4, 2, 172.0]
[2, 4, 172.0]
[4, 3, 1226.0]
[3, 4, 1226.0]
[4, 5, 1432.0]
[5, 4, 1432.0]
[4, 6, 221.0]
[6, 4, 221.0]
[4, 7, 1152.0]
[7, 4, 1152.0]
[4, 8, 17.0]
[8, 4, 17.0]
[4, 9, 499.0]
[9, 4, 499.0]
[4, 10, 5.0]
[10, 4, 5.0]
[4, 11, 7.0]
[11, 4, 7.0]
[4, 12, 11.0]
[12, 4, 11.0]
[4, 13, 0.0]
[13, 4, 0.0]
[4, 14, 0.0]
[14, 4, 0.0]
[4, 15, 0.0]
[15, 4, 0.0]
[4, 16, 0.0]
[16, 4, 0.0]
[4, 17, 34.0]
[17, 4, 34.0]
[4, 18, 23.0]
[18, 4, 23.0]
[4, 19, 48.0]
[19, 4, 48.0]
[4, 20, 0.0]
[20, 4, 0.0]
[4, 21, 67.0]
[21, 4, 67.0]
[4, 22, 0.0]
[22, 4, 0.0]
[4, 23, 5.0]
[23, 4, 5.0]
[4, 24, 0.0]
[24, 4, 0.0]
[4, 25, 0.0]
[25, 4, 0.0]
[4, 26, 0.0]
[26, 4, 0.0]
[5, 1, 22304.0]
[1, 5, 22304.0]
[5, 2, 509.0]
[2, 5, 509.0]
[5, 3, 5848.0]
[3, 5, 5848.0]
[5, 4, 1432.0]
[4, 5, 1432.0]
[5, 6, 192.0]
[6, 5, 192.0]
[5, 7, 297.0]
[7, 5, 297.0]
[5, 8, 1981.0]
[8, 5, 1981.0]
[5, 9, 7961.0]
[9, 5, 7961.0]
[5, 10, 87.0]
[10, 5, 87.0]
[5, 11, 114.0]
[11, 5, 114.0]
[5, 12, 153.0]
[12, 5, 153.0]
[5, 13, 161.0]
[13, 5, 161.0]
[5, 14, 42.0]
[14, 5, 42.0]
[5, 15, 22.0]
[15, 5, 22.0]
[5, 16, 6.0]
[16, 5, 6.0]
[5, 17, 6600.0]
[17, 5, 6600.0]
[5, 18, 258.0]
[18, 5, 258.0]
[5, 19, 1304.0]
[19, 5, 1304.0]
[5, 20, 167.0]
[20, 5, 167.0]
[5, 21, 27.0]
[21, 5, 27.0]
[5, 22, 0.0]
[22, 5, 0.0]
[5, 23, 0.0]
[23, 5, 0.0]
[5, 24, 0.0]
[24, 5, 0.0]
[5, 25, 0.0]
[25, 5, 0.0]
[5, 26, 5.0]
[26, 5, 5.0]
[6, 1, 522.0]
[1, 6, 522.0]
[6, 2, 533.0]
[2, 6, 533.0]
[6, 3, 4964.0]
[3, 6, 4964.0]
[6, 4, 221.0]
[4, 6, 221.0]
[6, 5, 192.0]
[5, 6, 192.0]
[6, 7, 3220.0]
[7, 6, 3220.0]
[6, 8, 5.0]
[8, 6, 5.0]
[6, 9, 501.0]
[9, 6, 501.0]
[6, 10, 0.0]
[10, 6, 0.0]
[6, 11, 17.0]
[11, 6, 17.0]
[6, 12, 52.0]
[12, 6, 52.0]
[6, 13, 16.0]
[13, 6, 16.0]
[6, 14, 0.0]
[14, 6, 0.0]
[6, 15, 0.0]
[15, 6, 0.0]
[6, 16, 0.0]
[16, 6, 0.0]
[6, 17, 13.0]
[17, 6, 13.0]
[6, 18, 0.0]
[18, 6, 0.0]
[6, 19, 160.0]
[19, 6, 160.0]
[6, 20, 0.0]
[20, 6, 0.0]
[6, 21, 6.0]
[21, 6, 6.0]
[6, 22, 0.0]
[22, 6, 0.0]
[6, 23, 0.0]
[23, 6, 0.0]
[6, 24, 0.0]
[24, 6, 0.0]
[6, 25, 0.0]
[25, 6, 0.0]
[6, 26, 0.0]
[26, 6, 0.0]
[7, 1, 804.0]
[1, 7, 804.0]
[7, 2, 253.0]
[2, 7, 253.0]
[7, 3, 8339.0]
[3, 7, 8339.0]
[7, 4, 1152.0]
[4, 7, 1152.0]
[7, 5, 297.0]
[5, 7, 297.0]
[7, 6, 3220.0]
[6, 7, 3220.0]
[7, 8, 0.0]
[8, 7, 0.0]
[7, 9, 904.0]
[9, 7, 904.0]
[7, 10, 8.0]
[10, 7, 8.0]
[7, 11, 88.0]
[11, 7, 88.0]
[7, 12, 56.0]
[12, 7, 56.0]
[7, 13, 47.0]
[13, 7, 47.0]
[7, 14, 0.0]
[14, 7, 0.0]
[7, 15, 16.0]
[15, 7, 16.0]
[7, 16, 0.0]
[16, 7, 0.0]
[7, 17, 52.0]
[17, 7, 52.0]
[7, 18, 0.0]
[18, 7, 0.0]
[7, 19, 335.0]
[19, 7, 335.0]
[7, 20, 5.0]
[20, 7, 5.0]
[7, 21, 27.0]
[21, 7, 27.0]
[7, 22, 0.0]
[22, 7, 0.0]
[7, 23, 0.0]
[23, 7, 0.0]
[7, 24, 0.0]
[24, 7, 0.0]
[7, 25, 0.0]
[25, 7, 0.0]
[7, 26, 0.0]
[26, 7, 0.0]
[8, 1, 2295.0]
[1, 8, 2295.0]
[8, 2, 35.0]
[2, 8, 35.0]
[8, 3, 42.0]
[3, 8, 42.0]
[8, 4, 17.0]
[4, 8, 17.0]
[8, 5, 1981.0]
[5, 8, 1981.0]
[8, 6, 5.0]
[6, 8, 5.0]
[8, 7, 0.0]
[7, 8, 0.0]
[8, 9, 139.0]
[9, 8, 139.0]
[8, 10, 0.0]
[10, 8, 0.0]
[8, 11, 26.0]
[11, 8, 26.0]
[8, 12, 6.0]
[12, 8, 6.0]
[8, 13, 6.0]
[13, 8, 6.0]
[8, 14, 5.0]
[14, 8, 5.0]
[8, 15, 19.0]
[15, 8, 19.0]
[8, 16, 0.0]
[16, 8, 0.0]
[8, 17, 3353.0]
[17, 8, 3353.0]
[8, 18, 320.0]
[18, 8, 320.0]
[8, 19, 78.0]
[19, 8, 78.0]
[8, 20, 26.0]
[20, 8, 26.0]
[8, 21, 0.0]
[21, 8, 0.0]
[8, 22, 0.0]
[22, 8, 0.0]
[8, 23, 0.0]
[23, 8, 0.0]
[8, 24, 0.0]
[24, 8, 0.0]
[8, 25, 0.0]
[25, 8, 0.0]
[8, 26, 0.0]
[26, 8, 0.0]
[9, 1, 22010.0]
[1, 9, 22010.0]
[9, 2, 1154.0]
[2, 9, 1154.0]
[9, 3, 16215.0]
[3, 9, 16215.0]
[9, 4, 499.0]
[4, 9, 499.0]
[9, 5, 7961.0]
[5, 9, 7961.0]
[9, 6, 501.0]
[6, 9, 501.0]
[9, 7, 904.0]
[7, 9, 904.0]
[9, 8, 139.0]
[8, 9, 139.0]
[9, 10, 125.0]
[10, 9, 125.0]
[9, 11, 439.0]
[11, 9, 439.0]
[9, 12, 437.0]
[12, 9, 437.0]
[9, 13, 431.0]
[13, 9, 431.0]
[9, 14, 115.0]
[14, 9, 115.0]
[9, 15, 31.0]
[15, 9, 31.0]
[9, 16, 0.0]
[16, 9, 0.0]
[9, 17, 901.0]
[17, 9, 901.0]
[9, 18, 158.0]
[18, 9, 158.0]
[9, 19, 7194.0]
[19, 9, 7194.0]
[9, 20, 299.0]
[20, 9, 299.0]
[9, 21, 256.0]
[21, 9, 256.0]
[9, 22, 11.0]
[22, 9, 11.0]
[9, 23, 10.0]
[23, 9, 10.0]
[9, 24, 68.0]
[24, 9, 68.0]
[9, 25, 0.0]
[25, 9, 0.0]
[9, 26, 12.0]
[26, 9, 12.0]
[10, 1, 924.0]
[1, 10, 924.0]
[10, 2, 23195.0]
[2, 10, 23195.0]
[10, 3, 165.0]
[3, 10, 165.0]
[10, 4, 5.0]
[4, 10, 5.0]
[10, 5, 87.0]
[5, 10, 87.0]
[10, 6, 0.0]
[6, 10, 0.0]
[10, 7, 8.0]
[7, 10, 8.0]
[10, 8, 0.0]
[8, 10, 0.0]
[10, 9, 125.0]
[9, 10, 125.0]
[10, 11, 256.0]
[11, 10, 256.0]
[10, 12, 104.0]
[12, 10, 104.0]
[10, 13, 92.0]
[13, 10, 92.0]
[10, 14, 0.0]
[14, 10, 0.0]
[10, 15, 0.0]
[15, 10, 0.0]
[10, 16, 0.0]
[16, 10, 0.0]
[10, 17, 0.0]
[17, 10, 0.0]
[10, 18, 0.0]
[18, 10, 0.0]
[10, 19, 268.0]
[19, 10, 268.0]
[10, 20, 0.0]
[20, 10, 0.0]
[10, 21, 0.0]
[21, 10, 0.0]
[10, 22, 25750.0]
[22, 10, 25750.0]
[10, 23, 970.0]
[23, 10, 970.0]
[10, 24, 1792.0]
[24, 10, 1792.0]
[10, 25, 980.0]
[25, 10, 980.0]
[10, 26, 51.0]
[26, 10, 51.0]
[11, 1, 4694.0]
[1, 11, 4694.0]
[11, 2, 32892.0]
[2, 11, 32892.0]
[11, 3, 3483.0]
[3, 11, 3483.0]
[11, 4, 7.0]
[4, 11, 7.0]
[11, 5, 114.0]
[5, 11, 114.0]
[11, 6, 17.0]
[6, 11, 17.0]
[11, 7, 88.0]
[7, 11, 88.0]
[11, 8, 26.0]
[8, 11, 26.0]
[11, 9, 439.0]
[9, 11, 439.0]
[11, 10, 256.0]
[10, 11, 256.0]
[11, 12, 6877.0]
[12, 11, 6877.0]
[11, 13, 12978.0]
[13, 11, 12978.0]
[11, 14, 20.0]
[14, 11, 20.0]
[11, 15, 0.0]
[15, 11, 0.0]
[11, 16, 0.0]
[16, 11, 0.0]
[11, 17, 128.0]
[17, 11, 128.0]
[11, 18, 6.0]
[18, 11, 6.0]
[11, 19, 22007.0]
[19, 11, 22007.0]
[11, 20, 77.0]
[20, 11, 77.0]
[11, 21, 13.0]
[21, 11, 13.0]
[11, 22, 176.0]
[22, 11, 176.0]
[11, 23, 0.0]
[23, 11, 0.0]
[11, 24, 183.0]
[24, 11, 183.0]
[11, 25, 80.0]
[25, 11, 80.0]
[11, 26, 322.0]
[26, 11, 322.0]
[12, 1, 4042.0]
[1, 12, 4042.0]
[12, 2, 1896.0]
[2, 12, 1896.0]
[12, 3, 766.0]
[3, 12, 766.0]
[12, 4, 11.0]
[4, 12, 11.0]
[12, 5, 153.0]
[5, 12, 153.0]
[12, 6, 52.0]
[6, 12, 52.0]
[12, 7, 56.0]
[7, 12, 56.0]
[12, 8, 6.0]
[8, 12, 6.0]
[12, 9, 437.0]
[9, 12, 437.0]
[12, 10, 104.0]
[10, 12, 104.0]
[12, 11, 6877.0]
[11, 12, 6877.0]
[12, 13, 60449.0]
[13, 12, 60449.0]
[12, 14, 87.0]
[14, 12, 87.0]
[12, 15, 12.0]
[15, 12, 12.0]
[12, 16, 0.0]
[16, 12, 0.0]
[12, 17, 153.0]
[17, 12, 153.0]
[12, 18, 5.0]
[18, 12, 5.0]
[12, 19, 10829.0]
[19, 12, 10829.0]
[12, 20, 67.0]
[20, 12, 67.0]
[12, 21, 0.0]
[21, 12, 0.0]
[12, 22, 166.0]
[22, 12, 166.0]
[12, 23, 0.0]
[23, 12, 0.0]
[12, 24, 61.0]
[24, 12, 61.0]
[12, 25, 0.0]
[25, 12, 0.0]
[12, 26, 552.0]
[26, 12, 552.0]
[13, 1, 3440.0]
[1, 13, 3440.0]
[13, 2, 2169.0]
[2, 13, 2169.0]
[13, 3, 786.0]
[3, 13, 786.0]
[13, 4, 0.0]
[4, 13, 0.0]
[13, 5, 161.0]
[5, 13, 161.0]
[13, 6, 16.0]
[6, 13, 16.0]
[13, 7, 47.0]
[7, 13, 47.0]
[13, 8, 6.0]
[8, 13, 6.0]
[13, 9, 431.0]
[9, 13, 431.0]
[13, 10, 92.0]
[10, 13, 92.0]
[13, 11, 12978.0]
[11, 13, 12978.0]
[13, 12, 60449.0]
[12, 13, 60449.0]
[13, 14, 27.0]
[14, 13, 27.0]
[13, 15, 12.0]
[15, 13, 12.0]
[13, 16, 0.0]
[16, 13, 0.0]
[13, 17, 233.0]
[17, 13, 233.0]
[13, 18, 23.0]
[18, 13, 23.0]
[13, 19, 12983.0]
[19, 13, 12983.0]
[13, 20, 93.0]
[20, 13, 93.0]
[13, 21, 0.0]
[21, 13, 0.0]
[13, 22, 150.0]
[22, 13, 150.0]
[13, 23, 6.0]
[23, 13, 6.0]
[13, 24, 28.0]
[24, 13, 28.0]
[13, 25, 0.0]
[25, 13, 0.0]
[13, 26, 496.0]
[26, 13, 496.0]
[14, 1, 14373.0]
[1, 14, 14373.0]
[14, 2, 62.0]
[2, 14, 62.0]
[14, 3, 49.0]
[3, 14, 49.0]
[14, 4, 0.0]
[4, 14, 0.0]
[14, 5, 42.0]
[5, 14, 42.0]
[14, 6, 0.0]
[6, 14, 0.0]
[14, 7, 0.0]
[7, 14, 0.0]
[14, 8, 5.0]
[8, 14, 5.0]
[14, 9, 115.0]
[9, 14, 115.0]
[14, 10, 0.0]
[10, 14, 0.0]
[14, 11, 20.0]
[11, 14, 20.0]
[14, 12, 87.0]
[12, 14, 87.0]
[14, 13, 27.0]
[13, 14, 27.0]
[14, 15, 25.0]
[15, 14, 25.0]
[14, 16, 0.0]
[16, 14, 0.0]
[14, 17, 306.0]
[17, 14, 306.0]
[14, 18, 6.0]
[18, 14, 6.0]
[14, 19, 386.0]
[19, 14, 386.0]
[14, 20, 3403.0]
[20, 14, 3403.0]
[14, 21, 0.0]
[21, 14, 0.0]
[14, 22, 0.0]
[22, 14, 0.0]
[14, 23, 0.0]
[23, 14, 0.0]
[14, 24, 0.0]
[24, 14, 0.0]
[14, 25, 0.0]
[25, 14, 0.0]
[14, 26, 0.0]
[26, 14, 0.0]
[15, 1, 856.0]
[1, 15, 856.0]
[15, 2, 0.0]
[2, 15, 0.0]
[15, 3, 17.0]
[3, 15, 17.0]
[15, 4, 0.0]
[4, 15, 0.0]
[15, 5, 22.0]
[5, 15, 22.0]
[15, 6, 0.0]
[6, 15, 0.0]
[15, 7, 16.0]
[7, 15, 16.0]
[15, 8, 19.0]
[8, 15, 19.0]
[15, 9, 31.0]
[9, 15, 31.0]
[15, 10, 0.0]
[10, 15, 0.0]
[15, 11, 0.0]
[11, 15, 0.0]
[15, 12, 12.0]
[12, 15, 12.0]
[15, 13, 12.0]
[13, 15, 12.0]
[15, 14, 25.0]
[14, 15, 25.0]
[15, 16, 1722.0]
[16, 15, 1722.0]
[15, 17, 18128.0]
[17, 15, 18128.0]
[15, 18, 40.0]
[18, 15, 40.0]
[15, 19, 41.0]
[19, 15, 41.0]
[15, 20, 1530.0]
[20, 15, 1530.0]
[15, 21, 0.0]
[21, 15, 0.0]
[15, 22, 0.0]
[22, 15, 0.0]
[15, 23, 0.0]
[23, 15, 0.0]
[15, 24, 0.0]
[24, 15, 0.0]
[15, 25, 0.0]
[25, 15, 0.0]
[15, 26, 0.0]
[26, 15, 0.0]
[16, 1, 154.0]
[1, 16, 154.0]
[16, 2, 0.0]
[2, 16, 0.0]
[16, 3, 0.0]
[3, 16, 0.0]
[16, 4, 0.0]
[4, 16, 0.0]
[16, 5, 6.0]
[5, 16, 6.0]
[16, 6, 0.0]
[6, 16, 0.0]
[16, 7, 0.0]
[7, 16, 0.0]
[16, 8, 0.0]
[8, 16, 0.0]
[16, 9, 0.0]
[9, 16, 0.0]
[16, 10, 0.0]
[10, 16, 0.0]
[16, 11, 0.0]
[11, 16, 0.0]
[16, 12, 0.0]
[12, 16, 0.0]
[16, 13, 0.0]
[13, 16, 0.0]
[16, 14, 0.0]
[14, 16, 0.0]
[16, 15, 1722.0]
[15, 16, 1722.0]
[16, 17, 2428.0]
[17, 16, 2428.0]
[16, 18, 17.0]
[18, 16, 17.0]
[16, 19, 6.0]
[19, 16, 6.0]
[16, 20, 108.0]
[20, 16, 108.0]
[16, 21, 0.0]
[21, 16, 0.0]
[16, 22, 0.0]
[22, 16, 0.0]
[16, 23, 0.0]
[23, 16, 0.0]
[16, 24, 0.0]
[24, 16, 0.0]
[16, 25, 0.0]
[25, 16, 0.0]
[16, 26, 0.0]
[26, 16, 0.0]
[17, 1, 29325.0]
[1, 17, 29325.0]
[17, 2, 267.0]
[2, 17, 267.0]
[17, 3, 489.0]
[3, 17, 489.0]
[17, 4, 34.0]
[4, 17, 34.0]
[17, 5, 6600.0]
[5, 17, 6600.0]
[17, 6, 13.0]
[6, 17, 13.0]
[17, 7, 52.0]
[7, 17, 52.0]
[17, 8, 3353.0]
[8, 17, 3353.0]
[17, 9, 901.0]
[9, 17, 901.0]
[17, 10, 0.0]
[10, 17, 0.0]
[17, 11, 128.0]
[11, 17, 128.0]
[17, 12, 153.0]
[12, 17, 153.0]
[17, 13, 233.0]
[13, 17, 233.0]
[17, 14, 306.0]
[14, 17, 306.0]
[17, 15, 18128.0]
[15, 17, 18128.0]
[17, 16, 2428.0]
[16, 17, 2428.0]
[17, 18, 6774.0]
[18, 17, 6774.0]
[17, 19, 1094.0]
[19, 17, 1094.0]
[17, 20, 31259.0]
[20, 17, 31259.0]
[17, 21, 9.0]
[21, 17, 9.0]
[17, 22, 0.0]
[22, 17, 0.0]
[17, 23, 5.0]
[23, 17, 5.0]
[17, 24, 0.0]
[24, 17, 0.0]
[17, 25, 0.0]
[25, 17, 0.0]
[17, 26, 0.0]
[26, 17, 0.0]
[18, 1, 2463.0]
[1, 18, 2463.0]
[18, 2, 19.0]
[2, 18, 19.0]
[18, 3, 97.0]
[3, 18, 97.0]
[18, 4, 23.0]
[4, 18, 23.0]
[18, 5, 258.0]
[5, 18, 258.0]
[18, 6, 0.0]
[6, 18, 0.0]
[18, 7, 0.0]
[7, 18, 0.0]
[18, 8, 320.0]
[8, 18, 320.0]
[18, 9, 158.0]
[9, 18, 158.0]
[18, 10, 0.0]
[10, 18, 0.0]
[18, 11, 6.0]
[11, 18, 6.0]
[18, 12, 5.0]
[12, 18, 5.0]
[18, 13, 23.0]
[13, 18, 23.0]
[18, 14, 6.0]
[14, 18, 6.0]
[18, 15, 40.0]
[15, 18, 40.0]
[18, 16, 17.0]
[16, 18, 17.0]
[18, 17, 6774.0]
[17, 18, 6774.0]
[18, 19, 137.0]
[19, 18, 137.0]
[18, 20, 101.0]
[20, 18, 101.0]
[18, 21, 2464.0]
[21, 18, 2464.0]
[18, 22, 0.0]
[22, 18, 0.0]
[18, 23, 0.0]
[23, 18, 0.0]
[18, 24, 0.0]
[24, 18, 0.0]
[18, 25, 0.0]
[25, 18, 0.0]
[18, 26, 0.0]
[26, 18, 0.0]
[19, 1, 76817.0]
[1, 19, 76817.0]
[19, 2, 8295.0]
[2, 19, 8295.0]
[19, 3, 16643.0]
[3, 19, 16643.0]
[19, 4, 48.0]
[4, 19, 48.0]
[19, 5, 1304.0]
[5, 19, 1304.0]
[19, 6, 160.0]
[6, 19, 160.0]
[19, 7, 335.0]
[7, 19, 335.0]
[19, 8, 78.0]
[8, 19, 78.0]
[19, 9, 7194.0]
[9, 19, 7194.0]
[19, 10, 268.0]
[10, 19, 268.0]
[19, 11, 22007.0]
[11, 19, 22007.0]
[19, 12, 10829.0]
[12, 19, 10829.0]
[19, 13, 12983.0]
[13, 19, 12983.0]
[19, 14, 386.0]
[14, 19, 386.0]
[19, 15, 41.0]
[15, 19, 41.0]
[19, 16, 6.0]
[16, 19, 6.0]
[19, 17, 1094.0]
[17, 19, 1094.0]
[19, 18, 137.0]
[18, 19, 137.0]
[19, 20, 698.0]
[20, 19, 698.0]
[19, 21, 30.0]
[21, 19, 30.0]
[19, 22, 355.0]
[22, 19, 355.0]
[19, 23, 5.0]
[23, 19, 5.0]
[19, 24, 66.0]
[24, 19, 66.0]
[19, 25, 0.0]
[25, 19, 0.0]
[19, 26, 26.0]
[26, 19, 26.0]
[20, 1, 26990.0]
[1, 20, 26990.0]
[20, 2, 225.0]
[2, 20, 225.0]
[20, 3, 203.0]
[3, 20, 203.0]
[20, 4, 0.0]
[4, 20, 0.0]
[20, 5, 167.0]
[5, 20, 167.0]
[20, 6, 0.0]
[6, 20, 0.0]
[20, 7, 5.0]
[7, 20, 5.0]
[20, 8, 26.0]
[8, 20, 26.0]
[20, 9, 299.0]
[9, 20, 299.0]
[20, 10, 0.0]
[10, 20, 0.0]
[20, 11, 77.0]
[11, 20, 77.0]
[20, 12, 67.0]
[12, 20, 67.0]
[20, 13, 93.0]
[13, 20, 93.0]
[20, 14, 3403.0]
[14, 20, 3403.0]
[20, 15, 1530.0]
[15, 20, 1530.0]
[20, 16, 108.0]
[16, 20, 108.0]
[20, 17, 31259.0]
[17, 20, 31259.0]
[20, 18, 101.0]
[18, 20, 101.0]
[20, 19, 698.0]
[19, 20, 698.0]
[20, 21, 0.0]
[21, 20, 0.0]
[20, 22, 0.0]
[22, 20, 0.0]
[20, 23, 0.0]
[23, 20, 0.0]
[20, 24, 0.0]
[24, 20, 0.0]
[20, 25, 0.0]
[25, 20, 0.0]
[20, 26, 0.0]
[26, 20, 0.0]
[21, 1, 249.0]
[1, 21, 249.0]
[21, 2, 92.0]
[2, 21, 92.0]
[21, 3, 208.0]
[3, 21, 208.0]
[21, 4, 67.0]
[4, 21, 67.0]
[21, 5, 27.0]
[5, 21, 27.0]
[21, 6, 6.0]
[6, 21, 6.0]
[21, 7, 27.0]
[7, 21, 27.0]
[21, 8, 0.0]
[8, 21, 0.0]
[21, 9, 256.0]
[9, 21, 256.0]
[21, 10, 0.0]
[10, 21, 0.0]
[21, 11, 13.0]
[11, 21, 13.0]
[21, 12, 0.0]
[12, 21, 0.0]
[21, 13, 0.0]
[13, 21, 0.0]
[21, 14, 0.0]
[14, 21, 0.0]
[21, 15, 0.0]
[15, 21, 0.0]
[21, 16, 0.0]
[16, 21, 0.0]
[21, 17, 9.0]
[17, 21, 9.0]
[21, 18, 2464.0]
[18, 21, 2464.0]
[21, 19, 30.0]
[19, 21, 30.0]
[21, 20, 0.0]
[20, 21, 0.0]
[21, 22, 0.0]
[22, 21, 0.0]
[21, 23, 23.0]
[23, 21, 23.0]
[21, 24, 0.0]
[24, 21, 0.0]
[21, 25, 0.0]
[25, 21, 0.0]
[21, 26, 0.0]
[26, 21, 0.0]
[22, 1, 93.0]
[1, 22, 93.0]
[22, 2, 4336.0]
[2, 22, 4336.0]
[22, 3, 106.0]
[3, 22, 106.0]
[22, 4, 0.0]
[4, 22, 0.0]
[22, 5, 0.0]
[5, 22, 0.0]
[22, 6, 0.0]
[6, 22, 0.0]
[22, 7, 0.0]
[7, 22, 0.0]
[22, 8, 0.0]
[8, 22, 0.0]
[22, 9, 11.0]
[9, 22, 11.0]
[22, 10, 25750.0]
[10, 22, 25750.0]
[22, 11, 176.0]
[11, 22, 176.0]
[22, 12, 166.0]
[12, 22, 166.0]
[22, 13, 150.0]
[13, 22, 150.0]
[22, 14, 0.0]
[14, 22, 0.0]
[22, 15, 0.0]
[15, 22, 0.0]
[22, 16, 0.0]
[16, 22, 0.0]
[22, 17, 0.0]
[17, 22, 0.0]
[22, 18, 0.0]
[18, 22, 0.0]
[22, 19, 355.0]
[19, 22, 355.0]
[22, 20, 0.0]
[20, 22, 0.0]
[22, 21, 0.0]
[21, 22, 0.0]
[22, 23, 14484.0]
[23, 22, 14484.0]
[22, 24, 6983.0]
[24, 22, 6983.0]
[22, 25, 31869.0]
[25, 22, 31869.0]
[22, 26, 244.0]
[26, 22, 244.0]
[23, 1, 0.0]
[1, 23, 0.0]
[23, 2, 2299.0]
[2, 23, 2299.0]
[23, 3, 42.0]
[3, 23, 42.0]
[23, 4, 5.0]
[4, 23, 5.0]
[23, 5, 0.0]
[5, 23, 0.0]
[23, 6, 0.0]
[6, 23, 0.0]
[23, 7, 0.0]
[7, 23, 0.0]
[23, 8, 0.0]
[8, 23, 0.0]
[23, 9, 10.0]
[9, 23, 10.0]
[23, 10, 970.0]
[10, 23, 970.0]
[23, 11, 0.0]
[11, 23, 0.0]
[23, 12, 0.0]
[12, 23, 0.0]
[23, 13, 6.0]
[13, 23, 6.0]
[23, 14, 0.0]
[14, 23, 0.0]
[23, 15, 0.0]
[15, 23, 0.0]
[23, 16, 0.0]
[16, 23, 0.0]
[23, 17, 5.0]
[17, 23, 5.0]
[23, 18, 0.0]
[18, 23, 0.0]
[23, 19, 5.0]
[19, 23, 5.0]
[23, 20, 0.0]
[20, 23, 0.0]
[23, 21, 23.0]
[21, 23, 23.0]
[23, 22, 14484.0]
[22, 23, 14484.0]
[23, 24, 203.0]
[24, 23, 203.0]
[23, 25, 1941.0]
[25, 23, 1941.0]
[23, 26, 0.0]
[26, 23, 0.0]
[24, 1, 329.0]
[1, 24, 329.0]
[24, 2, 8632.0]
[2, 24, 8632.0]
[24, 3, 45.0]
[3, 24, 45.0]
[24, 4, 0.0]
[4, 24, 0.0]
[24, 5, 0.0]
[5, 24, 0.0]
[24, 6, 0.0]
[6, 24, 0.0]
[24, 7, 0.0]
[7, 24, 0.0]
[24, 8, 0.0]
[8, 24, 0.0]
[24, 9, 68.0]
[9, 24, 68.0]
[24, 10, 1792.0]
[10, 24, 1792.0]
[24, 11, 183.0]
[11, 24, 183.0]
[24, 12, 61.0]
[12, 24, 61.0]
[24, 13, 28.0]
[13, 24, 28.0]
[24, 14, 0.0]
[14, 24, 0.0]
[24, 15, 0.0]
[15, 24, 0.0]
[24, 16, 0.0]
[16, 24, 0.0]
[24, 17, 0.0]
[17, 24, 0.0]
[24, 18, 0.0]
[18, 24, 0.0]
[24, 19, 66.0]
[19, 24, 66.0]
[24, 20, 0.0]
[20, 24, 0.0]
[24, 21, 0.0]
[21, 24, 0.0]
[24, 22, 6983.0]
[22, 24, 6983.0]
[24, 23, 203.0]
[23, 24, 203.0]
[24, 25, 780.0]
[25, 24, 780.0]
[24, 26, 1282.0]
[26, 24, 1282.0]
[25, 1, 0.0]
[1, 25, 0.0]
[25, 2, 821.0]
[2, 25, 821.0]
[25, 3, 0.0]
[3, 25, 0.0]
[25, 4, 0.0]
[4, 25, 0.0]
[25, 5, 0.0]
[5, 25, 0.0]
[25, 6, 0.0]
[6, 25, 0.0]
[25, 7, 0.0]
[7, 25, 0.0]
[25, 8, 0.0]
[8, 25, 0.0]
[25, 9, 0.0]
[9, 25, 0.0]
[25, 10, 980.0]
[10, 25, 980.0]
[25, 11, 80.0]
[11, 25, 80.0]
[25, 12, 0.0]
[12, 25, 0.0]
[25, 13, 0.0]
[13, 25, 0.0]
[25, 14, 0.0]
[14, 25, 0.0]
[25, 15, 0.0]
[15, 25, 0.0]
[25, 16, 0.0]
[16, 25, 0.0]
[25, 17, 0.0]
[17, 25, 0.0]
[25, 18, 0.0]
[18, 25, 0.0]
[25, 19, 0.0]
[19, 25, 0.0]
[25, 20, 0.0]
[20, 25, 0.0]
[25, 21, 0.0]
[21, 25, 0.0]
[25, 22, 31869.0]
[22, 25, 31869.0]
[25, 23, 1941.0]
[23, 25, 1941.0]
[25, 24, 780.0]
[24, 25, 780.0]
[25, 26, 0.0]
[26, 25, 0.0]
[26, 1, 100.0]
[1, 26, 100.0]
[26, 2, 4227.0]
[2, 26, 4227.0]
[26, 3, 5.0]
[3, 26, 5.0]
[26, 4, 0.0]
[4, 26, 0.0]
[26, 5, 5.0]
[5, 26, 5.0]
[26, 6, 0.0]
[6, 26, 0.0]
[26, 7, 0.0]
[7, 26, 0.0]
[26, 8, 0.0]
[8, 26, 0.0]
[26, 9, 12.0]
[9, 26, 12.0]
[26, 10, 51.0]
[10, 26, 51.0]
[26, 11, 322.0]
[11, 26, 322.0]
[26, 12, 552.0]
[12, 26, 552.0]
[26, 13, 496.0]
[13, 26, 496.0]
[26, 14, 0.0]
[14, 26, 0.0]
[26, 15, 0.0]
[15, 26, 0.0]
[26, 16, 0.0]
[16, 26, 0.0]
[26, 17, 0.0]
[17, 26, 0.0]
[26, 18, 0.0]
[18, 26, 0.0]
[26, 19, 26.0]
[19, 26, 26.0]
[26, 20, 0.0]
[20, 26, 0.0]
[26, 21, 0.0]
[21, 26, 0.0]
[26, 22, 244.0]
[22, 26, 244.0]
[26, 23, 0.0]
[23, 26, 0.0]
[26, 24, 1282.0]
[24, 26, 1282.0]
[26, 25, 0.0]
[25, 26, 0.0]
