124754.355551
86028.1680552
68558.3958338
328059.714474
225225.535144
384292.746689
345320.955313
318956.523803
150509.956992
254828.994752
138383.576231
65181.7109863
993948.09375
20896.7772683
119127.866036
125865.159575
96830.2842518
80616.7896927
7475.5516792
266596.543784
199218.746046
398735.305026
809552.74702
325509.265988
6901.55910856
151858.350745
67014.2929906
131023.833396
109856.651928
100540.919982
1551123.60589
153706.933497
108120.394293
550900.436522
9527.08011355
447605.051558
33968.1034956
197220.019872
155024.812727
241158.255538
180312.585476
192782.592219
402883.826083
189536.067869
619616.404885
315926.488208
161237.726415
323586.825617
64933.2604083
757853.098594
227219.211995
430196.346796
1217763.91747
710849.335532
767075.335068
172476.644643
1097405.18496
52298.0077454
154273.820193
873494.828184
286432.428898
59027.4534362
1130029.87537
86660.5829244
184430.579785
32780.2555708
193250.979665
70538.6594499
34378.8362178
786278.498175
156248.526448
78179.8397962
333640.252803
83381.938176
47426.1287925
696505.338636
1027197.72971
18651.6049207
11980.0390393
55058.0607546
598922.321854
59184.9268936
1339923.76148
374059.010244
383047.537227
1327800.3758
1382611.68098
327491.549441
512370.02844
315422.527447
337012.880879
559148.50715
200491.800591
987579.183469
393927.662007
1436394.25173
549560.881649
985084.392859
217936.937266
84810.4378094
133081.542291
65817.4058902
303247.351944
441788.485911
436098.129459
30071.8279538
124661.872091
305163.475585
76778.9655411
65013.2951467
50697.7277634
299106.439938
311144.009027
99081.4473116
41546.8030647
464546.527715
301200.755213
419587.129296
647926.564621
429776.606312
873112.374039
560887.734272
398513.012176
130256.732811
39342.7164262
285965.418134
1016966.79196
148841.49525
1784249.45589
162401.806553
4284517.42666
440280.732074
99726.7217469
272825.101113
1826980.89441
155979.544888
1083014.10723
314833.566412
109528.390499
115173.907758
1904923.81741
175817.419017
209448.325479
500747.582586
499437.944923
6064362.2035
265487.373145
607670.20679
463603.145457
930042.244401
967873.600908
183365.757339
1824116.20278
277381.155903
1340156.53521
279511.764024
171544.762614
196780.268859
74286.8259683
215658.05379
119202.167183
529405.961943
325906.159565
72523.4214339
112156.164696
388992.824161
423199.220456
6254.09971431
1247122.26888
202449.943631
430884.334397
458868.924369
279896.556696
380451.364411
232079.666849
45347.7048501
779251.174302
1390969.15303
624398.725253
700907.796272
414199.60879
205183.788674
98640.0854546
590798.099832
2482300.77464
644086.623202
150097.928789
321484.356101
318521.421999
1325748.40101
162186.813535
10520470.3265
51955.6396471
290139.536218
853134.952631
1018341.12362
67391.7792628
257771.21761
401869.459091
1428317.68665
210676.189027
274594.443679
272431.535666
209282.904671
2351340.67324
7000919.49992
2150884.99623
499992.943789
149427.794482
361089.000557
2305858.14041
558034.426935
438830.262883
532572.209701
372510.55325
152654.509662
413083.804525
251736.795206
491280.509059
1680865.01415
41393.354622
318325.151677
160939.985723
12083.9789968
60614.917435
200378.098619
815276.49862
789943.533842
228928.112833
57641.409766
326948.317005
36250.5939839
195622.017084
104211.09425
7104494.96989
1011556.31523
7573.39222266
148907.975115
220177.551366
153575.366545
166107.932444
106768.113043
1812816.39304
473684.842996
288538.449991
19485.261577
284576.229061
621668.641873
73862.8371121
180689.734745
691387.190207
82046.4948295
5924876.40017
411673.806276
142294.076387
160235.191737
39923.7260592
1497408.01118
115490.472285
1493387.45299
667035.909422
5043980.41358
349467.877464
105985.957713
409495.181285
581686.895045
645491.317459
2900839.10533
12657.542937
443772.591906
253834.258404
31482.9674453
676776.492683
268792.561822
463350.249909
237447.771413
420408.050624
59557.0519374
254088.175935
273664.53727
263521.554524
14447.6888159
105184.205224
289316.363849
98828.1010776
536915.991602
85484.0591404
53037.7881307
85933.3376605
42745.6979735
651448.333074
65853.5570212
202745.381006
208995.335684
147357.018528
1955730.9829
82169.5134703
1317580.32736
1196108.46809
1614722.34879
1398836.02934
13825110.8093
679301.646931
3099884.09641
413840.763383
3385466.73338
1151584.12741
726796.979387
2098393.83723
1522649.64197
297934.391028
2851014.65333
2324955.10422
893114.807328
56937.8318525
575473.216371
1904608.40091
114071.13258
10906112.0302
132451.521034
242445.073497
1591865.13068
905332.941396
663438.804719
425032.69565
371081.179789
2223663.15534
1330028.17673
157743.960096
176071.253282
129449.304275
501352.791825
64995.3070903
405381.998189
58921.2433095
71127.7459481
161806.851249
274561.62493
330442.439275
144988.412205
79458.7895693
664586.940525
205659.837845
346134.116037
110379.056831
73516.4900816
543813.346098
131894.53179
433948.173953
422857.308961
87394.2193762
207682.696732
90702.6566695
491247.808307
20896.8530459
1365653.10777
1261459.8107
196800.213177
33538.6360342
164923.052673
161920.89739
4872370.64729
191464.480233
2326278.10264
249456.017981
1081086.99263
717585.533885
128259.475983
325630.297221
22460.6390636
1376121.29988
57613.6920909
91751.6898589
150967.339215
769890.40392
121690.047047
802936.032471
1413563.85568
445102.810329
139009.273997
123842.325017
204502.924971
351038.431019
80647.3002026
58726.7806589
4715.88088382
151687.277528
867956.749934
679285.423218
31402.1578041
15612.2606506
120024.639838
80469.0144645
184330.866503
53795.3648069
385938.313564
258188.375666
3336039.27798
53449.5862067
5804.43035011
26829.7714088
109838.983326
239178.793508
2366019.90962
507110.886352
106533.980718
235689.077275
279847.391117
137279.291894
26615.5468113
579847.769659
135332.505502
4026934.57098
4958445.55519
2325146.613
1975032.86347
699080.779939
859906.859666
771008.92859
599240.380838
402979.570779
2238921.2509
900008.900763
53171922.7702
2184810.24148
993853.63394
6631100.14312
8098787.09841
4119291.84062
2194717.67383
9302115.38459
6986842.46096
888298.876899
1190491.3687
2255881.71338
1434107.08431
309688.211311
174199.348872
631890.347416
477598.823531
194850.640522
335810.298113
56265.5804248
114359.260988
862151.102757
1036149.39715
433313.055458
9254.28710579
184231.764156
1130069.41862
9290.75899708
167587.054883
717922.639293
413423.045428
143049.755664
134793.644649
86867.047885
81773.0040388
252593.174763
2481732.67421
464353.332823
481577.781559
1050431.4983
725441.873426
631359.756505
775060.584987
2211301.50602
714554.05461
1167646.32493
513498.607714
173356.687883
44903.3083081
165595.756026
431864.508128
5907170.22509
183494.562437
1084009.80704
1680924.84588
63309.210782
290495.288061
124379.17962
248366.213463
306848.827194
550001.029582
223369.476879
849668.392611
1400558.3479
6556.66511932
503510.712331
120469.869027
170365.803069
1423911.11941
259961.681243
343709.947916
4627495.90034
635895.668017
580805.474442
425203.004558
428988.974467
1004615.13081
647430.894314
1182626.44362
452365.12335
252198.763573
31551.8381239
106578.162248
17514.9891992
430454.629669
348870.418219
10320.8476735
61939.1151944
150817.035411
296762.409299
58718.7668888
129730.25063
174076.723671
364312.289493
1304816.93886
266642.519101
62180.1474206
376063.48504
51920.8249782
88789.9925916
37364.881387
139595.65258
926188.926556
30992112.226
5898295.20338
1523456.52716
3330892.0044
1363348.49387
612300.131285
962311.581321
440030.536622
79455.0986685
259633.851658
409480.764812
95869.7701228
397060.796613
178816.42866
113015.778107
665189.833127
258688.0534
183024.883946
736116.217053
123501.374391
247816.880955
719094.627837
158221.280135
164953.300666
361226.921306
42898.9605873
246979.324955
652619.443966
523996.837645
785943.82143
204616.072517
1603069.21111
632844.214095
879909.429592
424028.638827
1569736.89295
105304.967911
1807909.29485
3268281.59816
514364.944662
77934.7576692
492682.09537
157480.475121
307751.001766
472835.121048
117056.041755
509804.780607
658918.945266
2028178.57124
328942.633947
420124.911599
334985.839098
1026440.61236
263096.255224
159655.459197
419646.2086
53928.9563901
253400.796093
2402817.07172
172766.594459
316140.471028
165992.276787
292176.265468
341250.339678
140508.220505
409363.172092
134008.414935
251089.048887
504124.731183
796802.465132
1143106.23765
1084655.24644
136537.536594
472807.805865
392143.034793
94588.0276829
206807.4522
407970.80716
60342.947564
237078.906301
246425.179343
347249.709839
238254.199011
679434.261236
206975163.962
44345.3374848
30956591.8304
1278620.16863
545545.144833
9025973.74768
16022982.2535
4535130.74063
13070514.4507
544601.286637
460959.835862
1774281.94663
118943.800451
24574940.4126
316878.168935
36649613.287
13673581.1534
11330748.6949
2851472.34326
706033.655396
291286.113544
519321.742864
179435.89029
1321118.3313
758009.975462
559892.69461
3948268.62911
109369.765081
267069.738194
660355.042824
1096875.03492
757620.9063
493761.567008
3324110.43103
3741538.12319
980746.353358
559475.387534
2096481.10321
3245582.5563
39750243.2286
5079331.72793
124330.63564
2615411.85056
794459.884106
582574.958554
497169.549621
646415.070359
2301354.61289
2675334.88025
114873.639225
4931015.06377
6258649.4747
1883109.00426
2541274.7164
2169570.99287
810639.755524
2419423.07196
2110268.1273
257471.634607
3155057.1957
1244980.04354
295259.669984
623649.642092
258187.424931
1206936.41409
1796308.95153
28148883.4182
208130113.889
3229026.90405
730427.706901
2233921.14683
218178.411216
626992.981548
225390.396601
269016.031832
1051799.87564
478066.056306
4640757.0504
575540.056044
810710.446341
872530.942308
282516.401569
105092.132859
46559.164788
137366.396128
344354.950136
173975.398176
163710.920594
271736.796084
352450.064053
42948.0379308
468531.223872
179930.293933
68043.6709639
399928.229133
625350.896195
13600.0044292
89201.939487
29842.4612581
601605.42441
188163.112276
791812.288453
268158.836466
10926688.4545
61803.2407902
315873.266959
22130.2615106
1282468.92362
2627337.68705
1399335.01798
96783.3381024
256483.341007
266321.846393
851758.903017
16496.7622925
15355.4587684
59128.728501
227298.269839
189551.399759
5672.86770483
95712.8273722
704503.998759
1371774.38543
195915.084948
689670.323408
58579.2447491
66907.0746498
1456427.60633
358598.108004
6951702.01985
111405.39209
1558095.58015
1696808.82589
229975.908466
6278515.32181
169914.633314
286802.875036
966870.868467
430252.852563
1750934.90746
104230.309356
755055.288049
69256.1179404
363708.318218
92686.5099472
114213.704451
264375.959116
8288209.07726
150259.40502
91395.8817746
51711.6560922
893809.668959
654804.349371
3982159.27356
224437.282068
35416.8465921
42566.1555599
129987.065522
267807.890552
4907.30508279
68033.353739
180173.562241
109962.930495
8714.70191252
126615.358682
202283.228542
151517.941276
34145.9382005
239331.523091
699050.366663
187883.061893
22791.1500238
619518.853882
474857.687885
121043.676787
127383.947026
714001.418149
172084.298669
3260018.32649
281869.489894
68919.5405114
168604.833172
3341.77567271
75843.3472062
147198.505394
166305.862435
64171.884817
353671.662837
127669.653789
578543.60632
161224.030036
384177.310333
42285.834159
13895.8542137
49304.5833802
91450.1482515
272235.56956
211103.155297
302477.444916
1332145.78734
32257.0456447
165938.305498
352460.23028
53221.7342128
119816.843135
309993.942269
108574.923831
105456.73542
171604.013775
235671.141178
7018.13215657
348349.621034
336154.001393
807457.924355
165340.360404
902120.428001
45654.8609277
1201953.04173
54090.0467426
417255.397361
220289.609534
419485.649135
1181694.20852
493176.189318
164845.233956
1298237.03306
233218.245553
1532671.46644
202156.443456
651340.170758
77113.4929973
1210384.1221
187289.264094
682131.854456
151557.787265
55081.4668089
412174.015559
153099.024337
918162.030626
447056.14838
668978.569649
1096862.40149
163431.832249
336336.945068
142261.400966
247755.573134
156834.980432
87247.1901166
449257.041943
115134.145506
206574.918663
175586.105008
355207.519183
430355.987197
110746.267493
313799.820842
388482.132006
105663.132232
682697.006045
40745.6907097
73678.5311601
117618.365363
9588.74061529
378250.779227
174679.34369
7470.05157224
181278.75875
186047.167532
15357.0176917
46713.3496776
690706.496325
202608.75993
221146.264303
75890.045057
66042.146034
355896.425576
4156.29226434
163327.03764
52232.4649792
192675.69837
191963.242387
846022.169163
145942.357715
81484.8172135
24774.206285
129130.295685
390029.724448
290198.127521
541887.407097
4637002.31979
161002.264317
459977.410026
751152.006414
212966.744699
195345.949193
41095.1208614
66548.9918881
29326.8730772
57497.173303
11990.4715406
119919.383882
40432.7250813
65717.0644614
29524.5383996
75643.7685974
49156.1163251
65333.7346848
256572.10252
6109.41518421
462042.366137
328875.40321
245350.117702
252245.409283
18447.6089683
460927.373432
45582.786568
1886.49616622
28800.430518
100906.713064
93065.4459333
319942.169708
294666.911513
896472.966226
1891073.99791
2055503.2625
182432.044803
4452686.39943
168825.300586
160295.14741
126596.394972
530818.465743
280489.170442
1438956.93436
254939.01106
123468.263029
76102.0534236
112004.644642
135745.262862
160228.61418
105833.543712
407883.483356
357153.62031
96589.4758502
168865.988093
569041.406943
10519832.4357
2491007.93305
786642.862583
92471.739023
821895.489452
449352.494064
45819.3368174
896041.096033
33326.5987784
1957152.00764
180899.017858
973480.534411
186879.294234
92745.7191025
274248.367837
302350.169489
497911.814031
83041.8608306
518701.709732
9008855.71432
241837.818314
61882.5346592
2739545.54381
122879.398732
285138.948689
147561.456264
597124.418796
10726.6158208
519813.01051
263981.607454
20308.5889669
196245.114083
1111695.9519
147952.282423
422058.661386
347795.963228
304180.615301
416166.797803
1615288.57082
48295.1956015
1293530.14639
110515.967574
305397.969535
31929.9743812
231173.167706
233789.415316
156479.156417
132780.023
166216.443933
69023.1541664
394115.909721
239841.035022
41139.1444397
107244.2981
16006.4757704
179903.091887
33774.8714179
59062.7761841
14714.359442
112652.032392
71156.4578562
39828.4669355
57581.8959716
77474.3751797
156161.24374
140395.540589
15049.2270843
222573.507594
272974.790432
522360.058728
173424.101074
256184.631807
57589.4249501
125040.978105
25892.4322213
116296.722462
173132.491943
175031.821287
385157.019345
245995.826503
208177.925677
309104.123794
136508.104409
116462.816751
71731.8814372
404623.559452
127384.69211
94118.5473872
897607.239245
104491.209234
111358.820285
98878.7304594
150054.141286
122622.705523
307125.560008
99134.1844025
323339.256802
121463.314291
665326.130645
7316100.26202
2449930.34226
71134.7705157
289426.862704
2018127.39448
5656834.89622
463495.499425
261600.173628
3301211.69053
917477.232558
277327.161333
935793.136724
3155195.59468
7204653.9293
1886353.38134
122440.071601
377561.560104
3314051.27322
48739.3762592
511594.345792
381486.008337
59165.9486235
196633.269615
1272568.34483
3061696.34929
214820.865285
476321.403323
1754942.79037
963632.755142
195206.092298
188048.121474
623151.418672
493938.315214
389615.270526
356154.890035
131993.87153
190072.968323
247145.244665
629517.505102
1017310.36922
357565.741307
425858.155246
322358.879422
304000.410834
675060.411233
1787407.19397
511529.788416
5576834.81054
8540829.30177
494604.54926
144815.698172
350490.447047
316876.474269
696935.883365
3306199.62986
124107.58261
1201678.49976
45832.6336476
321664.738914
125990.928092
85056.6734196
3150479.83543
220922.295889
435622.345758
158241.221241
401085.012648
157401.819956
304511.289849
428804.637416
320410.852639
274334.205947
397714.163419
311696.453624
1252201.46787
217118.021135
501635.704618
1182832.4304
3554320.90911
2260575.8072
5456575.20028
1953905.92757
1214501.49743
2561694.26733
1445345.41886
10620760.2131
3329849.86004
2514184.10371
337366.123083
540407.536479
1029746.25551
1927385.79126
2100922.25895
412555.694402
715315.039402
328440.792639
672444.7881
240306.099156
526049.777427
659271.536684
2346849.80877
657658.620608
4274514.6536
1375139.8954
769010.627334
150015.583671
1437455.07629
658514.672346
577013.331117
357814.892445
376605.817743
1410532.99512
465890.470142
570633.554789
302972.48808
1748809.44638
244401.633523
514100.998415
655394.482318
162895.492171
1999024.28792
1904677.19032
566365.025457
2760858.92981
1094207.91917
1285711.07055
1959363.00324
132786.273921
204533.907497
1626846.46674
3898809.10696
4201786.93817
1974535.28395
4567979.34668
640530.125682
609684.455838
1351691.58444
1744746.99684
532201.120521
146395.241363
341533.242274
3584186.41969
71047.7072009
5641915.98646
2875533.94283
463019.018289
5375596.5333
1753313.21757
316212.584753
347576.882694
719582.941817
15333526.7482
8360607.28608
644582.599411
4909260.69777
4527812.36836
617782.349293
613618.537577
205738.860583
1449605.08815
2595320.05647
1187152.86839
205296.30783
448897.316995
192708.783542
381709.692588
2399464.66645
23695.0261755
557634.041681
743098.975369
675073.793991
157515.438814
856716.570764
696812.959208
2566614.68015
180893.725623
199201.420658
296626.332669
244491.832286
604590.54116
2958668.65407
381356.689364
1704636.09106
548097.457539
3479803.77699
439560.560123
1861960.58179
672828.839168
2626796.64646
72533.220065
633417.285547
6549111.23795
9315046.04521
1080815.82759
1235685.45047
3053526.18386
5766904.7153
2404266.58551
284860.09677
2511686.21554
899859.720014
1515371.60685
2940948.72925
7453216.4855
123878.291312
897582.103037
423643.396354
241824.259125
1374931.05483
2604628.07949
1012040.55707
9014718.32066
1484955.13543
142369.905946
3856856.07375
205860.514174
34374102.2544
201719.106239
5114152.53967
739118.267774
460050.335289
4459226.69782
1888534.05768
4432971.35297
1986462.09862
123009.20256
1319655.254
574660.351178
1845894.93691
237959.53044
4818669.62142
1234374.87266
966702.531847
3343811.44722
2827788.60713
3674105.82893
860478.935386
186476.999467
3222608.64076
60423.4021146
1487827.20886
647810.57238
457559.109546
1270593.20463
1158064.35488
1090205.30189
469496.177242
1455517.90346
13583791.7346
1725576.74026
6942826.36435
431227.676811
103048.681171
5053214.36548
172363.944654
173285.555071
2159401.80556
437135.788755
36086.7652273
736856.441805
116113.403632
203389.859364
302987.44558
114835.623298
114637.560036
161903.705019
244413.436009
235092.465557
168090.164665
145830.536012
88282.9074476
364544.780379
45833.1215365
52178.0100624
14180.1479595
555596.022874
180019.660691
30570.9958001
129543.503565
485525.540159
49388.3454128
96491.0895872
84250.8584581
158793.952611
654086.287559
234672.85742
53601.2448564
408305.415927
146360.084844
157362.227375
18201.4523767
50712.361392
129468.622055
295070.064195
136499.425141
435173.127413
167516.202067
410168.37743
516275.221053
95435.7005153
36260.3033035
74731.9971812
101551.12334
254146.955349
69112.7484447
554679.494736
109595.647633
139876.637296
51980.7869192
137848.523847
59887.360256
83036.6082024
237638.129474
39845.2095405
136669.488823
25034.6716542
379551.398119
67898.3388605
400314.764021
161723.080748
718579.018853
78717.0805716
225724.13023
96009.0362516
272618.064799
75816.7105327
308169.375943
105642.070272
38519.9312724
141249.373189
646402.145633
109063.440826
3008215.45827
205931.396043
46723.5149576
8904800.22852
105373.91113
275724.861671
149045.07799
49088.961734
200371.252284
172292.225693
110237.969861
52711.6648609
32537.5885585
217618.677646
213172.148333
109848.498945
447182.849941
178947.146331
120688.892053
154353.598423
419934.843291
510987.25516
161207.760132
107807.946601
259881.13283
146337.956805
36779.3986788
444812.424189
1264289.37795
229689.886173
45520.6475438
145344.078867
90274.951546
110299.732702
372886.154774
240727.092429
151913.359438
152213.869801
114242.653675
1026863.3225
175664.549796
104536.37673
40442.419226
38930.080051
336119.773311
42875.4051061
77916.77838
143743.242326
83903.0294708
60823.4833266
138176.895682
120157.693067
240810.144785
79942.7322838
119868.664361
500695.197167
87710.1746452
402517.221716
390546.738855
138468.65994
37720.0588715
254484.279928
98199.9170388
222917.544375
531426.405528
74131.5749799
271469.608928
74444.3780474
137541.067979
3343403.33657
272633.157175
26984.7772976
297611.715505
315889.542602
99927.2780447
140849.368341
243644.062106
225633.611196
140051.553585
65041.7471275
209271.2441
588875.613192
242038.446478
275282.29751
124302.580892
169920.215894
625052.67744
315004.061388
34254.4302392
96435.715821
26307.2233925
134394.092728
153717.240193
131759.331443
43076.7128906
97509.0338696
1421566.81563
73835.7840407
121393.21291
197176.387854
442990.926697
1126494.41414
140864.450082
573937.697113
507254.183536
164914.254232
2553482.29904
250037.290385
154508.888588
122342.423209
132655.740773
697758.803289
15198.8094526
510947.303158
307134.231512
180349.564348
86940.3166406
401683.353731
790.692807436
286472.722005
323441.688474
122671.078335
332527.907366
624157.42576
5626893.79202
375628.596405
137086.884169
10577.7984365
95793.9608398
388096.245313
762769.913588
2236761.39928
171347.082736
211289.938351
25260.0972476
831011.477216
282215.580156
179314.414674
145173.16393
277927.94047
182333.524445
1984834.28823
478295.808511
220749.726734
406669.697755
354734.611622
289231.857172
212896.705466
273819.23717
177308.163437
78885.3178211
422613.982786
134547.628603
560261.965057
668165.505256
1164652.11232
579481.17073
187933.587943
182728.360598
124510.182895
404204.05341
111897.678418
56399.4009632
2044246.69122
1681759.41523
552984.382095
108218.088115
219051.102092
190189.135995
39823.4313043
168422.341457
738922.384644
112694.067944
219765.494904
560467.011774
174336.918903
287685.146629
289145.408979
88632.2113609
140263.422807
177448.347094
312695.791848
107375.068705
547983.927084
144149.51273
157660.116521
117460.473422
183024.989414
1505352.08205
70574.6856873
269699.880932
200950.47105
610515.180646
175390.264877
292139.39869
234155.947179
1825244.2424
124797.463179
392889.55031
98991.8859014
221999.652102
968095.288157
73309.3328353
171738.790992
483419.874693
2092022.92153
319174.964908
288090.408399
510335.485809
417087.669699
288257.324307
184318.058978
891715.514489
626927.313972
160062.405814
977579.739858
135119.514222
319176.093675
1536698.56797
902512.817984
496871.067481
330537.10024
957249.854989
58959.7373666
1745349.26745
1925090.89583
877079.338094
258903.924096
11114831.4818
117848.660932
537291.268552
6654275.06654
3362805.01463
2313677.20475
10321074.2385
215310.020715
351377.240902
1541738.15154
1713025.52647
2004693.35501
436354.95119
1349267.77616
2611114.62522
1182754.06244
822384.989575
255577.965474
50989.7032632
17777654.2252
594663.975198
247359.809652
507152.70478
270191.942254
17672346.2168
407798.146254
857176.20575
792393.180321
195233.942972
168824.592315
63964.7741496
129075.576885
110351.310251
412334.351549
422902.507401
6174179.22663
913595.264368
121374.291033
53972.8009793
2564646.13445
43486.9684027
157902.444966
1015782.37053
536605.722535
26105.9514494
27957.2562443
819963.632735
13392.233878
612303.865006
28486.2599236
24242.8899777
88758.5065924
1792637.07125
50950.7859003
155442.37793
29773.5718546
87227.4716687
184676.93385
15332.2920288
106316.083446
658321.058441
39625.4304749
49826.9358383
2719.12014824
114494.769593
183841.842203
441859.787883
39843.4175876
43025.5951569
189211.737671
5085400.74616
410556.144143
268846.508694
37112.4263501
78303.949698
336044.74996
1021398.45059
35795.8445794
217214.807359
49993.9217213
26409.6120079
86006.1843303
153211.861476
91807.5613196
1834159.48161
263463.974696
50544.7290645
362395.083714
1336187.9778
384274.857166
2766576.56812
167263.382939
76521.4246582
622851.718014
1064841.51875
347831.430414
374911.106651
806278.417536
7945592.51707
123127.150839
685292.014342
281723.731052
566332.933912
298339.609763
411843.15387
1536157.97258
1386521.40893
708374.304973
874552.6532
423931.674143
848400.977072
358304.3729
3304496.61885
565558.491792
2885096.96202
5950691.21474
3118195.7834
2232849.01103
3190477.71033
6130169.01974
446592.114503
8948017.73678
9795.64568841
216270.125766
626134.001315
535366.752561
180760.841847
1163461.6602
2540579.01184
10903009.1292
1000729.76111
119706.621959
518207.884133
570944.565114
491554.797682
9629.91863988
383874.494885
178450.441649
49895.2332758
241944.706456
22665.8721069
30590.6731332
3142126.44085
977769.772951
128036.571914
38161.9807709
509629.252181
263514.232636
183333.225345
101013.833941
68048.5381464
142742.644113
2147248.64212
231179.031992
983011.983258
7078.48751467
10865.0942479
87862.8409013
374774.512997
20824.9981652
15541.3875322
34803.8970165
4967.68064188
165540.893366
55240.8841277
13686.2999715
71476.2342869
171954.027829
137834.474611
14612.8194661
65006.0966444
95897.0844004
10153.7593075
214301.852827
25339.646144
53059.4739361
99715.7318582
130303.762777
289767.747669
31108.3659384
133156.70448
58085.3007209
93653.1430629
116559.150451
60821.8533195
185340.211994
117254.317404
125003.472596
51232.5437417
58350.3487575
1807920.13254
1798578.35324
345761.141409
22539.5539307
5506592.73296
58692.1827305
89578.2796094
2219359.25854
819639.672417
11029.5222165
11071.716082
124243.561746
29773.1340641
20268.0822607
197610.089464
397229.237036
90835.2864666
236914.411904
331105.318255
357758.308287
1046560.58989
133128.390879
44830.5704111
94994.7425357
1317440.48713
42960.7079126
143399.616586
15240.4639473
2834045.83112
50160.9139197
21842.8108675
20198.0800472
14198.1264201
84519.147497
149351.441344
112804.320261
85780.2507972
687811.239271
299090.866764
182818.804985
200452.084694
348331.988156
199456.661611
37951.8754427
95363.867757
306618.636801
675400.781319
366466.94378
10636.694844
280214.668262
39217.3051007
207985.291506
76403.7572221
205374.071756
1293884.73349
243925.952813
16855.6938898
148517.661295
617332.749341
121187.987014
7901.73856034
284678.38178
223206.829002
6557.55107235
4721.52164008
1088638.78426
66331.9554139
1040706.16116
716694.84414
233708.467828
127977.913667
219437.990268
61691.7053628
47365.9009165
170104.487548
136795.51212
3328.36408106
8625.71754953
247032.751572
10017589.9225
87181.146007
10792.3680766
31060.8159763
823345.88884
2653040.65484
14976.730945
493367.718649
30393.5090199
26593.2254907
230798.072244
165689.384723
312903.118143
32180.1385284
916717.310094
393647.898148
289133.210649
937137.257302
24775.9244008
1690567.2992
1576469.47613
90968.5744708
585099.711757
17092.686849
16474.6030437
297448.626003
157362.307676
6135.55843066
941384.864403
10429.4069017
3869167.22398
881922.706306
319193.147598
69908.0585867
89260.4286572
104430.154561
64536.5512759
595253.701754
109106.643883
58358.2272649
12228.6131483
207073.594267
6140.82114124
192650.720669
63393.0237741
59936.0162395
17089.823289
109906.491938
42766.9843196
82611.0314532
1388873.87229
28126.8803873
63652.272777
270596.669412
15277.9148667
95583.8205212
229114.044947
12204.8380161
2348788.16393
3127985.3425
72684.6692815
23256.644699
579607.540714
654451.51296
219990.843123
144272.262343
247016.262762
22258.0103021
23088.5359578
122544.442711
39992.352866
52639.7817647
766743.973841
30456.7270553
27208.6382837
867510.201996
31146.149158
32422.4467772
356251.624143
34666.1143596
33451.1439989
10086.3209595
246189.64381
841431.524601
507294.442986
69885.6730749
146974.899204
17884.2613549
44080.1175449
42365.216659
289326.721561
14299.7233315
1596170.64767
38253.8367862
169081.441456
728642.641275
1361527.24325
223400.515058
22291.4499391
33560.7255117
492924.758593
3424843.02829
32261.9158722
364978.644174
88765.182929
233215.357775
25829.3806113
1827868.50533
1027760.89417
5515331.21381
993978.939943
1773113.01128
392154.804886
222294.686284
14336.0323819
15316.3981199
99903.4042761
222187.744651
265591.285316
122045.295389
177765.282512
197423.10954
36737.7915867
290207.026168
3125.68580318
3380645.99397
3224694.46045
5017874.67621
244146.920347
996334.79911
227531.685976
823633.804145
8087.50606311
190845.627701
1091180.87431
579267.807742
109177.2636
267435.153744
389046.930422
21865.6988169
50742.9175779
340635.591112
61536.5580756
16095.0474122
1167247.10316
18674.0956913
9201048.99392
33952.9677942
550243.115302
1761075.01501
18438.3577037
6325634.4878
259095.565153
405269.513922
20312.8494103
14636.1508791
21190.9841168
907826.69722
232985.511287
1703426.74044
55991.519511
561971.155907
16152.908192
116723.673283
699290.645268
9713.24541029
22380.2043395
91703.2236751
260884.660449
1791989.56837
8402.3280265
8727886.55955
4811336.92238
13151359.5602
17415554.0048
966612.747999
420862.084912
476799.181397
10456152.0304
5615735.51204
143589.131639
5859076.87711
3464701.97354
1318760.73234
7517504.81948
2462044.64808
2543493.73257
1372539.82372
448876.155741
147996.595986
2902098.03407
456164.58963
34756937.3584
258665.591445
103637.392465
350403.917398
597549.319172
5476564.88197
2560231.00787
899169.101545
16037202.8308
1826694.47389
3399955.71331
2195945.14459
1428944.10237
24178586.619
285754.584558
1173926.32945
1076559.97622
710153.676773
612266.340786
811862.250765
21805038.5744
783995.694421
523243.791037
535975.915103
442444.161037
19648724.9605
971702.374099
498528.462997
1453447.79472
232385.252418
449100.637781
174083.736921
1988109.07225
617485.866767
252672.65888
429043.737349
222221.662359
238031.416041
740909.860795
851048.481146
1283512.54469
9534433.07728
570804.615187
4606833.43125
5405278.70989
14037120.3753
175980.817884
119118.01366
6153493.54426
317232.083519
254897.981639
3504426.12916
146014.192815
30707.3156074
1391054.58427
130278.951104
306992.707495
6856577.48712
135399.196304
258653.46062
407288.128097
12496510.6972
3177032.45826
2734538.19852
1320916.25404
2983709.22932
293863.695771
1258679.46541
1282516.46212
49781358.6139
632419.68622
4670317.8626
895061.936799
164765.556762
167084.421668
14809251.7453
555681.390875
329838.208089
15264.2634293
604729.550087
221502.624368
657423.509479
1330953.59104
171088.13997
314527.697476
193225.465543
31772185.1705
490317.815655
313575.39904
9053319.37872
254287.21187
403417.061152
213134.599796
3604815.22766
1018163.63993
591931.540784
584355.758052
772286.623935
7094173.77378
2730065.17297
2349572.06552
3998801.82786
721381.403885
84538.8604388
206251.189216
6089354.23942
403651.767889
453400.759101
7627099.52338
821528.596569
319429.885263
228449.323636
458785.076424
6109077.07635
161040.659557
144404.951768
47942.017779
446947.658507
193334.45047
448718.787888
1316464.31639
122674.103134
138935.678329
953120.622042
1279136.75554
2100990.58021
1545461.56082
654051.657086
9527988.83548
1742196.34263
4526640.47987
3709224.97472
1178972.81062
2581658.83783
123723.665104
49528267.2652
11716542.1265
201376.458248
190852.50265
988622.730778
4329218.03478
559773.546587
84568.4731272
1184052.05712
5538118.25557
2023218.93005
1814739.06013
1805679.41424
152168.306703
10960.0801215
62998.7731117
29355.538954
58142.4858273
5833576.29234
332728.315419
151378.19007
70858.21157
21739.356044
14672.1669673
226180.710691
13160.811145
2958366.47371
54122.2866464
26720.3312729
461126.938204
35238.4299434
46754.7325901
300772.111165
168226.4547
34434.4044992
337710.32763
57946.7626438
61993.3681338
152027.665222
129615.539935
226879.692424
191263.921598
228481.304002
85300.1758277
83245.8594812
188580.654957
290463.037718
275995.033008
162249.319539
77745.2830034
758158.765299
125602.156888
192162.543232
43980.8198344
135825.014848
465393.571466
4343540.32522
1917647.79977
387292.3742
6798478.55398
1604272.32467
156593.522402
77463.2757341
1558058.18437
1327509.56114
1857355.13295
249224.802837
1245465.40448
28775.5717335
187581.220213
284715.408678
21157.6798439
911730.130896
411694.612028
405353.751963
147326.962593
2722453.80145
120651.380066
725746.936454
304303.288172
444056.876038
28825395.675
514314.177079
41718.6507883
1971185.46378
206400.418831
684834.033333
1578258.40338
476872.874568
3732936.40821
4484390.95399
1771930.14052
100666.828222
598434.084442
41029.479647
78039.0581265
51821.6830189
17215568.1822
1823314.28623
322064.152699
467048.837259
2705177.98578
719604.216895
110861.361282
226237.698738
980386.732946
182027.164888
26705.6032609
241854.010831
37944.3159765
427474.9118
475735.501978
3054543.87574
603675.128962
1283895.90439
4830.917874
4830.917874
4830.917874
4830.917874
4830.917874
4830.917874
4830.917874
4830.917874
4830.917874
4830.917874
4830.917874
4830.917874
4830.917874
