30.887662781170995
93.81614766172777
48.77970881639868
83.61477519960633
125.94072195259369
49.233595676154685
108.78778592882942
45.2439848922985
51.67953279789291
166.43421007859334
70.20636823890099
10.002806121521429
272.6902747137245
26.13084184037227
11.01554051798695
18.526765884906784
7.995681441327857
7.319565374015657
5.559547643799526
30.99108260311182
280.6449700791318
53.450496967758006
478.1979686075843
104.05623327748064
5.176791594804457
20.562022469876617
13.423569923074497
34.02807826964589
15.469843935578206
12.264305638187224
164.80609320642998
22.631535077413133
15.356773503973692
58.294166876524216
0.0
55.31340153130474
3.595764308439468
18.318179246913694
146.57558857192382
304.66695834349827
211.76322587322855
343.9455400188287
220.7874791156044
136.06774879169032
170.29586157148012
124.21092069229569
52.90250989056094
180.03533056456328
13.42633533215675
722.4727227240429
83.99054428812578
230.69552835638117
129.6544818105734
2184.733834740293
304.639213135377
105.16591620649157
2628.185961955176
7.504090260930935
23.395180582984818
449.1745602374261
18.756036399020932
19.118784450103224
1193.667871275597
75.07677080814197
125.322684525052
33.06957493600837
85.3222844395361
35.11750947496905
45.04266200671354
629.1362846262252
65.67403247831017
62.92470147483874
123.21252416708067
32.66767896027671
9.801093390869516
832.6176226235949
624.9939626519966
2.397478973085618
4.146808844854003
9.229356829896
216.34906411686126
7.155533575695528
301.47195482747634
224.68591371305115
277.45651081200083
101.99556562170646
739.9152253617125
125.74794802928082
248.3244333926896
376.6058730821318
124.88986971202196
209.7619640042612
285.5366853574697
2345.3548111317346
86.54161719197047
1169.2138778033711
68.33300192983032
1628.6862096266925
186.76904655272338
100.17557509444718
151.50965677433584
83.94890943285482
52.14239334830211
1004.0746751830453
379.88624310200123
37.092788826988595
73.2252394796174
178.71792950074177
71.00983687085424
83.83418289639863
37.27557219969369
225.24253492786636
265.3848593903625
131.54512267524413
39.046409947865804
618.4824778027665
200.9725309370545
118.05639442585576
417.4016477937758
22.81766389490259
392.44775883741244
324.0133351846559
117.67070067875053
32.96166462490076
8.225610683338616
26.921329749780305
1964.8617308888497
85.41000531548038
1998.3696595636975
200.2839167945795
2354.0015524335
207.8396613199122
175.06972514082779
298.6041882729687
2398.694376269289
150.2100927857475
93.84789959048256
96.88123635659792
13.494737081443015
30.434571701008625
401.44273542589735
46.78379587839002
37.77910973477417
215.50947720411133
68.28163781379543
3151.5653347984294
14.521614771495374
221.96665251525891
339.42484964760365
395.47631463502114
81.39698187645921
175.52512640994664
321.45575180512486
435.1097350721375
588.3886631805852
63.110262164812774
93.05979436897658
553.8748307234018
185.630419223589
656.2614627767964
99.46045729941643
1437.5109147831322
294.9220894962615
77.59524729345686
142.43520776278356
319.45305927001124
1803.011899477946
0.0
398.24305232937377
112.92700974359965
53.84686878791873
89.70020089014375
35.958099268839106
46.40455932597896
221.96257472493647
10.622760439074552
64.56384837534519
165.00774040134516
115.81481336338943
99.6807851389948
180.44104463170007
20.36579677568553
14.495681066540413
69.83464957270093
163.03153117133888
50.33675023708859
133.46465995798116
129.92559968266153
43.2904726473584
198.3185247664498
17.351810703066093
647.6447712447512
5.043803973569105
145.11224773229972
293.2152231766248
63.64556765006193
9.597012269402862
33.765729250387245
133.0624352638099
141.55456725202438
66.12081313572565
691.6415819371773
99.5102741080443
480.0284506309669
569.9665814322005
5489.3807681132785
3656.310992131083
35.797629384169795
128.1858129964727
73.82724295845814
572.0952317785188
1045.3287413276869
1174.0805182799425
1490.9307360264788
915.120745986775
103.88886555079098
99.20004861010943
57.04898071449228
134.32943099100117
256.7569816374457
13.929601001813886
208.3671792701546
19.287955695928268
0.0
18.506110206679942
24.619989142397788
387.52775130651776
99.97105496752904
19.330786440007113
29.959780863691503
29.06908149631595
13.752500384613201
201.08116495479794
20.014698664790405
1070.9057056441807
70.10603562168032
0.0
52.62585715248895
22.88000622824443
22.59876347655552
106.5270446711762
32.619149871141566
215.109565657017
110.61106573175216
12.435133203650755
0.0
58.7715016144193
31.67500918253312
66.10378462271933
6.666538507010579
90.32101782094229
7.874613657737159
421.7717386144075
38.45561708560676
5.215420528175865
7.785582327552447
2.432283997528903
57.764813589207144
2.8391405549659954
82.57650225022084
45.09973560126988
145.82962380317196
85.10751463971351
13.578963094057826
21.317888404344956
102.85000291541715
36.458378798620444
178.49178616168496
0.0
38.11924404727559
48.12163286957991
4.657747010488756
62.261539293240524
14.487507612516847
66.00863419771952
13.367525387400045
112.95753840688486
6.313186028413525
22.876765736391405
36.61990447924966
35.169679215915295
0.0
32.49190526477306
11.389790038918175
6.904336461178195
81.89818174479245
34.8609161536162
4.507875906534146
12.62194059776882
26.584538781717395
730.2600532827292
56.60693305564879
50.36501931577859
14.207524524373532
32.35905858286066
339.05675956336285
13.532403076379277
52.00657460523489
83.97823587189566
151.7625272054218
34.13242201559843
133.68822296885543
94.81857307501284
86.46081762525694
14.318426712448005
466.37855555650066
64.56218137895013
19.692091196945363
98.71670357095589
33.21211553512984
17.23435240269238
57.2999582848716
30.070062970430147
54.458022340675825
72.84934619441954
8.231835115097574
28.43864093893927
7.510239155993694
200.63338977462217
85.89692556826847
13.31909753333736
27.244884938498654
213.4677588941203
3.33094355052146
35.484925065481264
125.50961664503474
426.11832851777694
117.95113101242876
76.82080791939332
16.28238916481286
30.857515202579428
77.3242490118713
65.67112568881046
31.990336207044326
12.475921334504655
14.068417240570003
64.05194466947258
16.88893141700237
32.03758433509765
37.87779027544399
76.32606202394818
74.79955317804668
43.79155381315947
24.52328783737515
21.355375154240402
31.037513006065517
99.24015404715645
14.200129714160617
45.889857263044675
229.09296137707966
26.127339654997268
11.015609461734057
13.163164937152363
173.91075942929177
0.0
182.92831092977738
163.80667287378353
22.419695179277127
4.415182369543804
14.968221489240893
114.91539539152473
524.3536463572378
37.31247706044554
527.2982296540446
22.99871152618239
88.13515300853936
15.404402804513662
4.062867953746535
18.950717413841463
1.3030578206087664
75.03589046700333
2.606115641217533
6.557960273304328
58.720784501779384
38.99142097913695
34.36987875974892
18.692397052185797
62.1133400989199
16.848540750029887
0.0
0.0
7.850706159549932
84.86546332964045
0.0
0.0
0.0
56.31779513763302
24.16636742594184
54.79741092798338
27.30543009256036
6.5728885452478565
101.48088445319988
11.084264019274146
17.76374518080816
9.510560851435597
31.054690727010392
38.31441299239131
5280.895667369763
9.815902143390794
0.0
6.865679449263888
403.6545901848446
159.02659535891837
3255.1014163178897
172.45804473817083
23.654111879629667
37.17176838039135
318.7775061212024
30.61710291782789
7.801346920400924
82.20283762313379
111.11491781809055
171.84548451622192
126.07544539662156
38.186179747164395
91.56439784364277
12.278592263509694
75.3296335810099
309.14371482661335
65.1433250497563
27.50840895154399
3.4113863830125064
25.057763778442823
240.2264294117274
251.08093531750723
18.404413094055837
111.94193395663105
159.68880886517965
90.78060616322473
90.64376471540955
144.59052099527048
97.02693104413598
51.119575595308
33.864896029245195
64.05514741203697
217.0134347070552
152.65341768644632
24.07587033397145
46.59538108414716
71.92207876425644
36.522099296208125
64.86371080062389
28.402097978965553
108.52389687645173
129.66452095320645
233.6033072285755
56.79758280917573
0.0
87.6012678339522
72.57486843129324
0.0
13.814904560869588
36.291071378401355
37.86628418538318
80.37499016738661
69.99576857646437
43.37273963485191
15.907890152518439
22.377077951571703
99.6360895026042
87.44082160674775
59.921357404247615
34.39880038415244
97.50931317728903
15.349684821033168
95.06828236888396
48.01735221009381
64.50216993492725
196.0180098013803
38.613097992412776
17.525406790103155
0.0
19.577984060868367
53.003282719610965
7206.999332036954
180.0563644391209
86.03777708851983
20.604385227985233
24.599114771617543
15.033053542150736
3.2398335899824393
39.73528754888326
21.910339607707275
648.4863773124824
7.986702343571575
277.50848929868323
2535.0523153117547
0.0
297.3227493629209
16.18944227616233
11.444209020751181
178.98392895560545
44.155135783681104
34.862346858728614
353.58651281168255
77.73772417993732
157.68899357690998
64.15575304694299
90.05920495379773
85.22110419775677
39.74807919576904
79.917725261255
45.19060665634585
46.04103867952617
0.0
18.39132510576639
0.0
44.4062858943329
62.690337902074454
0.0
43.86463592189004
27.91910875555882
76.246801069844
33.31190347665266
25.84899717499047
8.247037495035073
33.334759406485276
118.13344522212456
62.379915722496285
8.91134345742685
70.63777560006457
21.880295150611598
12.872719193308244
11.303020614238227
10.626552930979688
99.09116067058785
1811.163767771872
102.5105978865901
67.1922946429346
59.06159766565003
146.04130966767133
78.85690740577701
39.09980840885669
72.6983719674881
11.121480447248667
78.44417744452451
588.9395889387163
14.570918305364975
108.04828835686632
32.042911067558045
104.062367045613
70.22906588040202
60.90404381535088
49.19597167956896
70.17614155011566
57.75333456919254
20.018242805682206
550.3187762574904
194.99865169715676
85.5878622341082
486.5906044411454
45.18858362521573
56.325953863056476
199.58824749685718
360.3688700175842
783.8669291234006
438.8407904177828
388.42615982660504
318.54019197008495
141.25944160479358
232.04594697165362
67.34162082153705
38.26717760032602
190.93241149441286
589.3848677848283
75.87621345313198
33.21838857303686
96.45997647802264
29.02351225662405
130.76321460460994
74.48538629012329
34.158043040518194
111.23684356693174
116.08507283906845
494.50221881992456
77.15994611524805
154.35536025689063
87.87484168349737
154.51077221450467
95.20916054048924
17.628287693720313
154.87024565357257
82.57871337651632
51.179768845542284
721.8385499000475
31.424626736930108
45.613039908054446
45.47541247285185
62.6569375988896
15.98277627021821
45.97932064324287
83.35304672048755
12.206047568209527
45.1435910430543
41.42240449434491
47.515929421425874
39.56474439537221
104.32220356510688
92.19386311684096
61.60833275946115
99.97844737708213
9.861959135859228
55.469969357929834
29.277277945496117
38.756087729980166
42.090146158614374
35.42363702592714
64.30059885037616
213.39029742528447
15.366010382715928
7088.898995385442
0.0
2321.9079691329343
81.92655638423179
69.06081551668667
37.78505648097903
110.20718513153042
25.28151084876166
109.02151477113712
0.0
142.80685774557296
175.60419871267794
4.254938925649578
367.3038840257018
6.24433300045361
480.49389999600413
119.9052014703745
50.99423384530127
388.4275982386816
66.24183633695445
82.98238124292261
336.1296993919671
161.7430388535491
447.8364034281498
206.70412652997584
215.12681599562703
14.960922898449676
207.34907992928407
79.01096432034727
203.0715076094771
234.52719850633113
27.952988311223532
213.01652702469787
86.89203106109306
901.4495189770857
70.72172297084553
290.92247933914115
245.79456634591628
155.74329792606366
804.7247467699325
136.2835296570619
0.0
263.52495494055586
86.25314961543961
163.013573956043
138.24172455431733
85.08891496185946
114.99081630222675
277.776622561067
6.2188543750275596
204.06097194136728
405.5977496042509
85.62034659366631
221.82906754481007
289.98698648002795
85.36515210438532
1122.5594464528594
249.2804793167605
12.232775381638632
806.3699238752429
171.86099949104397
97.03501525170377
118.59274294231662
191.18350620927677
281.99167003675444
40.82922489555894
3277.104839999406
4724.200521444381
387.63928877706417
682.8498385943375
1843.2979472872112
101.99754858408474
99.8131104014291
57.375614111949574
44.1286564759423
447.5538574011349
893.1714896716989
1475.6781995674485
116.42364369877448
685.2090103138751
107.08457901391625
21.022877791536363
35.607955878980825
2.8309703983979686
12.43265186977125
57.13475904473967
57.55601295172485
36.61754110078294
63.60967895508348
80.027418341173
5.515861038285197
40.29189371163122
35.1972734723677
5.868898361193933
51.861289800970376
38.01707271767721
0.0
8.914459518560122
0.0
79.26195064875957
11.203603961515702
160.21924534309247
26.818483115841143
753.3780371200172
6.864406898295432
33.28270965292861
0.0
175.305964299386
166.90187400984468
84.68702819449193
14.215052316925531
35.84555330878975
34.502864584948846
42.28531260593493
1.9855876029833084
0.0
3.5394163736694697
27.03191392225228
21.525698540641727
0.0
44.85971856991952
92.46407852416287
150.8621978506199
37.09470416811122
146.27000449386907
5.325122828585808
5.604359870252494
126.30164358727461
34.50973218233368
171.64173916326735
15.931424304747523
160.0464846038986
425.184393948834
206.854274379322
805.4732323260039
13.197768457785559
52.178543388665744
150.05130309394974
14.294752325636836
128.6757538645098
5.368681676544011
9.080570668570532
14.940486434353174
58.82376094425493
22.71541206767753
12.731949064876863
80.04577392833752
535.685985481195
11.5280349090365
11.180604630460746
5.369172722562342
194.8408641017765
24.391159902680727
84.70672990330158
29.208391005781607
0.0
5.29570202624575
41.46602917999008
128.97362344436408
0.0
5.266686222982193
71.80840081148573
32.75235465207666
0.0
36.71311394696139
39.82076289323123
33.430078333134546
9.22148689373512
986.9412954584967
630.6588365035088
149.23845052728254
8.156152567984806
649.4936160695437
254.99521011305683
54.812013063436126
11.47851512241183
19.909624669948702
20.092455559169576
545.1902062154456
47.83107886769858
16.70745749942129
20.250851504446317
0.0
9.583799226217813
326.0831753268492
9.899619108863845
10.114321348811863
71.1323949043212
23.054118931379623
87.38344810582224
9.0481563738079
161.34444002827178
3.9912375647488694
12.518251605566311
10.596750367016105
13.392613109501552
17.477669626235667
38.03977364034736
19.164401266552307
272.19308929892554
7.763474304480529
65.23984775357067
69.09557276265022
4.168944586475287
40.97931942594165
48.01015274746948
36.70362787880187
44.05529579784228
24.839228932633663
34.126217315827226
0.0
44.115281981214395
60.54665112932038
92.85949889904573
19.202090026429953
113.7597671265979
9.124149943546055
300.0270405086498
15.845816993938431
98.70997701782332
33.2321589652334
91.31971476771992
39.41991723614507
28.46624318141175
24.707382730997384
149.6083427503282
32.00040685309447
126.1807730850206
60.74230802383462
251.6943395504084
27.38278158857002
178.51224469724866
76.85647942545395
145.39981974539978
49.614525852471
19.55673580341481
54.71802734078225
28.808158384777485
161.96616922317338
47.61298735874359
31.855104515352426
134.13284169880941
14.077242386194945
164.5484974718397
39.61990831581165
50.63973866947958
44.3594385755608
16.56557535110407
101.64122508415653
57.45344302825029
61.35463543147473
7.422386998240903
133.93025315297862
3.4952051717993706
3.669815022530516
25.128280785916587
42.87870460866409
12.018071658899615
46.86776965261858
3.5362674302483366
5.851214918518915
19.729465519979513
0.0
46.33764043839483
25.62146445796698
0.0
23.747251226806483
20.553784485815974
10.939270516798407
7.157949658048744
776.4521689712798
29.612920246637447
34.06792376635102
32.17718070481562
7.1870026683188835
83.48278247205089
0.0
9.991419517447556
29.077919743305937
11.370311787184077
11.792837586017546
248.3074169992593
128.02388416037212
49.20304606889132
0.0
21.87420328926365
330.37476275091257
134.6512489965765
46.35592405524495
1747.260514490435
36.51179396977768
310.2145679740029
204.08036723348255
63.060219868562314
217.60052987431303
9.491738513182563
176.2142231759973
13.752841888140411
18.836800390646637
0.0
134.12731967084642
24.008567941820168
49.30976796883869
21.88591515818035
25.721889902168623
25.98250390032697
31.84726490478807
486.4631159549448
0.0
16.56332385257458
321.1877220393875
97.69499080963736
97.38252748743639
5.74339912821888
291.8549552534361
9.9683665389333
0.0
0.0
195.62810657858137
23.281449189249756
44.547035349824014
94.80349854668748
152.28726879796983
312.85570115006766
545.6851308959481
93.14320432865841
3577.9899883401777
30.191704726914594
60.69371179925649
55.929663245992465
224.78557067388678
96.27709679717081
860.8731765104181
385.0972705899012
38.827537745856255
99.15550093153075
103.14454934372706
21.61583995002466
114.56557567403715
278.76656662695933
29.927694736234884
4.36556629266706
52.06364728854135
47.907209323666585
68.1631683757784
4403.390563577094
390.9765394554995
119.98595097905068
7.134009963478392
93.25349102161266
80.551198597582
7.942651907321181
6333.986123725908
17.74795825135809
3739.7454201932705
248.40389300275947
2233.7433062690684
246.42908042524527
74.78487656853113
927.2525699308189
1238.6029196667616
1051.9354792666923
64.71148653839938
856.9557829338638
9483.158289963232
334.81544756734
29.553172351632945
7390.285601128565
129.40281395976012
371.7168248969413
14.68554999485533
102.1561144926756
0.0
57.910955939771895
66.24007564296022
11.160501183164367
94.55445400434648
103.68500967886418
16.85636466360458
18.428890077152996
63.53487573927269
79.19506698188019
202.51489933145731
260.91884272797455
24.50323296150038
526.4859945647248
155.27780430718363
290.3752425343939
25.303549610226515
46.96424659394369
211.77204594231372
120.1274183400591
59.709018605215945
242.26271824506227
21.52127221200323
144.7782822148678
47.5573697889344
6.015195591560855
38.24867590576261
5.591972335804656
19.749484773145902
16.098369924524576
35.44683312109209
0.0
8.638180954231421
47.045873445757465
13.380493917362461
5.709234287924962
12.273175945252405
28.58471855704767
21.530855949077782
0.0
66.21844596977974
53.040859165156256
37.317255984957086
29.439938190374225
39.86221746412766
41.87326141236824
45.84802995051218
4.948438060532585
71.68260708947403
21.361711531136763
15.482707489019035
51.683511376606205
14.769239838748689
75.52394409551309
49.40615687099654
13.316574766489929
12.073938237162023
12.152564686018478
19.328211260657543
50.362846473897314
11.927477719393279
56.84503591551597
4.783790639526656
9.390731522784174
39.46620375167893
58.0292427261879
21.151994249022646
34.676601104023376
14.22080843451376
35.916661723264674
24.39477594857926
76.1683816088589
640.7348177496268
398.9300049915266
10.890623835495488
81.38969874181305
530.0038664075248
193.5672194265356
106.60074203047957
36.91546094478452
157.48956475405353
1185.3726282054195
38.17661884449908
803.4475993811222
121.85268967988317
567.5842651417703
166.9924570305134
9.899850155979156
21.75307724705643
337.1611580876682
26.907780977425027
69.7792709163725
27.51693863362491
8.636174501409526
15.848935467723983
783.2739485422287
125.74069874577123
21.09962429497109
40.39167538276687
259.96650446768666
44.622162767177436
51.437284532634166
57.273031418182
90.51788294975866
252.38328323930597
156.1518615216357
60.3398447178818
31.840435837190647
103.8037118435258
138.29614323430104
161.51814561512595
137.3011725947847
44.8303565034355
124.92085224510252
80.97312667116071
103.53573263248161
39.34007257116224
152.38387222292982
31.83719913093336
210.14480932681613
1110.8662460551798
66.79167625020968
16.33833833349265
670.2923619228721
248.74607151533718
154.40094156865143
834.0986242990872
99.54330781275831
439.23839936646726
39.133659181745536
157.47911659646832
35.816466154550895
57.20951435253393
456.10613797746896
345.49081742278406
302.79244379234643
109.62066944346651
220.70180274684915
229.9061931959475
256.1169299859232
175.3119039195173
700.3589833339196
78.3678046099577
108.98916947195322
152.05789385166045
312.3073459979106
220.93855573302676
119.47787819729461
903.5244583233564
521.3362705130832
285.4716072253006
681.6809530393681
310.1039739366732
151.81659879138175
575.4751080856129
93.23483106005838
657.9118773612906
40.33309654048237
97.47344537008658
216.5176007076161
75.18858087436942
115.74319811724843
70.97032635198192
366.6801468264872
103.63834213244715
66.59408641832269
92.94067312281832
408.7811240100254
197.90968159420814
433.04589561168297
97.61710413763588
385.8987200193419
75.73985948383157
129.75651413332903
54.055208181835525
34.54871036082437
103.51832334138551
148.06201425368297
53.75467844204981
96.24505873201828
73.35495627378778
38.4458791501828
78.94483142852474
98.21896609078071
155.33707396309612
272.6978674395994
598.3211481633267
108.7851169485815
450.255507022046
62.69780938269804
29.391713231675503
479.14585354414777
1015.9264018743495
645.2357577171067
837.0684950166542
704.9680449750115
843.8424107794359
219.9222326843262
0.0
12.9613456754747
38.19345847858963
86.92028900128507
13.183662638968878
19.482413622163687
11.250903910756367
23.037560374091065
0.0
0.0
9.47704016093537
3.6501508193835
6.686560132132857
0.0
21.122831383987712
0.0
137.7088421223884
53.02059322897482
12.278389328690274
265.44630822052443
170.57660061128047
37.19495883681124
1.9956563842564905
10.350225235909926
208.02977430859434
88.74528900263286
22.59688774079047
61.64992197650565
158.98493666557897
169.75382126352025
60.924992443331746
11.952170616139703
144.2762428479236
178.47913653721318
43.45056675759862
23.219905744945695
196.49667002188355
0.0
11.911489842050901
14.182301887417484
0.0
0.0
0.0
3.7810161650965015
0.0
3.1676845575345762
13.590240862684325
5.109242008234966
7.972877750161824
0.0
0.0
6.878263441236517
10.143205192433179
3.4500919932088574
82.03098372049523
545.1601566181267
56.18771314442479
629.1349771584901
23.01114363114432
56.035494111444365
18.201291191311352
11.956531692838908
0.0
6.704925561041279
37.410118946183275
126.23699180841551
67.6609727228535
17.60359100286151
55.827773310435646
68.53702284357922
63.67632440000352
51.96412145604762
13.01006858826815
10.870376104308468
36.112259972517904
55.61015382171604
45.73538148622707
0.0
60.05664947087144
0.0
2.856322191939243
20.599085049663064
20.67684846437501
7.695819257368308
344.3468214130246
101.85354828702509
2.1236796668812055
246.35929236523953
7.035835938289966
434.74277426700513
0.0
39.4677490779588
28.98157065258986
10.650557142537565
27.303800382189138
86.29678792230317
88.1816008498325
22.567028035646487
12.661804593728686
37.00151987536918
22.330010441139027
11.898131066513747
292.674799654574
205.2407979310526
25.89397701395285
64.40884294480495
36.87954919914948
157.84360812216553
263.2436266015244
75.4265432717281
56.22187310972892
116.20139937466217
5.212070152779141
126.10815601773672
131.05300960877142
210.88226258245953
57.95999454185877
49.56118594552776
30.42563296622091
11.84833801930665
32.9221617315879
39.68751809638215
21.002087144861346
70.45976249494117
10.011789331984787
170.76294930701792
1830.4799147303102
246.61273102352334
9.435897730573677
861.054310601431
184.08112448971474
15.77364463962744
370.3854099161944
62.560169614356276
220.8620575826231
279.1292109995558
162.35078756127783
162.4794031763476
50.49310148906115
109.20118717852502
87.55182724043405
263.19836556881273
160.64059319649326
21.45432556523026
317.15660523887067
36.32493461735174
17.979112703656522
8.472446831555578
587.8936826549161
287.89786859569017
33.24244527972431
120.45889367391824
501.56237742580566
25.961004591033007
123.91972210595482
38.43101235098805
303.39785128352406
561.3773907252665
447.8777157210658
18.09804833311467
193.91942343872196
98.41972841377525
101.76945160463798
10.096724970108058
42.94996764947949
88.38395229893435
103.3082854833869
135.64504019624115
165.67809404612993
86.16985409281648
124.50510122915509
177.54415364515373
41.15267867536309
21.55577943802889
31.04104719129245
91.26850064918465
84.76080140568794
29.975393552670294
103.49310003424087
31.52828738428633
80.1839019601389
69.63417143480463
170.55506822294402
54.5225654529286
30.865833381486897
65.1212181417095
34.4927311705072
30.70161049236474
4.590934097289974
662.633266237982
5.926026897762623
26.25862410248833
29.48966079925682
758.5767926123366
34.92845919253198
12.55161628373214
9.471849977132672
89.59602576858312
10.087099947166731
96.32893734147801
22.107253654762786
7.437913033483936
91.37350321460093
51.95183406754359
29.604630245314375
538.5075622189757
54.9566687963952
68.06374836241554
894.9101821434081
19.265849985578857
143.25488364960475
30.81273574409273
50.93054798537279
40.97341981552645
36.09362528588073
49.83078349804219
21.69370372907892
6.583907285422777
197.1417419799994
58.94732605195757
94.52123718644948
50.22168690668793
24.454497152646187
80.0103407051579
67.55995544563801
138.03667697774355
115.63174607918239
50.260058963220516
56.02919836654597
29.415937890485765
51.04674100809388
8.248388982385762
56.025797625334775
179.76504473303604
52.776599155106595
16.838568319601702
10.528453308265602
19.034482358633856
26.136123135922123
224.5566466662476
41.56070376009944
16.424966090311415
15.841280711907688
18.676508906333822
91.29501920552202
38.61852866709703
48.66617216841369
18.396855572950066
22.460421120731727
70.98787072513969
19.274892890905384
28.449048941435066
46.68655170033194
39.64210333750515
68.87125508362494
108.7974529312805
46.25917820351835
158.19755788369793
108.0823186844472
66.8081437418671
407.6024532180671
39.757301233715864
149.6290352617577
197.6612603326907
106.46767470844172
8.78820742528482
41.28669363747142
21.875071927327383
21.641149175634457
134.19648640264347
9.31553395440494
61.78062825642549
13.084106672336677
34.92442537042047
778.6777289893548
15.790834215002915
3.202222482152645
75.40611600380977
58.06055436325355
60.5469713874334
38.68525929491118
43.86549201766866
46.840977825030485
83.75614525644728
7.349889082707795
237.7289695599566
207.53137721743812
138.53355744956033
118.47999233015115
25.257538887490707
13.483941023281854
502.44662746787327
33.84006262192362
38.01395792898883
40.28179322311433
3.902228597680206
26.757358794179513
15.729492868660317
225.92244424810355
5.34649382836858
15.259499483485433
395.96967727249375
14.116812156688775
58.78524018435734
47.73472454508779
68.40245359501225
1157.8269066153039
30.677418756619137
412.27977604975183
305.1597469554208
19.65207859052431
1972.2738347984184
47.49437090569963
28.587077714372374
17.246670418994743
134.23203213353983
65.81932122913943
0.0
260.7444117569924
169.51856226672226
36.603276075488374
6.27979133954381
69.54268748470281
0.0
139.2667726730857
127.08871227732466
25.43856536085823
69.57176063575423
96.29394192759378
501.8011995783325
119.83790782348264
25.438766651238893
0.0
15.19364975379968
45.33523562213638
121.92323583202656
201.78824414648705
108.76046791023411
110.77547041666094
13.282860677627479
106.96584803270375
57.25982045601772
27.76262832803022
12.1060680874275
67.2125995755448
66.93000402396963
575.9352527080705
59.1081185705421
24.9963459740423
273.9908258856406
178.22482489619446
83.31651995511832
32.696954814206144
21.17029072968109
57.20351321122607
31.679750400286643
77.22906335682437
15.439122976340597
201.05938237511972
70.0302088310685
502.1400361327171
208.83778055337277
168.85276373983086
70.24899126819791
9.025578670910114
136.9961330352303
9.181769362413114
10.303002781943277
185.37965199766
130.07833571432622
83.28998438962064
19.750109739850373
106.40774408235505
43.45457891090975
20.82403840244732
12.607935031935758
69.58050236384973
179.83271943582733
25.759696371102876
98.89504281233216
32.50104928823517
105.36615080980627
24.604555068245986
15.15607227495795
41.2121901947697
40.31294245883235
25.914164520090495
72.97430790134601
46.44447708441106
20.066706422709288
104.2045869162262
203.9249918791147
13.443777503087881
917.8544308035088
14.99814436456561
73.71719803694148
211.3530876446818
56.72320940416129
19.6218894326026
38.72609213726578
16.836333639046494
114.00699042362535
11.531730153699325
31.24343745796572
32.83690104285556
32.97704075487962
51.772731740776464
12.029062639651077
53.42856918337255
68.20750160844389
188.6849698563953
79.74560179104637
31.61465420093224
156.80097810115305
49.080917841957564
79.60780814910628
131.43486345881416
121.53255448317994
138.58218333331914
151.55267608647378
309.82787854054993
44.720525990859855
441.67736175402587
149.2196558109713
74.91287646993912
41.853264088285115
10.15831461481036
135.0689645588363
0.0
506.223329440116
140.6336038737084
32.80236855806072
93.2072539703626
76.4512114532234
44.37511492395746
16.14800622598646
56.841220818785914
72.02876540537746
38.517631071375995
14.130632930010648
34.44456989398108
4.741706561003255
36.11621983677371
76.67517710609661
17.921135590564333
56.4879717771027
33.23483276200288
37.398903594669314
14.866796282062856
405.84225874306645
0.0
6.93721281109593
1350.1013390581616
0.0
0.0
326.500353645909
0.0
393.2241493478595
275.01365866700843
587.8365120593213
14.161300207204306
156.0010722776543
0.0
131.2564368899914
50.02901878272423
8.360025376197347
0.0
243.38760655738446
9.081589172758118
10.596511236658495
0.0
0.0
207.30556669013262
64.29410490641659
19.735666217152293
120.63584844611985
43.407184010119835
21.348391594812202
7.191122615159005
328.0451928499798
3.4360448835767703
48.335130500621
5.3650056985810775
48.76432288762417
144.75214261330444
1592.2430545533666
51.795015261964366
31.90216597065064
36.83711951312186
16.958446659378076
152.9966039333256
28.54366062484516
101.59365049427647
485.75820942524956
34.98666026441128
27.238846683303617
0.0
964.2402897054797
48.85207293814077
146.478523718258
5.204791478585584
2.5765788017829543
50.337391907481404
714.7155746783367
199.27354026275765
98.93676195756996
7.045573334252536
55.181091880438274
605.5662142801636
306.5456289734269
69.10432073576246
222.41562845244184
23.65223112694107
3.765598251613878
255.14569712807273
36.46264906401535
208.46275846785025
326.87512494185637
154.5256994562301
19.478135313697813
512.3161738805816
211.72623828206667
242.9981220770525
176.7360192954677
19.30209538308974
101.1901637838921
112.99485011923423
1637.8995122845295
398.72873448221475
173.13421461786
1650.6236960683989
3730.8940372935626
41.93981478559951
506.03398438904924
590.4590963955021
43.839790582802515
31.205452689505055
54.48576734455846
60.26417374831533
42.45394856820937
39.03805945669501
48.15359909943323
0.0
0.0
0.0
25.882761130860914
4.532586808759324
67.59969582804811
17.867886344168678
166.20525393555928
512.6289754886013
72.14992638873434
455.81571346107546
271.4336365974655
658.916516410895
0.0
4.148039248075425
51.43145410037522
33.55606575330903
40.14073426379118
70.08027372345455
314.22062904204597
182.31952811671871
23.786501910044972
43.83688264435944
122.23503651185874
91.95774744395585
41.77854064820823
0.0
125.44422096728293
10.71011225803812
1.5530476716216164
14.851512226902624
5.713540513746926
9.758488315461227
319.7047690852835
45.40218044878354
4.756201619334453
0.0
53.169307561506784
20.477466855557967
15.775751760489943
10.776802718204742
7.195593466946324
27.95846976358816
94.85428031371366
26.328373003441857
85.44030735934567
0.0
0.0
26.274249130055612
23.47368745481837
0.0
0.0
15.205747992969961
0.0
10.093440586486672
9.415805507116193
0.0
12.48640926691965
16.402076392037735
20.538581155643136
0.0
4.023084857968733
10.418772202225522
0.0
50.180877921206644
0.0
0.0
3.5760754293055417
8.593655687428576
28.820159290885353
25.327917424017777
57.735509130465324
10.981462511806159
30.54850841534851
12.948376128599586
5.689268035001244
43.02904422107485
26.762742890188218
23.965345232908344
13.729828803755117
8.56702422199721
335.6019404687195
490.3893194301377
324.54461462639125
18.646276689729365
513.1693489686662
17.168941493765335
7.627682668752843
725.2614266562441
235.7770284329878
0.0
0.0
8.449237944137897
4.78418109609752
2.640073590965264
37.23793262861111
52.8702451174045
9.41894459375011
32.57370474249395
29.738868768578598
22.298300876010696
37.07500519348728
34.10604826295789
2.156507447387118
4.672432802672088
79.50151608912299
0.0
11.560816721674595
0.0
617.2404064056772
0.0
0.0
0.0
0.0
0.0
18.0333700607138
6.004997237072891
115.78437023112129
614.4660293519961
411.9937040133028
360.1459965161684
144.82263966528734
714.1874509231404
141.5857690956706
13.6196073795919
522.0812050552242
314.0971459003531
4679.151417337601
418.64388547638447
10.841469051226603
31.383887861103354
18.613243288522177
18.984847078320335
10.741202927930372
12.69437155882229
269.3704796957089
45.75243570786141
2.322605009663066
25.19588678803852
14.80602706199057
206.07848411337116
0.0
1245.7808985486338
83.05217935935512
0.0
0.0
1067.164453310876
41.27875837824515
202.50716653493004
1523.8258013202972
137.1246102094965
29.733686863750012
147.69628238678996
23.0205219832189
13.187556032646903
175.3804649170018
73.94314271843034
0.0
2.1545877381785776
54.977631507308836
1520.5154050686044
24.786555540286464
0.0
12.680185162893544
154.50438939040995
1024.816365169023
0.0
68.86012036247014
2.7833679778809413
0.0
14.573887331339655
7.4989332565718945
29.6013475093559
0.0
56.9106933352507
30.276439666724073
15.412711821067557
73.6217191635745
0.0
709.3591088337032
587.5573905258027
6.981118776726471
55.08559856327353
0.0
0.0
14.502985020505395
5.738215164162732
0.0
68.29493209131445
0.0
185.8587797484753
56.21163570506821
114.71025449058598
25.096557219566247
42.21760136415387
46.4402676376463
26.613150983356412
69.92939128301951
15.944165645589974
24.840205890594376
6.718271102584081
56.354876657212294
3.478275204597115
49.44820344126474
39.8458773388087
26.10384758955648
6.696266097516183
10.883890563349182
10.570908014119762
57.37844881099326
199.70230724697694
8.717854827229125
98.44143687583139
97.87894477077404
0.0
9.27595054916396
56.86683305292286
5.7580247793291965
579.7877711749135
1246.7578868098728
36.06997856582904
0.0
31.204181249986842
52.9340910023818
25.304134164496205
6.552602807979923
24.33706074744821
0.0
0.0
45.06475670950771
0.0
3.19842716740988
54.97554603232889
0.0
0.0
133.22985118625547
17.571662557167397
0.0
10.535343598133354
1.5305521701197422
2.5218048867621943
0.0
22.700160059183126
129.96568913673062
18.592365359476485
7.179058647011923
30.042098362456308
0.0
8.764431447652399
6.466758086736052
29.44234448282632
4.902152048822094
231.07750232271235
3.2550202186769166
50.57854396082838
48.54569581198659
113.37956128544153
47.198613300692024
0.0
0.0
85.09205752039423
289.18064480112633
3.542676708723074
39.38690378861891
34.46412270559236
16.236355053498546
0.0
99.0594459894461
89.94763106483241
166.15871387388222
23.578327578251347
32.46883389716004
21.703701549949304
16.630942845429555
3.267112460755922
0.0
11.596918964204173
22.348783921849872
37.03221751050937
27.968221088518177
121.06478227445912
18.08355769952474
15.538158896783449
60.946245385084005
0.0
135.7370107297851
144.81464758065263
119.90565725961245
92.7341566711645
174.3598362977542
79.95793264666906
416.37313621163804
5.513041599483803
96.18857905900845
365.51513476819747
569.0018022419994
278.8137339899921
25.449213372051517
21.543909344203268
0.0
10.468312799714582
22.62762068990009
4.218114163590149
0.0
53.13959320600995
0.0
411.6544447979385
0.0
44.625482199836554
125.55386931347078
0.0
530.1859634336253
10.750495089559939
83.71165245015473
0.0
0.0
0.0
118.7312583775344
11.97138271898488
134.73693102713318
2.6806523936178013
127.93619166781235
0.0
32.82281428292495
58.695603390837476
0.0
0.0
181.65952867771162
36.0005952030827
615.3981867410632
0.0
472.9048911573104
203.4987539178991
47.25264585207396
818.7511673453487
0.0
62.681946538252944
50.8245821647275
1023.5343389879978
406.4020772274589
77.65821638273287
166.62582180168874
7.175963459986036
16.910932661748877
144.85524974628765
134.22729488660133
260.63081786389205
41.991310762404865
0.0
0.0
43.48484349894258
37.94110856427346
63.72774152697756
14.136082772929372
0.0
2.945226104886593
5.708711417500825
57.240433277391354
10.774163400953517
59.07086625691685
1120.3818979027485
14.95607745756034
43.028641260095746
51.57066796063273
191.7030868529072
546.7546992725497
29.222427795350747
18.941645156695394
6.889493442389282
8.898788609837158
42.65655683190039
17.993616726237253
32.76961482137733
99.88233063157679
25.156995931138916
21.994191412522028
36.645906406836616
2669.201787935495
65.05569835165416
105.7937043560246
321.2125375460483
13.270027483498634
50.25074105126159
120.76462943051929
123.49865502131276
74.9850281188095
45.220063661772855
96.96567742858382
0.0
7.867883691592701
206.96528955922656
516.2930917585662
284.0946027893798
385.8280213316716
68.77598943126172
216.23347782426015
616.3430521133059
1652.4473880334767
0.0
17.80998434585252
46.89820291542333
8.442001160508212
10.713922337222966
10.995700162612822
8.23691565806565
0.0
12.35777088194848
3.9472268717216186
11.824483500207066
432.42322439979307
2.4768525481369363
10.005937909992774
32.88360449973117
1394.762178282279
49.65661595908228
157.47991029964675
90.08500290561163
76.64311919399324
6.296923517380649
331.71543828816056
386.80061161232453
1223.6469748405684
215.54450843944605
225.18854337671743
124.0921368186911
94.55760485754244
139.89386657541547
1685.220880552732
12.490086020852171
93.08270400413387
7.9479474276809565
17.496765950534794
106.6616850474314
175.99220139005448
756.7645201573254
147.99680486979747
153.11352302170806
240.12691280503654
353.14217392415856
29.983813678933974
221.68170433142737
924.6633495190715
284.0480375214968
213.71453521858587
122.80791163101847
19.256920469122576
23.113740347873257
57.35241630091299
299.55860112281306
6.2461910063023005
25.053254174772494
33.12917980875755
95.10697742047967
169.93951496840262
18.518727071334915
8.794217728301426
7.860240509533687
128.0633374117373
10.969546635350342
257.5915410796984
203.42121997904997
30.183915016549694
7.587764646597625
39.75639103931564
122.44224469933192
120.81058759647742
155.59807060933255
61.520092070761706
7.167547907862699
36.64127634528945
7.254107302693945
771.4536347833853
69.17296955699915
20.19924372116344
7.931257822350467
423.3177593948527
895.9577932379239
39.04552434209648
57.280836073659074
60.255309026469085
147.20917914409176
27.827277773043463
91.42300819203473
106.93815262044399
531.7154183318405
181.12058554248932
42.00719002437386
11142.097975141183
339.8612588741036
142.42409151822324
77.05920692042199
75.33163042315242
3704.9767732355526
194.2414012840354
47.7649621197347
154.81645090680144
730.6149115594658
75.55071372755572
45.126113727015436
157.12661074469784
59.854151666991896
2.8783018918521663
24.212064149198106
8.229943998805046
26.074682906316994
3272.6542085636097
252.0537229891365
1173.7713148470832
14.062133563219927
1.711217222390854
4.1419123856866875
606.661592019003
83.73909925434084
835.5238312537465
13.163552460105493
18.675325541675594
290.7960406551511
56.65702876979805
22.398472936840246
53.59037078803105
1797.9975184664927
17.425702816820554
927.3954037032206
8.798840477316428
11.890861937889342
16.82317657467107
21.21217846194274
1469.533225802104
57.2129143065614
505.6675254089826
554.4127928708523
100.61974404579509
331.2068860931058
182.10627857876852
38.16717805518126
124.04785070920713
8.044799074369857
160.91590600030196
32.53199086149468
702.7556306430242
29.864438300234028
78.79333671309188
2087.999413593781
3756.055467724929
3246.405176765699
27.94812979837505
131.93106328713586
141.49157512952294
9.273592354872575
5.198540041562358
385.1973456118012
211.77823118984588
345.84475515327654
141.6419911339078
141.12538925752963
0.0
10.056994890509966
12.752036606167222
0.0
18.346423626974108
19.240327229739243
127.42631854811114
4.912175824233786
179.55330279129822
4.417635652103247
70.40365085135589
20.668755575737368
11.861358982428394
1382.3472750299943
70.79576167362613
0.0
42.104736447849916
8.024476389459636
36.879745068508825
51.54152526761089
14.267380961205639
331.61155584130904
361.01418268569444
27.004719913107273
0.0
99.07805702363414
0.0
10.666853985559802
2.6211055394892915
861.5017444229508
111.54090287594582
31.418534847729525
22.169169796422665
331.2981074305574
65.87297433447735
3.5403171758294474
10.260500716134505
82.11896545696139
7.913409601867494
0.0
111.37905862538055
1.3443466913275712
25.552127489051202
26.018507394749232
64.30488723863128
15.808509176459301
48.09705946368575
0.0
0.0
0.0
0.0
0.0
0.0
0.0
0.0
0.0
0.0
0.0
0.0
0.0
