10.00000285283631
9.748577218687172
12.582953210400166
18.088384857982305
26.668782999238296
39.36675334798716
57.88345596187878
84.77668834672535
123.82093399312276
180.56867086765786
263.1962341381793
383.7690310622404
560.1322621592931
818.7375296739931
1198.869606543806
1758.9639578778495
2586.034708072399
3809.7028960325215
5622.969334001372
8312.753892082352
12304.336488100811
18225.1336844733
26994.557035002486
39947.651005284046
59000.05443610532
86858.91162486505
127274.42772091045
185299.3195385775
267457.9966680809
381600.7117006126
536045.2595643417
