0.0
9.225599017659507e-16
4.10385665584153e-15
1.8883395537459798e-16
1.3860148221061399e-14
7.028258446027813e-16
1.2990160438175558e-15
2.060006785904703e-15
5.926895340884001e-14
3.3929523532548074e-16
3.792028177661447e-15
3.265312717108561e-14
3.4737369330942013e-15
2.3222335320633926e-14
3.4575800171263332e-15
4.1469417650892104e-16
8.168992426863487e-15
1.894975429947074e-16
3.1028145347616014e-14
1.4535838732436085e-14
5.028840095002667e-17
1.533258352053923e-17
0.0
2.2148438972635547e-16
0.0
6.732048319950019e-17
9.225599017659507e-16
0.0
7.711946553267577e-16
2.656387066483807e-17
9.675141444295226e-17
2.1951229557145246e-16
1.2503552145495878e-16
9.609668974360016e-18
9.505335425495557e-16
2.6052810996656194e-15
8.127803106119575e-15
4.6851254679565636e-15
6.699655287445774e-16
3.064111592967361e-17
0.0
0.0
2.275077295112034e-17
4.471437808477729e-19
1.0248711961154963e-15
3.706586604396012e-17
5.683432793407221e-18
2.186633947845049e-16
7.377872383988255e-17
1.7775141982859086e-15
6.762461338242483e-16
8.704300875989965e-16
4.10385665584153e-15
7.711946553267577e-16
0.0
7.315594508411137e-16
4.2948020263710205e-15
7.89877349423662e-15
1.592293444845429e-14
4.455391979021461e-17
5.160298638559509e-14
7.160451394855923e-17
3.325313627771093e-15
7.31320769127953e-15
9.380191327261242e-16
9.356323155945054e-17
8.115178247503393e-17
0.0
1.6098670032572632e-16
8.819857591124126e-18
7.944759504305808e-15
1.2920636739162254e-16
4.964579633766779e-17
2.0653274771557236e-17
5.207601014440677e-18
3.5802256974279616e-17
0.0
3.978028552697737e-18
1.8883395537459798e-16
2.656387066483807e-17
7.315594508411137e-16
0.0
1.4460439791252633e-15
4.835293705804095e-16
3.024574669187144e-15
2.479637797848253e-17
2.1835398725757902e-15
2.9835214145233016e-18
9.189245956731774e-18
1.4440243646292805e-16
0.0
0.0
0.0
0.0
1.5390855296989176e-17
2.8755463538072222e-18
3.150598613736606e-17
0.0
2.1988552825036762e-17
0.0
8.524346898638014e-19
0.0
0.0
0.0
1.3860148221061399e-14
9.675141444295226e-17
4.2948020263710205e-15
1.4460439791252633e-15
0.0
5.170213109721608e-16
9.597208084920744e-16
3.556316725818924e-15
4.28750693400977e-14
6.389325860025286e-17
1.8418884203383246e-16
2.4720081430856492e-15
3.25157933853585e-16
1.3571809413019197e-16
1.7772607564668063e-16
3.231383193576007e-17
3.677091220276146e-15
3.969985066393382e-17
1.0534309211057778e-15
1.798803311090645e-16
1.0905918278319035e-17
0.0
0.0
0.0
0.0
6.732048319950017e-18
7.028258446027813e-16
2.1951229557145246e-16
7.89877349423662e-15
4.835293705804095e-16
5.170213109721608e-16
0.0
2.2544283413848604e-14
1.944813959096668e-17
5.846110761044596e-15
0.0
5.951130714835812e-17
1.8203458657144856e-15
7.001330252747996e-17
0.0
0.0
0.0
1.5692636773400714e-17
0.0
2.800532101099203e-16
0.0
5.2509976895610134e-18
0.0
0.0
0.0
0.0
0.0
1.2990160438175558e-15
1.2503552145495878e-16
1.592293444845429e-14
3.024574669187144e-15
9.597208084920744e-16
2.2544283413848604e-14
0.0
0.0
1.2658405096968433e-14
1.527562964235931e-17
3.696702373450956e-16
2.3524469649233377e-15
2.4679689140936716e-16
0.0
3.3606385213190535e-16
0.0
7.532465651232352e-17
0.0
7.036336904011757e-16
1.4002660505496048e-17
2.835538752362951e-17
0.0
0.0
0.0
0.0
0.0
2.060006785904703e-15
9.609668974360016e-18
4.455391979021461e-17
2.479637797848253e-17
3.556316725818924e-15
1.944813959096668e-17
0.0
0.0
1.0813165612577494e-15
0.0
6.067819552381611e-17
1.400266050549604e-16
1.7503325631869986e-17
2.3337767509159977e-17
2.2170879133702058e-16
0.0
2.6983287744211587e-15
7.112462478982108e-17
9.101729328572408e-17
4.0452130349210747e-17
0.0
0.0
0.0
0.0
0.0
0.0
5.926895340884001e-14
9.505335425495557e-16
5.160298638559509e-14
2.1835398725757902e-15
4.28750693400977e-14
5.846110761044596e-15
1.2658405096968433e-14
1.0813165612577494e-15
0.0
3.9780285526977397e-16
3.0735839809563836e-15
3.0595813204508914e-14
3.77196667366799e-15
1.610305958132042e-15
1.085206189175945e-15
0.0
2.1752408819744724e-15
1.0535335046992269e-16
2.5183784919134632e-14
1.3955984970477736e-15
4.480851361758739e-16
1.571727199596496e-17
9.092636691880558e-18
3.9674204765572123e-16
0.0
7.001330252748027e-17
3.3929523532548074e-16
2.6052810996656194e-15
7.160451394855923e-17
2.9835214145233016e-18
6.389325860025286e-17
0.0
1.527562964235931e-17
0.0
3.9780285526977397e-16
0.0
2.44410074277749e-16
9.929159267533563e-16
1.0979358805445727e-16
0.0
0.0
0.0
0.0
0.0
1.2793339825475913e-16
0.0
0.0
5.0171870317698e-15
1.2027078533351085e-16
1.4257254332868679e-15
3.1187743853150174e-15
4.0575891237516916e-17
3.792028177661447e-15
8.127803106119575e-15
3.325313627771093e-15
9.189245956731774e-18
1.8418884203383246e-16
5.951130714835812e-17
3.696702373450956e-16
6.067819552381611e-17
3.0735839809563836e-15
2.44410074277749e-16
0.0
1.4444444444444458e-13
3.407372400756135e-14
8.401596303297603e-17
0.0
0.0
9.270726955362895e-17
1.2002280433282324e-18
2.311174123083384e-14
1.0782048589231956e-16
6.8262969964293255e-18
7.544290558063177e-17
0.0
3.2031085906322177e-16
5.601064202198402e-16
5.636070853462157e-16
3.265312717108561e-14
4.6851254679565636e-15
7.31320769127953e-15
1.4440243646292805e-16
2.4720081430856492e-15
1.8203458657144856e-15
2.3524469649233377e-15
1.400266050549604e-16
3.0595813204508914e-14
9.929159267533563e-16
1.4444444444444458e-13
0.0
1.5870877966813671e-12
3.6546943919344615e-15
1.2602394454946464e-15
0.0
1.1081415813832222e-15
1.0001900361068613e-17
1.137261079605125e-13
9.381782538682362e-16
0.0
7.115637685445958e-16
0.0
1.0677028635440738e-15
0.0
9.66183574879228e-15
3.4737369330942013e-15
6.699655287445774e-16
9.380191327261242e-16
0.0
3.25157933853585e-16
7.001330252747996e-17
2.4679689140936716e-16
1.7503325631869986e-17
3.77196667366799e-15
1.0979358805445727e-16
3.407372400756135e-14
1.5870877966813671e-12
0.0
1.4177693761814668e-16
1.5752993068683023e-16
0.0
2.109452520116747e-16
5.751092707614432e-18
1.7043425750892608e-14
1.6278092837639112e-16
0.0
8.037241361572965e-17
2.0458432556731186e-18
6.126163971154498e-17
0.0
1.0852061891759404e-15
2.3222335320633926e-14
3.064111592967361e-17
9.356323155945054e-17
0.0
1.3571809413019197e-16
0.0
0.0
2.3337767509159977e-17
1.610305958132042e-15
0.0
8.401596303297603e-17
3.6546943919344615e-15
1.4177693761814668e-16
0.0
5.250997689561007e-16
0.0
4.4325663255328715e-16
2.4004560866564582e-18
8.107540432682181e-16
9.530210740040582e-15
0.0
0.0
0.0
0.0
0.0
0.0
3.4575800171263332e-15
0.0
8.115178247503393e-17
0.0
1.7772607564668063e-16
0.0
3.3606385213190535e-16
2.2170879133702058e-16
1.085206189175945e-15
0.0
0.0
1.2602394454946464e-15
1.5752993068683023e-16
5.250997689561007e-16
0.0
6.02814534761605e-14
6.564833525266356e-14
4.000760144427445e-17
2.1529090527200168e-16
1.0712035286704485e-14
0.0
0.0
0.0
0.0
0.0
0.0
4.1469417650892104e-16
0.0
0.0
0.0
3.231383193576007e-17
0.0
0.0
0.0
0.0
0.0
0.0
0.0
0.0
0.0
6.02814534761605e-14
0.0
5.861803397817995e-15
1.1335487075877744e-17
2.1003990758244038e-17
5.040957781978574e-16
0.0
0.0
0.0
0.0
0.0
0.0
8.168992426863487e-15
2.275077295112034e-17
1.6098670032572632e-16
1.5390855296989176e-17
3.677091220276146e-15
1.5692636773400714e-17
7.532465651232352e-17
2.6983287744211587e-15
2.1752408819744724e-15
0.0
9.270726955362895e-17
1.1081415813832222e-15
2.109452520116747e-16
4.4325663255328715e-16
6.564833525266356e-14
5.861803397817995e-15
0.0
4.67261193419853e-16
3.9617872223308585e-16
1.5093419473837957e-14
1.6296199726223847e-18
0.0
4.703087944076145e-19
0.0
0.0
0.0
1.894975429947074e-16
4.471437808477729e-19
8.819857591124126e-18
2.8755463538072222e-18
3.969985066393382e-17
0.0
0.0
7.112462478982108e-17
1.0535335046992269e-16
0.0
1.2002280433282324e-18
1.0001900361068613e-17
5.751092707614432e-18
2.4004560866564582e-18
4.000760144427445e-17
1.1335487075877744e-17
4.67261193419853e-16
0.0
1.3702603494663974e-17
1.3469225819572387e-17
1.2322341244836527e-16
0.0
0.0
0.0
0.0
0.0
3.1028145347616014e-14
1.0248711961154963e-15
7.944759504305808e-15
3.150598613736606e-17
1.0534309211057778e-15
2.800532101099203e-16
7.036336904011757e-16
9.101729328572408e-17
2.5183784919134632e-14
1.2793339825475913e-16
2.311174123083384e-14
1.137261079605125e-13
1.7043425750892608e-14
8.107540432682181e-16
2.1529090527200168e-16
2.1003990758244038e-17
3.9617872223308585e-16
1.3702603494663974e-17
0.0
4.886928516418116e-16
7.876496534341522e-18
7.608588488955753e-17
6.819477518910408e-19
5.776097458517109e-17
0.0
2.275432332143105e-17
1.4535838732436085e-14
3.706586604396012e-17
1.2920636739162254e-16
0.0
1.798803311090645e-16
0.0
1.4002660505496048e-17
4.0452130349210747e-17
1.3955984970477736e-15
0.0
1.0782048589231956e-16
9.381782538682362e-16
1.6278092837639112e-16
9.530210740040582e-15
1.0712035286704485e-14
5.040957781978574e-16
1.5093419473837957e-14
1.3469225819572387e-17
4.886928516418116e-16
0.0
0.0
0.0
0.0
0.0
0.0
0.0
5.028840095002667e-17
5.683432793407221e-18
4.964579633766779e-17
2.1988552825036762e-17
1.0905918278319035e-17
5.2509976895610134e-18
2.835538752362951e-17
0.0
4.480851361758739e-16
0.0
6.8262969964293255e-18
0.0
0.0
0.0
0.0
0.0
1.6296199726223847e-18
1.2322341244836527e-16
7.876496534341522e-18
0.0
0.0
0.0
1.568479829349396e-18
0.0
0.0
0.0
1.533258352053923e-17
2.186633947845049e-16
2.0653274771557236e-17
0.0
0.0
0.0
0.0
0.0
1.571727199596496e-17
5.0171870317698e-15
7.544290558063177e-17
7.115637685445958e-16
8.037241361572965e-17
0.0
0.0
0.0
0.0
0.0
7.608588488955753e-17
0.0
0.0
0.0
8.0631275415427295e-16
2.494402507905072e-15
4.5535794658127784e-14
8.715941743216925e-17
0.0
7.377872383988255e-17
5.207601014440677e-18
8.524346898638014e-19
0.0
0.0
0.0
0.0
9.092636691880558e-18
1.2027078533351085e-16
0.0
0.0
2.0458432556731186e-18
0.0
0.0
0.0
4.703087944076145e-19
0.0
6.819477518910408e-19
0.0
1.568479829349396e-18
8.0631275415427295e-16
0.0
4.6145131211293766e-17
1.7648807818940103e-15
0.0
2.2148438972635547e-16
1.7775141982859086e-15
3.5802256974279616e-17
0.0
0.0
0.0
0.0
0.0
3.9674204765572123e-16
1.4257254332868679e-15
3.2031085906322177e-16
1.0677028635440738e-15
6.126163971154498e-17
0.0
0.0
0.0
0.0
0.0
5.776097458517109e-17
0.0
0.0
2.494402507905072e-15
4.6145131211293766e-17
0.0
4.550864664286198e-15
1.869938621671449e-15
0.0
6.762461338242483e-16
0.0
0.0
0.0
0.0
0.0
0.0
0.0
3.1187743853150174e-15
5.601064202198402e-16
0.0
0.0
0.0
0.0
0.0
0.0
0.0
0.0
0.0
0.0
4.5535794658127784e-14
1.7648807818940103e-15
4.550864664286198e-15
0.0
0.0
6.732048319950019e-17
8.704300875989965e-16
3.978028552697737e-18
0.0
6.732048319950017e-18
0.0
0.0
0.0
7.001330252748027e-17
4.0575891237516916e-17
5.636070853462157e-16
9.66183574879228e-15
1.0852061891759404e-15
0.0
0.0
0.0
0.0
0.0
2.275432332143105e-17
0.0
0.0
8.715941743216925e-17
0.0
1.869938621671449e-15
0.0
0.0
