0.0
3.0160612173117613e-15
3.4724940934043724e-15
1.1620551099975263e-16
6.930074110530702e-15
1.621905795237189e-16
2.498107776572222e-16
7.130792720439365e-16
6.838725393327687e-15
2.8709596835233e-16
1.4584723760236332e-15
1.255889506580214e-15
1.0688421332597567e-15
4.465833715506536e-15
2.6596769362510225e-16
4.7849328058721664e-17
9.111568476116966e-15
7.652785390170874e-16
2.3867804113550795e-14
8.38606080717466e-15
7.736677069234867e-17
2.889602278870854e-17
0.0
1.022235644890872e-16
0.0
3.107099224592316e-17
2.821947934813497e-16
0.0
1.9960332255516092e-16
5.000258007498933e-18
1.4797275150098588e-17
1.5494985569749602e-17
7.355030673821106e-18
1.017494361991062e-18
3.354824267821959e-17
6.743080493252196e-16
9.562121301317145e-16
5.5119123152430105e-17
6.305557917596039e-17
1.8024185840984527e-18
0.0
0.0
7.76202841861753e-18
5.523540822237194e-19
2.411461637918817e-16
6.541035184228256e-18
2.67455660866222e-18
1.2605301581694985e-16
6.683484394907004e-17
2.5094318093448134e-16
2.386751060556177e-17
1.2288424766103485e-16
4.85001241144908e-15
2.9796157137624718e-15
0.0
5.320432369753554e-16
2.5378375610374214e-15
2.154210952973625e-15
3.618848738285064e-15
1.8226603550542354e-17
7.0367708707629594e-15
7.160451394855926e-17
1.5115061944414053e-15
3.324185314217963e-16
3.4109786644586406e-16
2.126437080896608e-17
7.37743477045762e-18
0.0
2.122097413384574e-16
4.209477486672877e-17
7.22250864027801e-15
8.809525049428805e-17
9.0265084250305e-17
4.6000475627559277e-17
1.8226603550542354e-17
1.9528503804152523e-17
0.0
2.169833756016947e-18
3.0685517748372166e-16
1.411205629069522e-16
1.0058942449065313e-15
0.0
1.1749107330392764e-15
1.813235139676537e-16
9.451795841209821e-16
1.394796261289644e-17
4.0941372610796017e-16
4.1023419449695405e-18
5.743278722957357e-18
9.025152278932989e-18
0.0
0.0
0.0
0.0
2.789592522579288e-17
1.8870772946859888e-17
3.938248267170759e-17
0.0
5.4971382062591845e-17
0.0
4.1023419449695405e-18
0.0
0.0
0.0
2.7720296442122788e-14
6.326054021269952e-16
7.268126506166341e-15
1.7797464358464774e-15
0.0
2.386252204486897e-16
3.691233878815669e-16
2.46206542556695e-15
9.894246770791765e-15
1.0812705301581252e-16
1.4168372464140953e-16
1.9015447254504963e-16
2.0009719006374502e-16
5.2199266973150874e-17
2.7342473176412363e-17
7.457038139021553e-18
8.202741952923709e-15
3.206526399779268e-16
1.620662955547351e-15
2.0755422820276657e-16
3.355667162559699e-17
0.0
0.0
0.0
0.0
6.2141984491846285e-18
3.0455786599453827e-15
3.109757520595573e-15
2.8962169478867585e-14
1.2894116548810911e-15
1.120212840439681e-15
0.0
1.8786902844873816e-14
2.9172209386450024e-17
2.923055380522293e-15
0.0
9.918551191393009e-17
3.033909776190803e-16
9.335107003664008e-17
0.0
0.0
0.0
7.584774440477007e-17
0.0
9.335107003664008e-16
0.0
3.5006651263740034e-17
0.0
0.0
0.0
0.0
0.0
6.754883427851292e-15
2.1256038647342996e-15
7.00609115731989e-14
9.678638941398867e-15
2.4952741020793952e-15
2.7053140096618357e-14
0.0
0.0
7.595043058181054e-15
6.721277042638101e-17
7.393404746901912e-16
4.704893929846671e-16
3.9487502625498844e-16
0.0
1.3442554085276203e-16
0.0
4.368830077714766e-16
0.0
2.8145347616047047e-15
4.200798151648813e-17
2.268431001890359e-16
0.0
0.0
0.0
0.0
0.0
5.951130714835803e-15
9.075798475784449e-17
1.0890958170941339e-16
4.4082449739524467e-17
5.136901937293998e-15
1.2965426393977784e-17
0.0
0.0
3.604388537525824e-16
0.0
6.742021724868448e-17
1.555851167277334e-17
1.555851167277334e-17
1.2965426393977784e-17
4.926862029711558e-17
0.0
8.694614939801501e-15
8.297872892145781e-16
2.0226065174605343e-16
6.742021724868448e-17
0.0
0.0
0.0
0.0
0.0
0.0
5.13664262876614e-13
2.6931783705570765e-14
3.784219001610312e-13
1.1645545987070895e-14
1.8579196714042362e-13
1.1692221522089214e-14
2.1097341828280738e-14
3.2439496837732553e-15
0.0
2.9172209386450134e-15
1.0245279936521287e-14
1.0198604401502967e-14
1.0058577796448006e-14
2.6838432635534126e-15
7.234707927839634e-16
0.0
2.1027328525753258e-14
3.687367266447297e-15
1.6789189946089782e-13
6.9779924852388726e-15
5.974468482344988e-15
2.567154426007612e-16
2.333776750916011e-16
1.5869681906228873e-15
0.0
2.800532101099213e-16
4.009852781119317e-16
1.0065858794162615e-14
7.160451394855923e-17
2.1698337560169463e-18
3.775510735469487e-17
0.0
3.471734009627114e-18
0.0
5.424584390042366e-17
0.0
1.1109548830806764e-16
4.513254212515249e-17
3.992494111071181e-17
0.0
0.0
0.0
0.0
0.0
1.1630308932250833e-16
0.0
0.0
1.1174643843487273e-14
4.209477486672876e-16
7.776684181564735e-16
4.252874161793215e-16
2.2132304311372852e-17
9.859273261919764e-15
6.908632640201638e-14
7.315689981096408e-15
1.4702793530770846e-17
2.3944549464398234e-16
3.570678428901491e-17
1.848351186725478e-16
5.461037597143457e-17
9.220751942869146e-16
5.377021634110481e-16
0.0
1.4444444444444443e-14
2.725897920604915e-14
4.200798151648813e-17
0.0
0.0
2.6885108170552405e-16
1.260239445494644e-17
4.622348246166772e-14
1.6173072883847931e-16
2.7305187985717286e-17
3.696702373450956e-16
0.0
3.843730308758664e-16
1.6803192606595253e-16
6.763285024154589e-16
8.489813064482269e-13
3.9823566477630835e-13
1.6089056920814987e-13
2.3104389834068523e-15
3.213610586011349e-14
1.0922075194286938e-14
1.1762234824616701e-14
1.2602394454946466e-15
9.178743961352677e-14
2.1844150388573876e-14
1.4444444444444474e-12
0.0
1.2696702373450982e-11
1.8273471959672377e-14
2.520478890989293e-15
0.0
3.213610586011349e-14
1.0501995379122055e-15
2.2745221592102546e-12
1.4072673808023553e-14
0.0
3.486662465868522e-14
0.0
1.2812434362528908e-14
0.0
1.159420289855075e-13
1.1289645032556126e-14
7.118383742911116e-15
2.5795526149968357e-15
0.0
5.283816425120745e-16
5.250997689560989e-17
1.5424805713085406e-16
1.9691241335853708e-17
1.4144875026254915e-15
3.019323671497569e-16
4.259215500945157e-14
1.9838597458517013e-13
0.0
8.861058601134169e-17
3.9382482671707416e-17
0.0
7.64676538542319e-16
7.548309178743922e-17
4.260856437723145e-14
3.052142407057325e-16
0.0
4.922810333963427e-16
1.9691241335853708e-17
9.189245956731731e-17
0.0
1.6278092837639067e-15
1.2075614366729613e-13
5.2089897080445e-16
4.116782188615814e-16
0.0
3.5286704473849837e-16
0.0
0.0
4.2007981516487904e-17
9.661835748792216e-16
0.0
1.6803192606595162e-16
7.309388783868895e-16
2.268431001890347e-16
0.0
2.1003990758243951e-16
0.0
2.5708884688090596e-15
5.040957781978548e-17
3.243016173072866e-15
2.8590632220121665e-14
0.0
0.0
0.0
0.0
0.0
0.0
4.4948540222642376e-14
0.0
8.926696072253743e-16
0.0
1.1552194917034256e-15
0.0
8.401596303297641e-16
9.97689561016595e-16
1.627809283763918e-15
0.0
0.0
6.30119722747323e-16
6.30119722747323e-16
1.3127494223902564e-15
0.0
9.042218021424086e-14
9.519008611636228e-13
2.1003990758244103e-15
2.1529090527200203e-15
8.034026465028368e-14
0.0
0.0
0.0
0.0
0.0
0.0
3.594016196410648e-15
0.0
0.0
0.0
1.400266050549603e-16
0.0
0.0
0.0
0.0
0.0
0.0
0.0
0.0
0.0
4.018763565077361e-14
0.0
5.666409951224061e-14
3.967420476557209e-16
1.400266050549603e-16
2.5204788909892857e-15
0.0
0.0
0.0
0.0
0.0
0.0
7.323924244774159e-15
6.66833000291458e-17
1.2212784162641309e-16
8.491506370752648e-18
1.648351236675514e-15
3.2467524358760127e-18
1.298700974350405e-17
8.374123782686362e-16
2.250249188249452e-16
0.0
3.196802398400997e-17
3.821177866838692e-17
5.819179365839315e-17
7.642355733677384e-17
4.527471396735412e-15
6.063934549466891e-16
0.0
1.6918077692787776e-15
2.732267049883352e-16
7.80694110715756e-15
2.247751686375701e-18
0.0
1.2487509368753894e-18
0.0
0.0
0.0
4.692320112249899e-17
3.619735368767685e-19
1.8479701619498183e-18
4.381784920087198e-19
4.915219606010857e-18
0.0
0.0
6.096396410556101e-18
3.0100957277120752e-18
0.0
1.143074326979269e-19
9.525619391493908e-20
4.381784920087198e-19
1.143074326979269e-19
7.620495513195127e-19
3.238710593107929e-19
1.2905309151595948e-16
0.0
2.610019713269331e-18
1.9241751170817695e-18
4.6942252361281983e-17
0.0
0.0
0.0
0.0
0.0
4.033658895190079e-14
4.355702583490856e-15
8.739235454736385e-15
2.5204788909892835e-17
6.847300987187554e-16
8.401596303297612e-17
1.7590842260029375e-16
4.0957781978575856e-17
3.777567737870188e-15
1.40726738080235e-16
1.155587061541691e-14
5.686305398025615e-15
6.817370300357056e-15
2.0268851081705489e-16
2.152909052720013e-17
3.1505986137366044e-18
5.744591472379743e-16
7.19386683469858e-17
0.0
3.6651963873135833e-16
1.5752993068683023e-17
1.8641041797941577e-16
2.6254988447805036e-18
3.465658475110265e-17
0.0
1.3652593992858619e-17
2.5195453802889223e-14
2.1003990758244072e-16
1.8950267217437985e-16
0.0
1.5589628696118932e-16
0.0
4.6675535018320155e-18
2.4271278209526482e-17
2.7911969940955457e-16
0.0
7.188032392821305e-17
6.254521692454902e-17
8.681649513407549e-17
3.17673691334687e-15
1.4282713715605968e-15
1.0081915563957154e-16
2.91806109827534e-14
9.428458073700673e-17
6.515904688557494e-16
0.0
0.0
0.0
0.0
0.0
0.0
0.0
3.268746061751736e-17
1.207729468599035e-17
2.7305187985717314e-17
8.795421130014712e-18
3.54442344045369e-18
7.876496534341533e-19
3.54442344045369e-18
0.0
3.3606385213190544e-17
0.0
1.7065742491073321e-18
0.0
0.0
0.0
0.0
0.0
1.18147448015123e-18
3.2346145767695897e-16
3.9382482671707666e-18
0.0
0.0
0.0
3.0193236714975876e-18
0.0
0.0
0.0
8.13565656191878e-18
3.793140521772024e-16
9.272898877025706e-18
0.0
0.0
0.0
0.0
0.0
9.622819589366298e-19
2.252614585692565e-15
1.5396511342986077e-17
1.4521709562134595e-17
1.3122026712772224e-17
0.0
0.0
0.0
0.0
0.0
3.10554632202276e-17
0.0
0.0
0.0
1.267062899385286e-15
6.108740835685897e-16
2.787905795395587e-15
2.1345163452776153e-17
0.0
8.144404579727297e-17
1.487886004125909e-18
1.7712928620546535e-19
0.0
0.0
0.0
0.0
3.542585724109307e-19
3.436308152386028e-17
0.0
0.0
2.1255514344655843e-19
0.0
0.0
0.0
1.7712928620546535e-19
0.0
1.7712928620546535e-19
0.0
8.147947165451406e-19
5.13108116279992e-16
0.0
7.191449019941893e-18
6.876158890496165e-17
0.0
4.798828444071033e-16
1.2590725571191841e-14
6.563747111951261e-17
0.0
0.0
0.0
0.0
0.0
9.918551191393016e-17
2.6138299610259244e-15
2.6692571588601796e-16
8.897523862867265e-17
4.084109314103007e-17
0.0
0.0
0.0
0.0
0.0
9.626829097528516e-17
0.0
0.0
1.0185476907279035e-14
2.9609792527246797e-16
0.0
1.137716166071552e-15
1.869938621671448e-15
0.0
1.9160307125020316e-14
0.0
0.0
0.0
0.0
0.0
0.0
0.0
2.287101215897675e-14
1.8670214007327956e-15
0.0
0.0
0.0
0.0
0.0
0.0
0.0
0.0
0.0
0.0
7.437513127494184e-13
4.529860673527946e-14
1.820345865714476e-14
0.0
0.0
1.458610469322504e-16
6.165546453826225e-15
7.29305234661252e-18
0.0
7.29305234661252e-18
0.0
0.0
0.0
1.7503325631870048e-17
7.438913393544771e-17
4.696725711218463e-16
8.051529790660222e-16
7.23470792783962e-16
0.0
0.0
0.0
0.0
0.0
3.7923872202385104e-17
0.0
0.0
3.55900954514691e-16
0.0
1.8699386216714503e-15
0.0
0.0
