0.0
3.01606121731e-15
3.4724940934e-15
1.16205511e-16
6.93007411053e-15
1.62190579524e-16
2.49810777657e-16
7.13079272044e-16
6.83872539333e-15
2.87095968352e-16
1.45847237602e-15
1.25588950658e-15
1.06884213326e-15
4.46583371551e-15
2.65967693625e-16
4.78493280587e-17
9.11156847612e-15
7.65278539017e-16
2.38678041136e-14
8.38606080717e-15
7.73667706923e-17
2.88960227887e-17
0.0
1.02223564489e-16
0.0
3.10709922459e-17
2.82194793481e-16
0.0
1.99603322555e-16
5.0002580075e-18
1.47972751501e-17
1.54949855697e-17
7.35503067382e-18
1.01749436199e-18
3.35482426782e-17
6.74308049325e-16
9.56212130132e-16
5.51191231524e-17
6.3055579176e-17
1.8024185841e-18
0.0
0.0
7.76202841862e-18
5.52354082224e-19
2.41146163792e-16
6.54103518423e-18
2.67455660866e-18
1.26053015817e-16
6.68348439491e-17
2.50943180934e-16
2.38675106056e-17
1.22884247661e-16
4.85001241145e-15
2.97961571376e-15
0.0
5.32043236975e-16
2.53783756104e-15
2.15421095297e-15
3.61884873829e-15
1.82266035505e-17
7.03677087076e-15
7.16045139486e-17
1.51150619444e-15
3.32418531422e-16
3.41097866446e-16
2.1264370809e-17
7.37743477046e-18
0.0
2.12209741338e-16
4.20947748667e-17
7.22250864028e-15
8.80952504943e-17
9.02650842503e-17
4.60004756276e-17
1.82266035505e-17
1.95285038042e-17
0.0
2.16983375602e-18
3.06855177484e-16
1.41120562907e-16
1.00589424491e-15
0.0
1.17491073304e-15
1.81323513968e-16
9.45179584121e-16
1.39479626129e-17
4.09413726108e-16
4.10234194497e-18
5.74327872296e-18
9.02515227893e-18
0.0
0.0
0.0
0.0
2.78959252258e-17
1.88707729469e-17
3.93824826717e-17
0.0
5.49713820626e-17
0.0
4.10234194497e-18
0.0
0.0
0.0
2.77202964421e-14
6.32605402127e-16
7.26812650617e-15
1.77974643585e-15
0.0
2.38625220449e-16
3.69123387882e-16
2.46206542557e-15
9.89424677079e-15
1.08127053016e-16
1.41683724641e-16
1.90154472545e-16
2.00097190064e-16
5.21992669732e-17
2.73424731764e-17
7.45703813902e-18
8.20274195292e-15
3.20652639978e-16
1.62066295555e-15
2.07554228203e-16
3.35566716256e-17
0.0
0.0
0.0
0.0
6.21419844918e-18
3.04557865995e-15
3.1097575206e-15
2.89621694789e-14
1.28941165488e-15
1.12021284044e-15
0.0
1.87869028449e-14
2.91722093865e-17
2.92305538052e-15
0.0
9.91855119139e-17
3.03390977619e-16
9.33510700366e-17
0.0
0.0
0.0
7.58477444048e-17
0.0
9.33510700366e-16
0.0
3.50066512637e-17
0.0
0.0
0.0
0.0
0.0
6.75488342785e-15
2.12560386473e-15
7.00609115732e-14
9.6786389414e-15
2.49527410208e-15
2.70531400966e-14
0.0
0.0
7.59504305818e-15
6.72127704264e-17
7.3934047469e-16
4.70489392985e-16
3.94875026255e-16
0.0
1.34425540853e-16
0.0
4.36883007771e-16
0.0
2.8145347616e-15
4.20079815165e-17
2.26843100189e-16
0.0
0.0
0.0
0.0
0.0
5.95113071484e-15
9.07579847578e-17
1.08909581709e-16
4.40824497395e-17
5.13690193729e-15
1.2965426394e-17
0.0
0.0
3.60438853753e-16
0.0
6.74202172487e-17
1.55585116728e-17
1.55585116728e-17
1.2965426394e-17
4.92686202971e-17
0.0
8.6946149398e-15
8.29787289215e-16
2.02260651746e-16
6.74202172487e-17
0.0
0.0
0.0
0.0
0.0
0.0
5.13664262877e-13
2.69317837056e-14
3.78421900161e-13
1.16455459871e-14
1.8579196714e-13
1.16922215221e-14
2.10973418283e-14
3.24394968377e-15
0.0
2.91722093865e-15
1.02452799365e-14
1.01986044015e-14
1.00585777964e-14
2.68384326355e-15
7.23470792784e-16
0.0
2.10273285258e-14
3.68736726645e-15
1.67891899461e-13
6.97799248524e-15
5.97446848234e-15
2.56715442601e-16
2.33377675092e-16
1.58696819062e-15
0.0
2.8005321011e-16
4.00985278112e-16
1.00658587942e-14
7.16045139486e-17
2.16983375602e-18
3.77551073547e-17
0.0
3.47173400963e-18
0.0
5.42458439004e-17
0.0
1.11095488308e-16
4.51325421252e-17
3.99249411107e-17
0.0
0.0
0.0
0.0
0.0
1.16303089323e-16
0.0
0.0
1.11746438435e-14
4.20947748667e-16
7.77668418156e-16
4.25287416179e-16
2.21323043114e-17
9.85927326192e-15
6.9086326402e-14
7.3156899811e-15
1.47027935308e-17
2.39445494644e-16
3.5706784289e-17
1.84835118673e-16
5.46103759714e-17
9.22075194287e-16
5.37702163411e-16
0.0
1.44444444444e-14
2.7258979206e-14
4.20079815165e-17
0.0
0.0
2.68851081706e-16
1.26023944549e-17
4.62234824617e-14
1.61730728838e-16
2.73051879857e-17
3.69670237345e-16
0.0
3.84373030876e-16
1.68031926066e-16
6.76328502415e-16
8.48981306448e-13
3.98235664776e-13
1.60890569208e-13
2.31043898341e-15
3.21361058601e-14
1.09220751943e-14
1.17622348246e-14
1.26023944549e-15
9.17874396135e-14
2.18441503886e-14
1.44444444444e-12
0.0
1.26967023735e-11
1.82734719597e-14
2.52047889099e-15
0.0
3.21361058601e-14
1.05019953791e-15
2.27452215921e-12
1.4072673808e-14
0.0
3.48666246587e-14
0.0
1.28124343625e-14
0.0
1.15942028986e-13
1.12896450326e-14
7.11838374291e-15
2.579552615e-15
0.0
5.28381642512e-16
5.25099768956e-17
1.54248057131e-16
1.96912413359e-17
1.41448750263e-15
3.0193236715e-16
4.25921550095e-14
1.98385974585e-13
0.0
8.86105860113e-17
3.93824826717e-17
0.0
7.64676538542e-16
7.54830917874e-17
4.26085643772e-14
3.05214240706e-16
0.0
4.92281033396e-16
1.96912413359e-17
9.18924595673e-17
0.0
1.62780928376e-15
1.20756143667e-13
5.20898970804e-16
4.11678218862e-16
0.0
3.52867044738e-16
0.0
0.0
4.20079815165e-17
9.66183574879e-16
0.0
1.68031926066e-16
7.30938878387e-16
2.26843100189e-16
0.0
2.10039907582e-16
0.0
2.57088846881e-15
5.04095778198e-17
3.24301617307e-15
2.85906322201e-14
0.0
0.0
0.0
0.0
0.0
0.0
4.49485402226e-14
0.0
8.92669607225e-16
0.0
1.1552194917e-15
0.0
8.4015963033e-16
9.97689561017e-16
1.62780928376e-15
0.0
0.0
6.30119722747e-16
6.30119722747e-16
1.31274942239e-15
0.0
9.04221802142e-14
9.51900861164e-13
2.10039907582e-15
2.15290905272e-15
8.03402646503e-14
0.0
0.0
0.0
0.0
0.0
0.0
3.59401619641e-15
0.0
0.0
0.0
1.40026605055e-16
0.0
0.0
0.0
0.0
0.0
0.0
0.0
0.0
0.0
4.01876356508e-14
0.0
5.66640995122e-14
3.96742047656e-16
1.40026605055e-16
2.52047889099e-15
0.0
0.0
0.0
0.0
0.0
0.0
7.32392424477e-15
6.66833000291e-17
1.22127841626e-16
8.49150637075e-18
1.64835123668e-15
3.24675243588e-18
1.29870097435e-17
8.37412378269e-16
2.25024918825e-16
0.0
3.1968023984e-17
3.82117786684e-17
5.81917936584e-17
7.64235573368e-17
4.52747139674e-15
6.06393454947e-16
0.0
1.69180776928e-15
2.73226704988e-16
7.80694110716e-15
2.24775168638e-18
0.0
1.24875093688e-18
0.0
0.0
0.0
4.69232011225e-17
3.61973536877e-19
1.84797016195e-18
4.38178492009e-19
4.91521960601e-18
0.0
0.0
6.09639641056e-18
3.01009572771e-18
0.0
1.14307432698e-19
9.52561939149e-20
4.38178492009e-19
1.14307432698e-19
7.6204955132e-19
3.23871059311e-19
1.29053091516e-16
0.0
2.61001971327e-18
1.92417511708e-18
4.69422523613e-17
0.0
0.0
0.0
0.0
0.0
4.03365889519e-14
4.35570258349e-15
8.73923545474e-15
2.52047889099e-17
6.84730098719e-16
8.4015963033e-17
1.759084226e-16
4.09577819786e-17
3.77756773787e-15
1.4072673808e-16
1.15558706154e-14
5.68630539803e-15
6.81737030036e-15
2.02688510817e-16
2.15290905272e-17
3.15059861374e-18
5.74459147238e-16
7.1938668347e-17
0.0
3.66519638731e-16
1.57529930687e-17
1.86410417979e-16
2.62549884478e-18
3.46565847511e-17
0.0
1.36525939929e-17
2.51954538029e-14
2.10039907582e-16
1.89502672174e-16
0.0
1.55896286961e-16
0.0
4.66755350183e-18
2.42712782095e-17
2.7911969941e-16
0.0
7.18803239282e-17
6.25452169245e-17
8.68164951341e-17
3.17673691335e-15
1.42827137156e-15
1.0081915564e-16
2.91806109828e-14
9.4284580737e-17
6.51590468856e-16
0.0
0.0
0.0
0.0
0.0
0.0
0.0
3.26874606175e-17
1.2077294686e-17
2.73051879857e-17
8.79542113001e-18
3.54442344045e-18
7.87649653434e-19
3.54442344045e-18
0.0
3.36063852132e-17
0.0
1.70657424911e-18
0.0
0.0
0.0
0.0
0.0
1.18147448015e-18
3.23461457677e-16
3.93824826717e-18
0.0
0.0
0.0
3.0193236715e-18
0.0
0.0
0.0
8.13565656192e-18
3.79314052177e-16
9.27289887703e-18
0.0
0.0
0.0
0.0
0.0
9.62281958937e-19
2.25261458569e-15
1.5396511343e-17
1.45217095621e-17
1.31220267128e-17
0.0
0.0
0.0
0.0
0.0
3.10554632202e-17
0.0
0.0
0.0
1.26706289939e-15
6.10874083569e-16
2.7879057954e-15
2.13451634528e-17
0.0
8.14440457973e-17
1.48788600413e-18
1.77129286205e-19
0.0
0.0
0.0
0.0
3.54258572411e-19
3.43630815239e-17
0.0
0.0
2.12555143447e-19
0.0
0.0
0.0
1.77129286205e-19
0.0
1.77129286205e-19
0.0
8.14794716545e-19
5.1310811628e-16
0.0
7.19144901994e-18
6.8761588905e-17
0.0
4.79882844407e-16
1.25907255712e-14
6.56374711195e-17
0.0
0.0
0.0
0.0
0.0
9.91855119139e-17
2.61382996103e-15
2.66925715886e-16
8.89752386287e-17
4.0841093141e-17
0.0
0.0
0.0
0.0
0.0
9.62682909753e-17
0.0
0.0
1.01854769073e-14
2.96097925272e-16
0.0
1.13771616607e-15
1.86993862167e-15
0.0
1.9160307125e-14
0.0
0.0
0.0
0.0
0.0
0.0
0.0
2.2871012159e-14
1.86702140073e-15
0.0
0.0
0.0
0.0
0.0
0.0
0.0
0.0
0.0
0.0
7.43751312749e-13
4.52986067353e-14
1.82034586571e-14
0.0
0.0
1.45861046932e-16
6.16554645383e-15
7.29305234661e-18
0.0
7.29305234661e-18
0.0
0.0
0.0
1.75033256319e-17
7.43891339354e-17
4.69672571122e-16
8.05152979066e-16
7.23470792784e-16
0.0
0.0
0.0
0.0
0.0
3.79238722024e-17
0.0
0.0
3.55900954515e-16
0.0
1.86993862167e-15
0.0
0.0
