4038.9703952318873
916.9867895807103
1405.469558907824
3923.465843104149
1788.3455934823362
7805.498286518768
3174.2621872923723
7049.700077522564
2912.3706977112547
1531.1094674078984
1971.0972053118505
6516.342533723967
3644.9708182415357
799.6978205265742
10814.527516043587
6793.692992976578
12110.322923985932
11013.876586016451
1344.6330813513493
8602.363047418166
709.8603833512169
7459.898927906038
1692.9238519711748
3128.205353347735
1333.1730633090042
7385.380060148602
4992.285463152247
3850.462325793368
7101.341964783561
8197.84853282189
9411.80981667231
6791.714877979835
7040.567099943461
9450.352686033617
9527.080113550455
8092.162824321697
9446.69911090829
10766.354953376065
1057.6441427769967
791.5471268995763
851.482049029924
560.5032477196416
1824.758485838344
1392.953653982409
3638.4701258590608
2543.4678887143123
3047.827536888074
1797.3518009050954
4836.260885930167
1048.9712272267725
2705.295148648477
1864.7797374368647
9392.378115006157
325.371138684536
2517.9796362155557
1640.0431895141794
417.55233489621315
6969.266883382334
6594.256438665958
1944.666740971922
15271.479688134094
3087.406188935082
946.6870161825357
1154.2928923499007
1471.6456201342246
991.2511918944275
2264.9531823339116
2008.6464132695312
763.250542623325
1249.7745200665197
2379.1523156433896
1242.4348143701652
2707.8436632799994
2552.429215352642
4838.861023067459
836.5248581226717
1643.5322436625581
7779.674036801428
2888.977883365324
5965.536035645503
2768.3148263152852
8271.210842283528
4444.605012252518
1664.8084611186666
1380.5678450503924
13018.21670095167
1868.608231846366
2604.3490535930555
2063.3089601349775
837.5401181758108
2698.480522527302
2665.633446960782
702.1577642120847
421.078797451784
4551.886997133418
1228.5128315721167
8042.393369646744
604.8337531416477
1166.8793158620879
846.617927867281
878.3700334656098
784.0174021895742
5815.75436936055
439.99564656907603
1147.9703131606975
810.7189808252016
1702.4440340155581
1707.5146094068523
1081.244077222284
775.4986438774556
1360.0791288144014
1327.930535116829
1172.4256227031547
753.2126261815675
1064.036440742613
751.107014971458
1498.7160375041378
3554.124546462668
1552.2855936136311
18835.258871874077
2224.7862406602926
1731.0637352393735
3386.680030603658
3951.764399449493
4782.953866991309
10622.26200531283
517.5767719310743
1742.6704833955966
892.8525547582121
810.8579518114111
1820.0996606107542
2118.367251359849
569.6400200927424
913.6680322235227
761.6563879453089
1038.409217351065
11540.09958617193
3249.685679619362
8116.378247154118
3784.311765240462
4745.194393389642
3758.083663710935
5544.024910845906
2323.5524909723267
7314.381448856758
1924.2381354240324
18282.221180092518
2737.664418976795
1365.849159066145
2351.701505207883
11890.779960083104
1044.6695643506685
5674.548339965814
637.4970117751224
2277.672258270152
4428.9431613270035
1843.382137011898
355.27931211775217
400.18670581597377
328.61605628604593
1198.488026489611
368.27961200089396
1105.058492302016
934.6374161247511
787.4188303383424
1217.683828258682
234.71792980321246
6254.099714310614
3131.560642639496
1792.7504154312896
8002.031391919267
5115.584132646791
7783.9641801771795
8198.577250543065
1045.5801710576272
4268.919092191022
12069.466023338397
8429.720627904802
5391.354586860164
7031.523631104413
2295.484431690593
10074.920757290962
6804.791372117404
8459.956532278391
15225.893769143771
12795.554344846589
1124.6267651362643
2474.372693955664
7357.7718726609055
6684.94485108991
9346.967662922973
16244.198662039495
10300.883999321706
1999.4145273921488
2909.5861510481254
16000.18919178258
7022.162457539848
7634.107816787218
3020.157103652268
10090.226789435972
3186.2310675773906
397.01841365526514
2737.722693536314
435.98020991492575
4125.4009442710385
1275.3568746015299
588.2664250556259
13967.208231117675
1165.7124215968759
4890.99939382108
4030.5494825367314
533.8362994080182
373.76504937285625
357.20788151463387
407.06164173781747
1469.4020273730105
4164.149214768642
4412.6431717643645
3657.2812483063035
6546.521163419312
2971.6109324724976
1527.7125351139775
8344.066538733352
12083.97899682912
3275.4002196072247
8138.837814260456
2103.788685768019
7901.722494559814
11842.669388725564
1923.959658725421
11247.287501905741
2635.9275019115958
972.851023255463
5206.728114923602
6634.099465944931
14428.947611396468
7573.392222663224
2829.5591401753763
9623.142107967082
6795.742019447892
1559.3029259041282
3273.1727670728606
8427.40948085355
4282.436299318652
23203.486867831904
19485.2615769778
4842.07857964906
19626.470770381617
1117.376826964554
27103.981257352352
7654.77633985209
10419.113672817188
14047.589863741236
10705.167085452907
27283.33709976343
20581.015651243855
16414.089020773776
25922.49361051689
40677.9692830563
18084.89597277311
14790.239910047374
34588.17407623549
4106.192960085238
7805.158389402833
19208.99356998075
5655.681852758399
17704.88262861268
16251.947317642886
12657.542936965254
11641.694451107263
5274.8471584979525
6759.26952976135
10869.896574435628
18553.40262873986
7019.540027458219
17763.03126654754
3721.823762748147
9433.755265470587
11106.822479306937
7473.108987070899
7492.862044787812
14447.688815913483
3237.243380070632
25401.378151885074
14313.917294345007
6555.896360125262
2452.1460871451723
11765.582999710423
6808.250838681468
1607.9157259202989
892.0771855794608
1163.3479057489405
4025.519770675217
14710.186515985113
4553.810431508855
5768.152168429658
6072.056308592579
25334.880010181358
14243.076859960818
10639.796124411085
40982.61848237179
103413.07934445422
7164.225582610024
35853.05091433292
28902.67008335385
7259.053172671962
17836.82184860632
36908.06487327722
21256.72516734396
45846.21055996908
17287.24027839321
49755.96385523
77317.93267300763
16400.05951263921
781.5832924640142
69908.25354547605
66972.5534703812
15188.748348841855
54358.40984643116
1541.9820925846132
18202.815385223737
58428.03646539938
4241.075776904227
199174.43650926233
11977.838331777253
2956.595595682977
5218.4170605210775
11276.095153273032
2053.4014724451854
10813.600602430924
4195.06572144814
6483.7718856838965
989.7090450110823
12672.01430975323
4722.796956608492
5055.845638628703
2526.1817121107047
16256.897381555089
10314.212077249083
3827.794893811231
1041.0440085902126
8884.905220536984
4696.335707161205
14114.506926317594
5168.67795735358
2368.633403947264
5479.771281283598
9288.262462715675
9456.298185132471
1845.7891784162634
3344.9337180973575
18853.49126194433
6890.641962064296
2824.7119955013477
20896.85304586974
7465.50985370197
7700.906126551206
8778.00574909539
7596.206278037232
11018.213004871339
1409.044426449911
9292.146018516301
5131.37950940526
4411.693367840818
10846.521453902518
12266.24060577983
46583.14528586087
31568.704039312765
17183.006326904466
17236.87061956508
18339.507818412934
22107.11266212824
13990.888330386748
2570.9353254633193
19745.123019028426
3540.6015801651993
42955.220255018765
22757.8142380897
26417.88490363702
139009.273997213
123842.32501731336
26048.98474285058
4136.410940876064
80647.30020255629
58726.78065888665
4715.880883820115
2693.4164797708436
35915.896445509046
12396.305075621925
1150.033443812203
2375.251085296418
1182.7315113064317
7259.752593820931
10376.801999085956
5656.381957617349
12427.697862351208
6738.674965914604
631.7184599186435
5445.203652793015
5804.4303501067325
3907.810087420161
272.11131991864016
1504.017569939914
726.8651900558694
2940.4884366015635
4503.825011925113
6340.539811379218
877.8768443300117
4483.745319159656
3411.6604584851766
7053.865613708629
1217.950822076543
23433.461649115834
39329.19324291965
60889.741482361016
21569.87770337368
56934.92909743671
11415.253450577084
2494.0145686701144
9198.799422348662
14649.323102928776
656308.3156016122
35917.36711705607
221340.85287939027
8701.617423566087
54000.83278183242
59236.9624924471
50716.05929035262
45376.34209245513
24212.560904951144
64334.19923075486
72009.31108272214
17376.882858564313
35154.14214377411
35217.80535245564
6608.379274982277
2028.7014598468897
7235.433089457457
13561.222866161626
6640.5036080246455
5335.1434960353345
5177.167540498459
1981.0360652396746
1053.7703149226868
6649.090255519525
4435.508253039737
7629.07564067127
9254.287105791556
2103.0718928126635
15571.084633660881
9290.758997078516
12130.88763259284
19782.34899178555
10917.972394767003
1779.7794483812638
1925.7399038633644
2002.8028807104236
5140.405374613189
11288.032124178295
24907.969457595453
5310.486844588071
8036.830312614768
30536.864267660512
7439.7188308226305
41131.77331434033
8152.672644060067
46052.13332765061
11077.98474579672
5956.831854977593
13298.56018843531
9891.735464910467
44903.30830812859
8458.26391070828
8147.882281420266
819.6435094464572
1019.0951206255394
12599.230753289443
81580.92693772046
2573.637765819185
19323.771264885316
38390.607469515235
6250.52009898821
14004.749934889038
848.1304292945517
27967.672672694323
3061.7744154735506
552.4770985759394
6556.6651193193275
1693.4819599568107
7441.2612227223935
14886.638540063472
7955.524988842819
5887.461936845341
9859.059383142823
13087.308855587808
8180.013947220428
3683.2340752970044
6627.667580288076
4763.410632898777
11788.337410828286
16288.356756179579
14798.049365835152
10010.158234642291
5477.69491753335
31551.83812388306
5795.0235578323845
17514.989199238156
9693.55173483628
5564.979068455472
10320.847673523293
1412.05127758815
5401.928719548323
3892.1293108002224
1762.6962364969245
5018.773059220862
21107.788557462223
10928.901122417936
11045.279653100082
4274.4930962548915
6977.640096320053
5323.829662602176
2372.9490219751638
6897.532002231955
3305.743009960621
13136.494354004588
9346.836996236867
17111.7116946994
57538.39432199918
22673.083800124263
56396.91671159017
9335.36200798424
7764.698761700036
24611.669992313135
6052.825183199759
7144.2915397255765
3309.7912441194576
695.284834815614
6579.528353235738
3674.845781002115
5580.530067428543
1086.0388949028809
9471.71694210327
4247.469251532832
3720.322573127205
10489.551018237651
2138.4284615277934
12379.552159547029
1306.687430742099
811.3967904794538
1927.297824245593
742.3631241722329
949.3318255587825
4384.82276847118
3269.8290212534653
1454.0568879300174
1002.6495470457348
466.2649347653267
4127.0886899722655
1986.701301901676
6229.030920665871
1827.3477488459807
23310.05511603754
2751.8352414403334
9468.844397346624
5545.241788180906
6779.001234425499
2346.1330009382777
5107.632339954146
5425.962017569671
2353.498288463177
6348.025359050603
3426.8954347476233
4583.056874495411
5676.172906224485
4101.454946108961
4263.126797104739
2721.803187786614
3812.0790055498255
6643.165377103025
2763.350225232001
9056.776356912576
2709.66322052039
653.0612331562082
4951.190710884604
3328.745842201961
5497.808960624042
6930.9230795635385
3650.154396864986
4663.111167963412
21351.130361143987
3055.9003164672467
4911.196269347811
10978.85406281873
5562.008761057474
12170.339634730683
16769.165095459084
28892.041516254747
10397.165793765347
1480.9829198784148
7674.413260155519
3922.275701219112
9591.200529207934
3728.277743677463
13934.724666659069
1556.992748712317
5632.646306514665
6956.518303388381
5400.411754282229
1116.5184260267692
44216.69934570762
29197.081817227347
44345.337484803065
13332.393980261091
15606.90727238119
7899.488888903362
238876.80973093165
145389.63348320653
179385.27360002522
119889.31247330784
544601.2866368372
3227.8550423926363
10103.86972317143
27954.290890899396
66906.29062577331
50746.51991048506
76274.87734449997
114036.59712620174
222196.66500507703
7341.065249206243
10658.425165103661
3510.216375824861
1545.004038033653
1109.3886423888596
2950.002101642357
3667.1255101991387
2602.616935589217
263905.41919849685
527.4668453709636
3380.1604687573604
3251.8350338635437
4676.963021385758
27103.39581100897
2317.9495690034537
38255.641978122345
4150.57975452183
13867.681840305904
1923.1081379640366
8529.403779667085
20839.308012085898
49396.074108805275
37270.32709461569
124330.63564011084
9924.721744655533
9210.792737985868
3573.78189076872
3596.378381593113
7596.936341816236
20013.37747561358
9631.245623127386
18471.83296112328
24164.420157671033
15430.680966069167
21993.70919619752
11456.004141040487
7481.615017292711
9496.143748826484
2155.2738962747258
8465.436736485217
21047.687591310885
3912.6672539348215
7244.110340509243
3042.8157219096893
5258.750464984768
1350.469138524969
4280.0427896809715
43995.66624465972
8589.558403683917
44056.15573357957
8329.978403987778
1069.675447833065
1211.915387914713
2139.0554404925015
6281.669602579528
3928.3308787066603
6096.1754405200945
2350.1079439970104
535.2455400050407
3144.8299851273537
4943.498053826201
1183.1578892548991
8148.054092777262
13438.521803287074
2951.3666332244297
16446.36228422879
11048.841193862178
6027.065763359699
3022.7145567268394
4470.833258406549
4271.941008792747
4404.1163810900425
7786.2798994868035
11628.424000752293
5112.052047833951
11593.942640727488
7711.497933576534
16449.212195777913
13600.004429165741
10006.43272890339
29842.46125811045
7590.091077570496
16794.87358914034
4942.054787225057
9999.03071725626
14503.593038464503
9003.434922481803
9490.611499277988
22130.26151055679
7315.6034864038065
15741.810585642488
16523.60518265036
6808.510861912424
7155.234536264502
7718.832902613114
20143.138374175884
8308.252059834844
15355.45876839227
16705.784869176598
8408.515597251844
8805.818747362307
5672.867704833673
2133.6029387478407
7619.218295407911
9092.896729438145
5281.483956857601
4715.049581041499
11000.54339302968
11938.397283321841
11531.343258624569
10391.21677645515
40501.232705635215
6992.808047698978
9735.269000164877
3990.7598915528474
1111.7774054045324
7794.815606328552
12874.497219544024
5496.567293946808
6443.6019450082085
30098.65737868675
13607.341359013237
19414.507254343815
83150.64279629473
4635.466070309128
6183.017073024329
4080.335838549988
8970.637870820103
3302.8097067639715
15472.14095925269
13034.260063007994
8174.502613715173
9631.214856406015
4587.383006534468
26845.970096676527
47011.132151002916
7684.000191021682
35416.846592102156
8037.868322067776
3134.784499331161
2076.4547308205347
4907.305082785822
12917.677427250213
2509.087519080506
3357.405342689208
8714.701912520593
3448.777427719768
5079.8431231471
4532.3836745491735
3702.8668580264043
242.49823590573084
1108.4445760535584
1258.9454073606803
2794.35062473966
953.8490272330703
1862.2219910494728
2208.342113739549
11097.598048815795
35862.12346968912
8564.622584926443
5979.598109659787
5893.019696955378
4125.076512314918
8325.814503878368
3341.7756727120664
7913.703680133985
451.4139843201274
16799.21829372962
6344.655523976419
4972.019616557218
5537.8240291468455
6620.745906243482
17818.439842968903
2381.1003977925993
10594.667311320101
1110.0475251313683
4652.802196197203
6828.402157498976
15576.193816564739
5549.537631135286
15783.297412141186
4894.120533218848
4154.975514775906
2543.5115379863037
5101.053746103719
12766.236899737165
2923.836823381134
6456.841408101431
2958.152370929312
2393.7357248373505
6908.588597530421
6905.867679310003
7018.132156574706
7896.348054231473
5551.983390040582
8695.480095501076
8610.539799376198
7930.048124983734
5003.738563067844
4006.1490447380143
3413.5221152210233
4227.08433297892
6628.808250608269
4593.593510474983
29977.084970483793
17324.948226391727
6671.901906856645
8677.571111320081
7287.977513017532
12146.63239864089
3328.0994751849107
2587.822085793135
2816.1307406962846
6780.398309102737
2436.870196167333
4691.421596328226
3054.705948738067
2816.4959307404665
7532.691428951039
5314.432887122457
5668.850692893579
9389.374059054544
21000.671001612747
8177.43356215378
11609.648236882647
2043.9988832187034
3590.6544717900174
4892.512869216678
3535.54926456606
5266.7769315220685
4420.027814216866
2003.955540994477
3366.8999450487495
23656.285376924618
2652.182840102449
123127.53216000047
30177.615714481108
12487.914454441563
9060.02491333191
8792.020486413594
14566.44963276796
11522.23114156493
12592.005623812109
5961.558626312634
9588.740615289655
8162.927064220261
6817.695529341627
7470.0515722397595
7633.673346793992
9051.723183185515
1403.8429407228562
6526.079660960719
889.5673473877127
6841.904082491012
6491.333778353825
2358.5051081133265
9189.108322601798
4263.111686479985
4156.292264336031
16346.73004718628
1796.293044355609
16945.50703411965
16277.951848930654
3407.1562556906442
1139.961958446963
1656.0929398431956
24774.206285010125
5903.314236284449
1180.5675506210673
2155.183332372088
11689.712116422013
2653.870033307812
4409.596100657581
1482.7717893141642
3680.667653612746
3377.1963552170837
897.7273598830432
4329.567318388759
377.6595934692141
2132.4227614733463
3052.3853367135575
11990.471540600447
894.0712762759553
1684.095660320559
1332.7392759775869
1349.0200517666856
2940.832453802891
1891.8929643463928
2051.470821123368
527.4235478606699
6109.415184207134
27895.509998450005
1023.935165149751
2511.388922492701
2590.2532599163465
3211.9670871582002
1579.3028870513592
4572.743828183937
1886.496166220978
28800.43051795333
515.8088723981766
3997.4077720311366
7182.120363236402
3108.1860482999805
5886.722989400369
6044.5566149532015
3766.8302581778084
1958.6189472171711
1244.4658632182143
5591.777679112989
2641.050327251856
2263.4928877544776
2361.443682311827
2913.3530172083847
1671.5086189499104
662.0119915926364
3179.9148284228063
767.502082170765
1085.8997916471506
6279.897666521089
1398.5755602184347
379.6493424308727
13628.964307178749
81811.5214308401
1855.219157330725
3524.8554544651242
8348.224128989632
2389.03006303505
6371.246562574803
6556.124747639646
12962.09838455804
8813.562692909469
5578.470611087071
5768.770601063338
141.46559189276152
1877.7708571534235
523.3382991978893
728.2455023996595
435.80680541003767
758.349192845419
1240.1667737935645
295.7644731660146
244.1058104162516
473.3292334412347
1283.2630692438988
605.2840999052858
949.984745467537
722.3018533678081
2093.938813840023
370.6954902251784
949.5883047009365
767.0864744091518
10048.071493117819
5845.214667390631
10726.615820846391
8976.07373379336
3985.2250301862014
1819.6843164633967
2075.471918793789
10721.858013474339
8777.235505734454
22902.011983309647
5474.095277296859
3840.9035675271675
2054.9934803649185
6190.770102828026
1970.9723887189282
2456.9127379316374
711.7306176957121
1051.7355641932984
1261.8772809778154
4922.322500013407
1103.967307280733
1302.6098336194145
2223.78505126213
686.0999708786652
3207.206037194614
2722.203245482609
5043.193853796595
6839.2031170921155
2803.8695604567242
2862.402531553691
9109.254947811358
2098.0305196261593
1666.2356262508415
14714.359441994055
13041.175334177398
1512.490950735433
2976.6066321251337
10085.747591998943
6312.496091094194
5463.102371597392
6520.666940531879
15049.227084338709
3361.201011805811
5146.500164750608
13997.815352206531
5890.776670550485
6426.753153850085
1375.326951082401
2727.29227930588
5232.445451387662
1622.38410660647
8104.804322019853
11304.987930016718
7452.222364279681
16655.9571913621
2756.4493376239866
6256.388745245873
10250.992226045473
9645.801930027297
5902.612599936968
20934.351037208384
2529.3386102824843
7890.901127749273
15790.424349092455
21842.76384723253
11858.375464663835
2505.4026245221467
2585.836627127964
5797.217230666804
8856.853042981518
6971.065313126755
9002.486347248903
4979.070705422393
8734.938521623322
11418.296710823935
6141.25363248201
6531.744332571385
3556.0625875030055
3807.7597587373166
29224.136777785232
4347.957533841539
7086.4664000682615
20961.463038416303
773.9990031210301
7264.319620923163
1164.7220521226268
25893.524410273614
12693.540627831926
11296.039443227963
12367.871197244915
17356.696517746946
9829.279541017806
1811.348780491217
7331.6092167964935
13863.679147471285
6850.944085699028
12406.717789698389
1624.6785013071694
24349.286904173736
10181.264949625926
11792.563660941261
6750.649642188029
21595.384342305388
3795.0310571692676
3283.362462527018
6884.290687822146
1957.0960044373
2495.1048724546754
5902.482707732588
4145.479421352202
1831.0806516195594
1787.0725740045957
3897.503297258446
7409.3348948842895
7975.973630274668
3409.023774592742
3981.06004638881
2936.1883390798944
17159.61275901369
11729.634953473655
16067.04742813733
26538.056440263448
7688.440739021538
7405.182457272896
8863.551189598897
522.8919005461029
1273.8953919478772
4513.805915202801
3963.799403982086
1246.76972603612
2735.8229642368074
1171.1819085143752
2042.5866353943443
3517.6817151058917
1486.7574805034005
6907.339264064545
639.4447688567602
1438.6830143506781
1443.5345272429863
1817.3164317482465
684.6349711925224
1188.954161934985
2445.952772341647
457.495170710296
3500.598330042014
3649.116378680202
2049.853813756011
4009.516535290681
982.7077053830028
4198.565560309906
1309.131611769816
6817.712693606829
7918.741303814863
8004.588034840043
6300.8090569207125
7999.793876966701
4451.442349700855
15502.204513319504
16143.13493734866
82558.74568670147
25793.528628840944
1558.1464138723463
7187.361833331775
8896.818752744946
27157.628974366213
5729.577336365578
3980.7245649990946
10741.41981479955
3533.8757683095487
1644.9996063989495
1214.2210387118896
1214.7668012964568
6753.647759867913
6081.51747343355
8683.124382456248
32942.582360103406
25439.54489582709
22258.73612365234
1449.1693724264433
9708.4663040259
12250.369482835184
5995.251483232187
4877.855711741611
9795.73951922809
17867.325442346762
4743.386014788734
3673.5181127788296
1111.0189123386872
2922.8608277498383
2246.6458682834273
1141.798357593149
10453.22777255561
5542.22514648073
4172.057992650903
1874.8180840683767
877.7644739667418
3298.2473313094383
1552.1383231092639
1523.6388383974995
8909.344813936843
132786.2739213487
15780.298791383308
42594.89796280279
44854.99475157266
318711.6549655467
101349.62342161575
406009.98665642523
27803.73074580829
609684.4558383401
1351691.5844395952
184102.52222354172
145802.50155537663
21893.95421118899
341533.24227409216
169683.0483816153
71047.70720091824
40969.88907544181
54234.28459974379
37710.07791771764
20251.16329300313
10278.744043931572
8501.490380465551
174166.69795280087
69523.40895156638
73708.32756569299
94209.02653024785
28525.282189521822
79631.25565091781
28479.505438203523
3639.2839035660136
10071.704779412305
17213.514364073944
10047.427487248624
14541.307778748413
27321.919067551997
8841.392815498557
2284.5034317636987
192708.78354154693
32045.50376565488
169187.25080731235
23695.026175452218
557634.0416812524
743098.975369057
178542.95367004655
157515.43881439572
270455.14008842345
51273.039694358944
502347.4472356015
22688.636561500545
199201.420657819
296626.3326693404
35545.57547483375
59605.4727958305
857562.2504832163
4648.934732558827
3126.853770150802
9754.756455920593
5531.092537095989
19102.073637407728
33228.23526974609
36965.994999780494
219695.53662753163
72533.22006501374
94470.44262915256
175062.56121149333
73790.1459134024
15973.991861122346
70195.07839441033
54695.4679148648
84142.91248771471
37757.621975867296
5481.861114708065
193057.1079234648
82780.91865261424
41962.80177428036
52885.10329750838
162963.90766401467
123878.2913123671
14945.590720517668
423643.3963544898
84662.8086309653
66747.19054327683
125968.33042418688
131505.23982247044
26179.18261497552
14579.316679761478
67039.2565160395
15655.411398194472
29258.856513865678
79067.67930143212
201719.1062386271
129578.01392640514
25503.043869980353
43194.954886596686
163318.90196237277
21884.1755661307
50270.933054652516
88024.97588441106
9714.981908767211
35664.893183988504
25734.88949739812
155141.58707691394
813.0509723435232
23478.12749706179
47670.347123335254
15008.847972565229
90668.44687180957
17915.129036724255
13957.055205351215
11408.171421644138
3316.805171235236
27732.95896691249
11592.975601526328
11798.025249493878
4943.1186228707675
2169.737292947088
21921.900004959232
23366.356812954782
35831.803502674586
39625.48810447785
44210.88491470987
342268.6120501285
82162.15504464656
98536.04551739147
43071.988683708776
603.4604203624664
2760.5953634402563
698.925574274964
18364.501186719404
2507.857842380337
2374.690995431322
2287.7886532734797
1989.4316084750826
1856.0276346455075
920.8909017261683
1085.4738008068111
707.3302508876197
705.5513363251303
3206.4519755009783
2238.1939457229923
2685.1805720915954
638.6444091377039
907.8062593662929
4114.923453511846
1149.4156967168287
1261.753724248987
2902.1460025573674
1673.6780107862169
945.06207374974
625.2900084649438
919.637395590273
1075.4166804492882
968.0262356411699
1902.4050182487692
778.6580533544054
2192.2622721639896
523.385224844692
1165.1454055064974
523.9663622066502
2961.7140958978775
2105.5416145867057
1487.1010843313566
1546.2619174440147
1802.7085446579592
1180.7310730913478
1464.8430929794415
2856.209091207983
1006.2986817899878
2626.618382581356
1944.0232762477876
3294.3901364745957
2907.86945361636
2319.064118964589
1682.1615477979187
2407.5217798113717
1112.6634339087361
2998.4019869341814
2305.649409515556
5359.579474885256
3476.105323994965
1744.4478739022315
746.4838864042761
808.2346967681871
1098.3958615758227
2690.2435186547905
3649.165913275648
1155.1769949302313
4451.541356678895
5453.067093456663
572.7925497518283
11457.649455848792
15245.07767270094
5484.060391512844
947.2726108306342
2253.665990179253
17983.670399682756
10136.249674917039
3042.7472921996573
7516.204947884447
3199.1360482905484
4778.615739495288
5178.862820655028
1545.8460956356935
12442.33542925248
3683.9994258535344
5586.20838279588
3747.159363057179
686.4669678312758
9950.496045524185
5469.4659830284045
1924.7152672682566
4837.125766042077
963.8412244862116
4890.274065147209
4773.480755356296
2212.2463690597797
2429.8139920778053
4941.987659904253
1103.8691017951644
3616.315829924418
1162.1568042817696
8904.178204364931
7317.55575318726
1508.4161745795066
2284.690648555019
3042.197570132955
4419.09140428039
3207.4725628492583
1924.1386588487528
8834.704975161572
2866.744358509445
4458.979657402333
7939.421535128608
7033.010115094886
4352.116086486188
2703.3561689897497
13804.884213426107
4742.705887405841
4220.2025192451665
1660.5438329712906
5792.1803687115425
9248.929867077348
9608.684586154848
6116.916938151143
11247.747483253941
4548.711612259915
2148.029566988454
2198.3332458972723
1733.2747165229969
4734.890198526419
2224.4172950129546
2738.818388634408
3078.9003918961416
2116.513060783479
883.1475955056787
1270.037964669932
2597.488708907622
1522.2115183501023
739.6467179542119
1794.2223454681823
1228.3910295768442
2206.1400528570734
2690.101028931837
1975.838554290638
1300.569964727897
4292.122050165073
6163.832884327924
4489.124303911286
10300.633416746377
3960.06199397208
7957.844965493481
4394.089483868156
5689.679846833243
3938.2485615905
4293.693285552322
17265.278924633752
8426.890213896118
3946.7848402334384
5440.691120963556
1650.409190664955
3640.905370890041
5554.344677310337
4817.013257894241
1672.134661352564
8849.350839937606
880.29340507992
2837.525684489539
1747.1466909067785
2323.449656741942
4921.405107836203
12601.673027256611
1244.0180573813632
9308.61342980145
901.101387630921
2394.0273782472823
6741.589513260723
5022.696513566996
9772.54902470167
583.2060284296423
8057.002266045058
6390.05453456324
3590.0900933264375
5230.344019677778
2065.0287815252923
4130.669857911802
6476.243225419289
972.9385348607224
4591.79604384708
1392.1073272423648
1662.2578455924213
8391.695233294815
1294.6895375231659
5264.566844797485
5404.850755708805
7093.6836059650905
988.2569656757538
10601.124263493573
15198.809452550679
1959.5714428369556
1811.802951869473
4927.142695525175
13844.459463672323
5776.068890346018
790.6928074363287
2057.006969472796
2545.007205422278
4822.248290925391
4779.639099648287
6481.793280718384
11213.392468471415
3134.472248620705
5388.896641441502
10577.798436520705
6304.868309591332
8560.587366250411
6256.148865983939
11084.696280189077
1575.453710601576
1907.3711676054593
1901.7061053811317
7768.942073567958
4928.684335870879
6458.841452443234
11991.76833317493
4135.057150366819
2724.241946550298
3446.280252688446
8091.8801017148535
8831.279858400965
1484.2456729723065
1990.3771084005748
3471.4826942791815
6511.208969642097
12934.12738950134
3099.6026901737173
2490.0864692529617
5472.21427292248
8714.719664381875
2786.5497169971836
9541.10399510744
2319.377122937198
2774.7908888653606
1113.002735522443
2601.1528037470443
13795.257615636045
2950.477830687272
12186.940664808379
5474.074127402982
11027.352080911938
12928.820206606912
6639.266247281425
5479.3664207596385
2058.60112890419
4376.734069499738
1912.3779227961484
13358.439826221997
10619.675908343244
626.6605337310015
8531.36976995831
5667.291259857883
5364.039707044348
2730.337441555905
11751.702405395923
5847.967055906966
3403.445003629556
4401.771150186708
12066.597462788268
1471.4092095342767
11798.688702809528
7183.516302737832
1512.986339529741
575.9984214772614
13614.104322421965
1640.0771533396382
4705.561166220089
3658.574771073597
950.7808629102007
10763.05778639003
8938.500315132369
7543.7355686299325
13907.7754218282
16009.932685825386
10822.093607458419
12575.106399183736
3014.653720585942
6731.945833231481
18698.941616688066
6094.351241769888
3214.362533319702
7087.488374344246
11087.385090178255
4002.4146503301354
9112.559212817278
3254.670295997777
8497.959859715951
3620.9679805133896
1402.3528775177745
7337.2564106904365
4523.866624792108
1056.150309895685
3155.234914504255
3021.4205049633324
722.6453545361413
10298.23155413689
12047.499181883892
11871.739953960967
32538.576798721435
7087.119221762687
58959.737366572546
3447.7851294922225
13688.69774227385
26738.29289313941
2777.722903180622
145384.6351228077
2655.7375937726147
33272.91685629577
117067.77178051106
46686.97284623183
60068.00367493599
730404.2423017786
6250.913318931657
74103.5398082312
42688.24806449901
22341.3311990561
111861.96013504689
7724.740992865112
40598.00107386523
69817.94582863466
79556.75452862936
2026.3660864741569
255577.96547449077
7350.171409133345
13167.644317451945
594663.975198107
247359.80965215532
1553.2990978917308
270191.9422543012
44942.16910652741
1482.8287010552294
1458.1880985029304
55954.8324466527
1251.4910322195658
168824.59231533643
487.3267602348751
2580.014160285136
13199.877426827703
412334.3515488651
1737.567961585624
679856.6978954335
86216.60884081818
121374.29103329484
53972.8009792679
12371.332692097572
676.375671859066
8000.867223260297
8420.236468778035
12362.140847698429
1222.8533158331338
3887.7457304572604
2499.544729221597
3897.572450810299
12667.884800643205
5309.642062658967
497.1439885180423
613.1757705965521
1125.856423819908
983.7005673731358
4872.4709812153515
808.2491858252538
5143.600320282783
1207.0655759787724
537.1522675483408
1046.483544287189
1355.2443286952223
1132.5868252476914
1829.2601158061889
2719.120148236617
118.7409101391972
3763.2352354057484
3016.549980616241
7655.14194978613
16698.730551959863
3758.8705036301503
7115.279037330687
2060.2642157192804
2717.357060956827
5267.481380066022
1419.035887649646
554.926516762516
3331.962207419791
517.9971989930572
976.6166562602866
2113.7084891914883
7013.390766404323
337.08655602832977
4201.885090865009
440.4026982775967
5611.193210064489
1704.984838268257
2594.947013688714
707.366080146642
6310.922957109351
1581.390234136069
15653.72230942227
8665.555713973417
756.2140607029628
5512.213320841776
650.1262811063187
872.3510505598193
2165.4362627169194
488.4689462876857
2129.675203221193
2935.8057842780154
1354.2410894987147
477.12658297913225
12918.239945566342
9560.496132894128
7558.729076274436
25490.40129542794
32659.421695496894
18145.73559321569
18161.72974722536
423931.6741426857
848400.9770717144
358304.37290011003
127671.71949465625
124776.09710622026
42679.14118071358
333038.3404123535
18761.114402601495
4355.682409301471
44220.11040095778
13448.788268387518
1645.3086658731013
13579.8959563472
9795.645688410337
52137.916936518784
12174.145418728054
15954.395741657328
4503.1772627595265
16601.842407059048
8085.334879472543
59801.65285551295
42071.32956710404
2730.7284354519834
4239.438207906902
6208.770668963491
11765.724461786645
9629.918639875328
3060.1209997958304
16661.86472647829
32127.303100583926
16290.913865153962
3967.044961420216
3134.775812023491
9828.212603260876
21535.7448317626
26919.921012879146
38161.98077094447
9585.027068314941
12868.497578065073
11621.203739031693
9373.265576317299
9456.973696332514
5105.524205012891
22637.340508180707
8780.604557738487
11505.24867757767
7078.48751466652
10865.09424789338
3344.0666740424895
15965.728167700081
20824.998165166053
15541.387532230692
2288.8645157489773
4967.68064188435
16400.838935717205
5866.825104446337
13686.299971479508
5724.322562154302
10483.674366547042
6711.002749715363
14612.819466104424
16158.271311528624
9204.259632424286
10153.759307499773
4270.587955105399
25339.646144006096
53059.47393607121
27884.124322736003
15162.786073448277
10054.342335317495
1228.2243904068505
2306.3225125338504
5289.395711947231
3065.719012843693
9001.835387945706
10690.628907854312
4307.32811636953
4381.251872619754
5216.009674871455
3731.4772437408174
6811.040478638838
5387.096779046985
3667.654008718723
1065.3732208966167
1208.7964962545814
10730.556577519816
3418.509099806875
11743.839315225605
3060.081753935115
3476.3338814820927
11029.52221654153
11071.716082015155
14704.70621939317
6223.245622625199
7677.089884943808
5306.6879795489685
7513.28533003529
9643.892217695235
7273.17981716877
11133.756325156559
16044.195935654863
28228.198065720087
3903.366049684583
20788.507113845975
20330.89539167173
16571.262435433844
42960.70791264092
12403.934777129673
15240.463947270535
4591.478136728995
50160.91391972222
21842.810867516102
20198.080047225543
14198.126420079934
84519.14749695029
8281.948456710967
18785.074465059744
740.8620924049122
1119.3641412474165
725.9597995072371
507.6241489658135
1384.1211923589426
487.7318800631146
1408.733821805249
2786.5616375707855
182.66098613315097
976.1904582809841
144.34257861727636
875.3667651505656
981.1119502125015
8928.615520876869
2106.957099993696
10955.33140971657
7113.147171199086
16178.356746835889
4803.364997359085
5331.430972787954
7257.236516624523
5894.520107358762
41694.69275969453
588.0671508965735
7901.738560336992
228.5140044382194
2687.5493301161846
6557.551072353667
4721.5216400809295
1020.1227944637633
1606.9270980995373
5139.1078102091615
470.3259673901612
1704.3510094275796
4304.138745170304
1485.7380749298868
2679.8569297327913
3591.711822817823
969.9169609812335
1850.0094409166825
3328.3640810629586
4003.4190284690326
4493.332011561718
6588.285714868523
3517.275559540702
10792.3680766498
2449.5553950754543
5328.948207154495
2588.7961443698887
14976.730944980449
7164.78153178428
10919.68768105874
26593.225490718065
15836.411178184066
22095.060597826432
10570.570074350973
32180.13852841475
16107.997572515456
13001.789592216375
18759.398995178275
12729.086850309981
24775.92440083341
2383.2319598710756
2683.0901994400783
13030.658463228636
10621.645711711522
17092.686849018635
16474.60304370457
20509.47619284598
27423.563455532658
6135.5584306638175
13784.110117335249
10429.40690167857
20817.780194265466
15689.326511206636
2782.6034299650923
2785.5636920662905
2114.2941752498236
2248.6983790741024
2424.9872296687136
8512.21054313108
6843.045055335312
2349.3455538140856
1820.2023945744102
3674.457412555249
1765.4788020014262
3896.0105173014044
1590.9556523260094
2296.0606107551653
2552.1421998688425
10098.088665823421
4045.7247629537833
1439.7571416630735
6954.721211969499
3226.353379898577
646.6004032154158
2764.605503722396
15277.914866720372
10304.477154619242
4028.957349069902
2119.6223503468013
4051.117116825833
2508.895572747215
2015.1015379412563
23256.64469895289
18574.67549207754
12363.516602753294
8693.869614077701
22017.55036453157
10149.798503844315
22258.01030209138
23088.535957815166
2719.296666814006
39992.352865987465
16458.02108645954
13947.000606236385
30456.7270553001
27208.63828373297
6511.380101920376
1772.5214706717707
32422.446777175704
33814.903218373365
22649.417011942936
13264.762938061685
10086.320959501949
10845.282287340453
6474.2589385681595
27285.094347994418
9734.656939179044
4892.2980489155
17884.261354877068
5029.432634414372
6551.22954821246
9826.89139208136
2917.0297430706
6907.512118789185
11752.257809855158
3342.947981795242
15009.418015073285
12008.577452664273
4733.200817453978
22291.44993912213
33560.72551169528
5792.840988419874
11843.265065841058
9106.649724129225
9266.497466589783
2575.5822565773683
14363.77542908061
25829.380611285356
18452.238320821343
11426.214142683908
33193.150604140064
42156.464941963895
54609.69177080585
18068.567888442893
13366.330962096923
4387.9825240588425
15316.398119857633
8614.650545066334
9941.827055447704
7171.897962653966
4363.71319443734
1468.34842612666
10917.271524811664
2364.3593704192626
4761.688342475854
3125.6858031791
24905.852691160337
22267.736823085583
41848.52317138619
2632.761531572712
5714.244864332754
2845.6424327689897
1978.1146584976757
1466.9771517542283
1984.0778350999183
2985.3233710988357
1018.0421317823314
391.5777821904765
10508.582321756901
18058.325636550253
21865.69881693761
4847.287098570759
15053.973008488656
14588.642148837987
16095.047412167669
21965.676301601627
18674.095691338614
22351.389885836295
33952.967794208875
12330.24469826081
14026.44956015689
18438.357703742367
11930.97313787094
24100.80307879591
4841.25569213474
20312.849410273357
14636.150879087241
21190.984116790045
7646.063131355237
19461.871427586128
12642.611995488041
20887.27342804408
4392.58937272201
16152.90819196312
3556.1750517987766
11913.850524916043
9713.245410292193
22380.204339510725
504.808221966744
7246.676311236204
2911.918830728629
8402.32802650451
18455.902492757334
23643.078052059438
278320.06701539084
21270.875327412818
966612.747998857
6714.24721399695
9381.271052089565
10215.731541294563
13818.176202134347
1848.9882761525703
35163.07864982977
482820.4592815045
77982.73215998335
51896.66810590376
18342.35466164729
9758.990718812902
32686.28196652599
448876.15574063186
147996.59598633496
66738.15059592767
12022.964190864355
545397.2873599248
18298.25105016135
103637.39246461961
118973.52017108872
104673.23980334298
95676.50991447998
237626.8961765961
15221.87092423402
14314.0502901891
122137.27022152359
79016.10680103002
42581.281791246256
7453.944147827269
44222.00056295555
9778.605205533444
61975.94346953406
156261.1221308656
79803.41009420797
14353.393387996693
45119.4589235159
665404.1768044597
7849.193040088968
20799.136449721096
24368.975655923827
12073.49481617832
7361.2737146105055
14936.468268255683
4712.269657550678
4524.878779098125
17512.04002459087
8937.194325619077
1441.5126162508946
16098.224485989222
8234.788760611002
5587.622803228145
4424.6969518180495
222221.66235942222
30253.550429992913
3579.8749750396532
1648.3824686609541
4517.905416320774
24711.613854210096
8299.47514978443
21304.903743895495
8769.91910813315
8494.745718929998
175980.81788382036
6688.271665298127
131209.58078837252
37577.82988743248
23791.285172309683
318708.7750056972
17726.8044103014
30707.3156074174
112565.17033330821
33005.184484788915
25962.462334136722
15856.173073587855
54665.828373931094
25849.996566728925
12385.750719632462
8959.59963054976
63980.04368398783
17364.362179997912
14662.998406307226
38929.90343681007
46667.82039829231
3794.4554884284107
3315.704328321752
40682.77831550488
2934.056129747282
20739.58911305535
7212.881974197525
1742.4886872958239
1194.3655984258307
8787.721488714513
44489.79694350572
3543.4962017663074
1920.5289879187214
34562.36151278165
2076.68409016364
3735.5263715434676
1758.7420598984484
1156.0259028573003
2054.212399198149
804.6805886350115
89969.9540768323
16352.750217342847
1414.5298999097954
9790.935677752106
895.2260824905981
1887.6444727520047
1735.511963077247
187195.83089329387
44050.14612980252
10320.952088194983
1950.7226828462067
123641.21160492463
283163.76484633726
82406.66351319771
24704.518314466663
23530.735795059893
38954.157113825546
9613.005164370337
26239.80639858152
47549.551358649835
36797.488657234404
1760.153913441907
37494.11946386942
27217.43008217705
42098.022295170296
5746.2289122329385
3746.9508791696007
50567.3980889341
1034.9785117898098
2347.281138684251
6688.761400038982
12197.928213400144
26651.721900740755
581.6536051635247
19031.484766698082
6073.202780638535
17517.48353683633
2251.548868171376
1427.6752378202696
53808.74288684409
26980.429525058324
10854.672686171547
64724.14893470706
62607.501777099234
49513.14301929174
34685.702752718295
2217.300401631586
14253.81234327323
2945.2973415283045
4445.147347982578
34474.48575130412
1413.9213113554413
2476.6995441233225
13123.607244722807
1168.4872267095705
2881.8446679592703
1770.5127225929407
7648.102318472352
7580.07832573714
26779.61372202406
40214.83150768031
11491.87528251308
2542.3183265550424
3807.828550776066
2601.957962916458
3566.918433258522
2229.844406400064
1782.5214399608715
1320.0690371608894
128.96736200232553
5038.93745934075
12704.03065115032
3542.3653619475294
372.82846592964984
157.16446990953517
3540.7326075566575
4111.525882581615
1430.7826234847228
1585.740084924993
621.960429421932
2087.4071514587517
5612.428254214147
93.56322963303633
1976.0697666659669
364.149235894386
6585.72715270923
5213.5302266221615
9036.798998533237
6110.430391078579
154.38895047779485
3343.020084116468
451.8409676738372
153.85679573886435
827.3312585975234
569.3741974443574
1595.0193479599238
7231.214018730154
1307.9575229388179
9664.04285361629
4711.521590024999
3860.881352837969
273.44148499548714
1472.6819701816944
1723.8134658819974
222.8897041044155
1156.4100590490816
590.6988485281007
13857.541702937528
51530.53711985487
11338.288680427933
16885.96138474318
14900.9674090819
4044.8310511877385
6268.394790552549
5370.488073833693
1759.5403795278762
8825.239817092079
28775.571733494962
18651.816199062407
22327.053902949396
21157.679843927952
49695.25120718616
21397.48493423296
3181.0834416459606
29992.20057772665
15162.371057121854
27311.30169335379
10308.37076881949
14722.864521624835
37437.26808162464
20852.49936518165
7264.759427977893
41718.650788272076
46816.24040620565
25721.356611145635
18569.38089080259
30621.103958193056
33423.99532644617
11256.955140586455
12421.647594640379
65615.5718786136
100666.82822213836
6040.02644399547
41029.479646985405
7316.033221428098
19770.925755630502
19983.20757175488
16346.597877679942
10250.769307362882
21067.493349882156
8165.389192095511
10924.119096872368
31313.96306483156
22049.38189635696
11938.615245462242
23002.368643361173
26705.60326088224
2171.449586804747
28225.097157813674
16729.52328465275
18284.50397864952
47500.95998778096
38186.72097563309
26693.854441555628
4830.917874
4830.917874
4830.917874
4830.917874
4830.917874
4830.917874
4830.917874
4830.917874
4830.917874
4830.917874
4830.917874
4830.917874
4830.917874
