655710.1995000001
655654.4010000001
655624.5129999998
655576.6269999999
655567.1299999999
655571.4334999998
655558.9005
655533.3790000002
655526.659
655511.352
655489.2475
655479.2659999998
655462.8964999998
655450.3509999998
655431.111
655421.375
655406.6869999999
655398.5970000001
655391.5610000002
655386.7379999999
655377.3265
655347.1815
655329.7179999999
655323.8769999999
655319.9275000002
655272.5754999998
655280.1430000002
655294.2344999998
655262.0529999998
655233.1214999999
655175.1444999999
655138.895
655066.6549999998
655062.8624999998
655064.9985000002
655065.2579999999
655047.4205
655020.3884999999
655032.9355000001
655025.7204999998
655009.7604999999
654992.8229999999
654980.5049999999
654971.6444999999
654960.6400000001
654968.338
654991.9674999998
654769.0814999999
654752.6954999999
654680.7355
654555.9160000002
654480.0384999998
654323.2075
654261.1335
654239.929
654178.9959999998
654130.1830000002
654117.2525
654085.9575
654071.7404999998
654054.0890000002
653951.8119999999
653758.0474999999
653682.4785000002
653676.8309999998
653674.1179999998
653669.7080000001
653665.27
653657.7895
653597.8215000001
653577.494
653562.2179999999
653531.56
653482.0750000002
653477.5104999999
653486.7209999999
653476.1940000001
653458.2050000001
653438.1060000001
653404.9959999998
653392.3824999998
653404.0980000002
653396.7829999998
653369.7895
653294.5079999999
653263.1979999999
653227.7655000002
653222.554
652950.6595000001
652944.5644999999
652923.3110000002
652875.0935
652844.6165
652800.7719999999
652736.321
652715.8840000001
652685.6609999998
652652.5924999998
652618.0765
652561.4070000001
652534.656
652501.7779999999
652477.9270000001
652460.065
652447.1255000001
652365.6230000001
652183.3495
652150.3314999999
652127.5720000002
652037.3125
651975.7785
651952.0584999998
651916.8415000001
651854.8764999998
651772.0789999999
651756.4109999998
651738.2285000002
651718.6524999999
651622.4364999998
651545.8944999999
651397.0359999998
651371.5635000002
651281.4785000002
651218.3535000002
651037.8849999998
650915.369
650692.3714999999
650671.3755000001
650654.3220000002
650634.27
650633.2230000002
650620.71
650559.5789999999
650474.9915
650314.2795000002
650225.591
650170.4695000001
650086.6869999999
650056.3004999999
650041.5954999998
650034.2059999998
650019.324
649944.9985000002
649875.5954999998
649824.4405
649798.4909999999
649805.5795
649794.0460000001
649774.4545
649736.7080000001
649727.9334999998
649737.861
649739.5819999999
649638.9169999999
649523.2779999999
649412.3234999999
649245.9610000001
649186.3265
649019.477
648770.4734999998
648649.9865000001
648538.8385000001
648402.6345000002
648257.0814999999
648166.6770000001
648133.284
648084.1124999998
647999.0780000002
647935.4674999998
647818.3459999999
647796.1255000001
647781.5724999998
647715.301
647433.4874999998
647252.2940000002
647068.1945000002
646703.3004999999
646448.9665000001
646631.5115
646654.9879999999
646666.4415000002
646754.2974999999
646809.9194999998
646847.3505000002
646881.4224999999
646904.1970000002
646939.4284999999
646948.3374999999
646972.8394999998
647000.8714999999
647061.6200000001
647085.6690000002
647142.8654999998
647187.4100000001
647180.9035
647198.5389999999
647198.591
647181.682
647173.6285000001
647144.8975
647100.1384999999
647065.6044999999
647068.9909999999
647096.9824999999
647086.9670000002
647045.6860000002
647072.9334999998
647077.0529999998
647308.9985000002
647321.8859999999
647403.392
647486.3824999998
647508.5035000001
647553.3820000002
647727.2795000002
647740.5950000002
647752.3840000001
647759.2820000001
647774.1715000002
647775.514
647771.1579999998
647770.4205
647762.2995000002
647755.2714999998
647756.676
647752.7990000001
647756.9674999998
647754.4780000001
647754.9815000002
647760.4815000002
647767.0855
647764.6035000002
647764.5274999999
647766.4515
647766.8944999999
647764.159
647767.2664999999
647768.1315000001
647770.1795000001
647765.7215
647759.9424999999
647751.1919999998
647741.7335000001
647746.2689999999
647720.0025
647700.4780000001
647694.182
647677.0855
647638.6839999999
647599.639
647562.8875000002
647539.7489999998
647503.6359999999
647483.0014999998
647468.4070000001
647434.2680000002
647426.8155
647424.5690000001
647389.8355
647360.9339999999
647338.3234999999
647329.9330000002
647319.1014999999
647297.5109999999
647256.9920000001
647236.4164999998
647219.5395
647202.8404999999
647160.7615
647142.6475
647121.0619999999
647115.4484999999
647120.4874999998
647098.3015000001
647059.1205000002
647064.0745000001
647050.0515000001
647031.5115
647010.9515
646940.1069999998
646909.014
646869.7990000001
646853.9139999999
646835.2085000002
646819.7080000001
646792.7050000001
646764.5150000001
646729.7075
646694.2149999999
646683.1035000002
646472.8050000002
646423.3985000001
646402.0095000002
646477.4035
646471.3075000001
646430.4180000001
646384.1094999998
646366.6035000002
646343.0164999999
646304.906
646268.619
646241.8015000001
646221.7000000002
646207.2034999998
646140.4130000002
646118.4045000002
646112.0085
646062.8884999999
646044.7875000001
646053.588
646148.7919999999
646193.0945000001
646232.2969999998
646237.7995000002
646275.4015000002
646294.983
646309.9789999998
646370.4915
646485.7779999999
646578.3955000001
646616.9879999999
646673.19
646687.6995000001
646725.0805000002
646760.4054999999
646787.2795000002
646837.6830000002
646893.7955
646949.8815000001
647015.5079999999
647085.2004999998
647092.9079999998
647083.8905000002
647084.4950000001
647107.1984999999
647158.685
647172.9934999999
647185.4890000001
647195.1935
647215.2999999998
647260.4870000002
647286.398
647301.9185000001
647307.21
647297.8450000002
647290.1099999999
647270.4964999999
647269.7549999999
647267.119
647264.9865000001
647263.2850000001
647250.818
647246.8854999999
647238.1005000002
647235.0595
647228.111
647227.8215000001
647227.5899999999
647221.9175
647220.6915000002
647208.0120000001
647208.0120000001
647187.7305000001
647181.7935000001
647197.1529999999
647222.006
647237.6039999998
647263.7004999998
647270.8884999999
647271.0440000002
647271.0430000001
647252.9815000002
647240.4545
647234.1630000002
647217.5975000001
647200.2285000002
647196.8629999999
647194.9679999999
647196.696
647244.5899999999
647295.8110000002
647318.5085
647348.1145000001
647419.8964999998
647433.9369999999
647457.8135000002
647497.5109999999
647544.804
647572.4024999999
647579.3075000001
647588.1039999998
647594.6069999998
647667.702
647719.9095000001
647761.8174999999
647770.8155
647815.5954999998
647835.9035
647847.8050000002
647870.6974999998
647934.6145000001
647903.7974999999
647876.915
647859.8119999999
647844.6074999999
647851.8204999999
647838.6039999998
647849.7149999999
647815.5159999998
647819.6120000002
647831.9989999998
647906.5014999998
647966.2119999998
648044.7154999999
648085.7255000002
648113.6009999998
648128.3215000001
648128.3250000002
648133.0175000001
648128.6209999998
648127.5175000001
648113.1039999998
648084.9029999999
648068.1184999999
648107.8084999998
648143.5194999999
648163.8215000001
648253.9145
648231.8075000001
648208.9309999999
648192.906
648180.6145000001
648149.8059999999
648140.6299999999
648166.1145000001
648163.9419999998
648147.7195000001
648143.9105000002
648138.1099999999
648136.1165
648188.9100000001
648198.6335
648202.0225
648161.3335000002
648136.4205
648075.2154999999
648070.9224999999
648064.0189999999
648039.1359999999
648031.213
648003.128
647936.5304999999
647891.1235000002
648031.0180000002
648092.8445000001
648099.44
648176.6830000002
648254.1214999999
648302.2450000001
648349.9169999999
648569.1009999998
648645.6115000001
648720.8705000002
648761.8084999998
648842.9254999999
648907.963
649069.3629999999
649069.6354999999
649117.3245000001
649121.5380000002
649143.0134999999
649164.3514999999
649194.2289999998
649331.7459999998
649310.4419999998
649369.0589999999
649396.568
649405.0055
649491.9720000001
649502.8845000002
649556.8415000001
649736.4989999998
649868.3475000001
649918.3394999998
649923.6260000002
649981.3640000001
649986.0614999998
650260.21
650342.1405000002
650373.6414999999
650405.088
650439.517
650541.3105000001
650582.827
650631.0125000002
650683.1775000002
650771.9284999999
650813.9500000002
650861.9805000001
650895.2620000001
650975.2884999998
651037.9484999999
651021.835
651020.1894999999
651009.2804999999
650985.2889999999
650946.6614999999
650951.4824999999
650940.2365000001
650922.1584999999
650869.6510000001
650885.5180000002
650886.3369999998
650894.4870000002
650895.7935000001
650920.6434999998
650954.2664999999
650979.1000000001
651024.517
651034.3185
651045.1519999998
651059.9339999999
651081.6919999998
651122.8089999999
651135.0780000002
651183.1260000002
651227.7455000002
651254.0435000001
651260.0945000001
651288.517
651371.5545000001
651389.0035000001
651409.1175000002
651434.8284999998
651471.8599999999
651519.236
651533.131
651568.2710000002
651599.7845000001
651620.2650000001
651625.6009999998
651632.006
651664.2429999998
651686.764
651709.4755000002
651729.2680000002
651727.5610000002
651765.1135
651826.6834999998
651843.3080000002
651892.6140000001
651936.8700000001
651982.1090000002
652019.8190000001
652037.8084999998
652045.8495
652080.9005
652114.3404999999
652163.0754999998
652217.6524999999
652266.5750000002
652301.4679999999
652338.1639999999
652386.835
652386.0410000002
652447.3220000002
652499.372
652547.6434999998
652560.4190000002
652600.2009999999
652613.1979999999
652648.6260000002
652707.4515
652765.8605
652835.8799999999
652897.7855000002
652947.44
652961.7570000002
652995.7955
653013.4750000001
653083.935
653132.5269999998
653180.2464999999
653256.2234999998
653355.7425000002
653408.6639999999
653445.1009999998
653483.3670000001
653499.6065000002
653580.2585
653652.9334999998
653689.2859999998
653736.0975000001
653823.773
653921.5125000002
653992.7154999999
654023.4005
654140.1494999998
654227.8119999999
654302.2324999999
654353.2579999999
654417.1855000001
654484.048
654574.881
654645.7974999999
654693.8374999999
654733.7055000002
654769.645
654805.6494999998
654836.0605000001
654864.8900000001
654871.1260000002
654931.7725
654974.1469999999
655002.4835000001
655041.8245000001
655078.318
655099.244
655128.352
655174.3139999998
655193.983
655213.5635000002
655222.1294999998
655236.5395
655239.466
655259.1400000001
655272.5375000001
655287.8714999999
655294.9855
655250.9095000001
655220.3895
655163.4720000001
655093.9419999998
655061.6680000001
655050.639
655025.446
654985.1995000001
654970.4109999998
654933.3645000001
654420.1324999998
654254.6329999999
654253.0455
654251.9594999999
654234.8339999998
654260.5085
654251.4890000001
654241.9559999998
654213.2765000002
654179.1354999999
654189.5935
654191.7064999999
654164.6320000002
654147.6630000002
654165.7064999999
654166.2250000001
654150.1275
654154.3785000001
654175.892
654183.5619999999
654193.1230000001
654196.6540000001
654236.8305000002
654298.9185000001
654324.9190000002
654377.8130000001
654475.284
654518.4424999999
654537.7429999998
654565.8530000001
654569.4079999998
654557.3835
654534.3654999998
654515.0869999998
654505.5474999999
654507.3190000001
654513.6875
654527.2599999998
654580.3764999998
654590.4580000001
654609.3730000001
654645.4700000002
654659.8174999999
654672.0235000001
654757.5384999998
654827.3665
654866.756
654982.679
655073.3004999999
655181.7774999999
655245.6225
655333.1949999998
655394.5750000002
655460.54
655547.8960000002
655698.148
655815.3450000002
655874.9355000001
655949.0159999998
656026.2089999998
656091.3854999999
656165.0430000001
656270.2170000002
656334.6839999999
656379.4959999998
656473.1184999999
656564.7094999999
656630.2395000001
656678.9589999998
656973.4010000001
657558.48
657926.3169999998
658074.3884999999
658113.0589999999
658172.4240000001
658438.1434999998
658623.5035000001
658774.4054999999
659007.7319999998
659039.6124999998
659170.6625000001
659357.8020000001
659480.8280000002
659662.699
659916.2370000002
659996.7285000002
660137.8119999999
660139.7650000001
660157.5194999999
660197.5465000002
660132.8505000002
660207.4725000001
660264.2675000001
660282.9794999999
660304.6779999998
660349.5134999999
660381.9844999998
660390.4295000001
660397.7755
660487.4665000001
660636.7045
660659.9890000001
660751.5240000002
660787.9920000001
660884.3429999999
660900.7779999999
660967.6510000001
661012.0929999999
661021.5490000001
661033.1000000001
661042.9555000002
661066.3539999998
661124.5070000002
661233.0644999999
661264.79
661290.8755000001
661321.898
661364.2985
661408.381
661436.8280000002
661492.6239999998
661508.7884999998
661567.0795
661589.2450000001
661599.2969999998
661772.264
661801.4139999999
661812.0395
661835.7995000002
661852.3080000002
661878.7059999998
661896.3480000002
661909.2459999998
661915.3130000001
661922.4780000001
661960.1239999998
661987.696
662003.827
662039.1025
662055.4339999999
662168.1315000001
662185.7315000002
662221.5274999999
662430.0120000001
662455.193
662479.7684999998
662512.2400000002
662540.392
662557.8165000002
662568.4994999999
662574.3365000002
662578.7829999998
662594.6460000002
662620.8075000001
662612.9955000002
662612.7415
662618.6765000001
662617.7985
662641.844
662666.1545000002
662684.4964999999
662776.8029999998
662797.6919999998
662821.9240000001
662838.807
662852.8245000001
662903.0565
662939.5085
663008.2834999999
663035.6209999998
663079.7480000001
663094.8054999998
663156.2344999998
663216.1154999998
663446.5025
663473.8054999998
663513.7790000001
663605.7919999999
663646.2475
663677.27
663721.1085000001
663805.977
663880.1235000002
663911.4440000001
663934.1055000001
663974.4789999998
663991.1074999999
664000.9145
664010.764
664058.7634999999
664087.8229999999
664118.3335000002
664120.1510000001
664127.6409999998
664131.7289999998
664137.5980000002
664143.889
664151.4024999999
664159.3659999999
664161.094
664198.2409999999
664227.0219999999
664246.6175000002
664251.9810000001
664256.3665
664261.1434999998
664301.9304999998
664305.4449999998
664314.3084999998
664323.2735000001
664332.2570000002
664341.1770000001
664350.0065000001
664358.6090000002
664381.247
664428.1869999999
664431.7930000001
664471.6014999999
664504.6260000002
664532.6225
664586.6425000001
664593.0474999999
664599.6614999999
664606.375
664613.0515000001
664614.2540000002
664628.585
664651.3845000002
664664.6324999998
664682.6425000001
664692.4904999998
664700.8394999998
664784.1664999998
664789.0855
664821.2609999999
664845.8020000001
664863.4339999999
664889.2880000002
664924.9994999999
664953.8374999999
664992.2220000001
665012.1264999998
665043.5720000002
665066.8509999998
665107.4065
665131.7719999999
665168.7905000001
665200.523
665233.4605
665237.8629999999
665251.8629999999
665277.9895000001
665326.5425
665344.5754999998
665362.5109999999
665385.7220000001
665396.815
665406.6655000001
665432.2925
665458.7085000002
665469.571
665488.0899999999
665502.3849999998
665518.6200000001
665534.2570000002
665536.5145
665547.7694999999
665558.1170000001
665584.7239999999
665597.7599999998
665614.2974999999
665641.2124999999
665654.3234999999
665674.4885
665707.5260000001
665745.2489999998
665761.6669999999
665809.6235000002
665818.6634999998
665831.4640000002
665872.6099999999
665894.2425000002
665939.1105
665940.9525000001
665942.4644999998
665945.7655000002
665958.5299999998
665971.7195000001
665984.6175000002
665995.02
666003.9725000001
666015.2395000001
666020.551
666033.1379999998
666035.0724999998
666038.6485000001
666042.4550000001
666045.0189999999
666056.3424999998
666060.5789999999
666064.554
666066.7264999999
666068.0189999999
666070.8325
666079.3815000001
666086.4190000002
666068.3250000002
666076.8309999998
666084.2510000002
666088.8050000002
666099.6099999999
666108.5584999998
666121.0959999999
666123.3530000001
666125.7355
666128.2209999999
666137.4989999998
666143.4870000002
666146.3914999999
666154.9394999999
666173.8280000002
666196.0419999999
666199.2955
666203.0844999999
666205.0395
666207.9454999999
666211.6630000002
666215.0924999998
666221.7179999999
666224.7935000001
666227.6009999998
666230.9134999998
666236.2059999998
666237.4465000001
666246.8155
666248.963
666251.46
666253.5189999999
666277.5350000001
666301.824
666373.2990000001
666384.5125000002
666388.1290000002
666389.9785000002
666634.3805
666470.8975
666038.898
665962.699
665628.3895
666035.298
666035.1140000001
666035.0890000002
666035.0619999999
666053.1510000001
666168.0189999999
666198.5159999998
666215.1105
666236.8089999999
666291.9284999999
666324.4084999999
666291.5065000001
666250.5134999999
666218.1044999999
666164.8525
666127.7154999999
666051.1030000001
666001.2655000002
665988.3185
665968.1510000001
665957.7735000001
665925.2015
665884.0720000002
665852.3135000002
665841.145
665802.3705000002
665784.6630000002
665762.7634999999
665754.6524999999
665736.7124999999
665719.52
665709.0504999999
665682.1685000001
665661.9550000001
665650.7549999999
665620.949
665605.1529999999
665596.9985000002
665594.2154999999
665581.8495
665558.8429999999
665535.2990000001
665516.7985
665502.4589999998
665493.4959999998
665473.8905000002
665457.0980000002
665454.7034999998
665437.0395
665423.7395000001
665411.3914999999
665385.7420000001
665361.0754999998
665319.0665000002
665305.3509999998
665266.7004999998
665240.9530000002
665239.4474999998
665199.1545000002
665159.0014999998
665143.1505
665107.048
665047.9215000002
664991.858
664972.2880000002
664944.0040000002
664950.6910000001
664905.3590000002
664898.6614999999
664890.2115000002
664870.4139999999
664857.5795
664848.355
664795.1340000001
664793.1540000001
664791.6085000001
664778.588
664750.0455
664721.4865000001
664715.631
664706.1145000001
664700.7494999999
664729.7664999999
664814.6154999998
664862.4114999999
664905.8105000001
664960.75
664982.2115000002
664990.7579999999
665019.1170000001
665026.2519999999
665056.5260000001
665065.9470000002
665125.0205000001
665171.4215000002
665185.6499999999
665308.5674999999
665370.977
665462.5754999998
665473.71
665538.9649999999
665576.2374999998
665580.1455000001
665602.4929999998
665634.2335000001
665651.6354999999
665667.8739999998
665673.7289999998
665678.4360000002
665672.4130000002
665667.7075
665661.3650000002
665656.4964999999
665655.1460000002
665654.5120000001
665654.6529999999
665655.54
665658.3835
665662.1825000001
665666.1269999999
665672.423
665678.3684999999
665689.6030000001
665705.7675000001
665715.6299999999
665723.9045000002
665727.5019999999
665738.8095
665777.2710000002
665796.5690000001
665816.9709999999
665834.9275000002
665847.3435
665851.8785000001
665854.6740000001
665876.9810000001
665892.9045000002
665918.5225
665926.2889999999
665934.1384999999
665955.8500000001
665956.733
665966.6680000001
665970.9235
665975.659
665979.7425000002
665989.3195000002
665997.9199999999
666006.1315000001
666011.0814999999
666015.44
666022.4654999999
666038.1554999999
666047.4440000001
666059.9015000002
666067.1239999998
666076.6645
666084.7030000002
666092.588
666110.1425000001
666113.648
666122.5699999998
666128.1970000002
666131.5575000001
666135.0989999999
666138.963
666161.9555000002
666183.7404999998
666228.7659999998
666244.4545
666276.1905
666281.3820000002
666289.3415000001
666315.2239999999
666324.6009999998
666331.7420000001
666338.2395000001
666383.8245000001
666455.0115
666540.0795
666590.6140000001
666644.5219999999
666722.585
666784.7905000001
666855.0935
666927.9010000001
667026.1905
667145.071
667182.855
667205.9474999998
667236.8459999999
667261.6154999998
667287.4734999998
667318.7264999999
667355.9504999998
667383.7629999998
667407.5754999998
667433.5219999999
667450.662
667463.8114999998
667511.1379999998
667523.8065
667539.2755
667568.8599999999
667586.3080000002
667613.1425000001
667626.4855
667739.8854999999
668231.1264999998
668501.1680000001
668625.8705000002
668662.6869999999
668696.1804999998
668707.9075000002
668722.503
668730.7009999999
668735.6745000002
668741.9700000002
668728.747
668717.7144999998
668700.2059999998
668683.3330000001
668678.4265000001
668682.1320000002
668675.0274999999
668671.8195000002
668665.4545
668639.355
668667.4164999998
668675.1570000001
668674.662
668676.2940000002
668686.9855
668694.2834999999
668685.378
668683.375
668668.5625
668662.0605000001
668656.4815000002
668639.3725
668650.2714999998
668623.3849999998
668588.9785000002
668554.4819999998
668540.2599999998
668535.5685
668576.8775
668597.2680000002
668608.6699999999
668676.7725
668732.878
668763.5625
668793.9594999999
668927.2684999998
668887.0580000002
668871.5669999998
668870.9780000001
668865.2585
668805.2650000001
668754.4580000001
668686.9605
668664.6584999999
668630.2455000002
668543.3684999999
668458.2735000001
668435.7689999999
668442.7749999999
668418.3590000002
668432.273
668420.6600000001
668394.9589999998
668431.1664999998
668430.1675
668432.5625
668435.6540000001
668463.0565
668477.554
668496.3555000001
668505.7604999999
668518.1455000001
668541.8594999998
668555.6600000001
668554.5595
668563.1565
668573.6645
668571.3565000002
668553.1609999998
668566.2535000001
668565.6475
668549.943
668556.4474999998
668557.7450000001
668558.1675
668547.6570000001
668551.4405
668519.7425000002
668519.5255
668501.2234999998
668491.9175
668468.256
668424.1485000001
668387.2310000001
668372.6285000001
668320.9855
668303.5070000002
668295.3089999999
668268.9605
668260.3555000001
668250.3015000001
668225.1779999998
668197.7995000002
668181.0430000001
668173.0384999998
668166.2059999998
668158.7135000001
668164.9334999998
668153.4075000002
668153.4844999998
668136.1124999998
668136.6864999998
668140.9534999998
668150.0460000001
668174.1494999998
668114.56
668059.4100000001
668014.3845000002
667967.3620000002
667951.7710000002
667914.4994999999
667823.4185000001
667861.435
667955.946
667905.8369999998
667924.25
667924.2174999998
667917.3084999998
667928.9075000002
667948.5430000001
667962.4810000001
667966.756
668011.4624999999
668045.8735000002
668076.8190000001
668082.3654999998
668085.2395000001
668105.619
668126.716
668168.9484999999
668220.5040000002
668249.415
668284.0265000002
668260.7925
668240.2144999998
668270.3785000001
668262.6885000002
668280.2009999999
668294.0695000002
668301.0449999999
668293.3365000002
668309.3794999998
668306.3360000001
668293.3829999999
668315.648
668253.6244999999
668038.0839999998
667988.6315000001
667979.5559999999
667981.1290000002
667988.6889999998
668005.1175000002
668040.3599999999
668044.5315
668032.8114999998
668000.432
667908.5660000001
667907.1375000002
667857.7069999999
667827.1685000001
667849.5249999999
667866.8280000002
667872.5625
667873.3155
667888.9704999998
667908.6694999998
667910.8769999999
667928.8059999999
667995.3459999999
668011.0025
668060.4240000001
668071.5325000002
668082.0295000002
668120.7075
668194.5690000001
668175.6044999999
668197.6699999999
668327.0935
668400.6205000002
668457.0844999999
668439.0970000001
668439.6779999998
668453.7889999999
668398.8025000002
668378.3560000001
668378.892
668405.7689999999
668407.9035
668390.0485
668343.7144999998
668279.0959999999
668256.5384999998
668252.9134999998
668237.6324999998
668187.6630000002
668181.3509999998
668090.6825000001
668035.8859999999
668016.5605000001
668001.8955000001
667989.2719999999
667962.8960000002
667944.9654999999
667929.9685
667890.1460000002
667877.1375000002
667848.852
667817.7234999998
667778.128
667744.5715000001
667680.7144999998
667675.9495000001
667623.091
667623.1609999998
667584.3650000002
667573.1795000001
667555.6894999999
667524.2324999999
667477.4315
667470.111
667470.2170000002
667475.662
667436.3015000001
667423.3829999999
667411.7725
667410.7949999999
667415.6575000002
667409.6749999998
667420.4180000001
667452.3775
667473.0669999998
667483.6705
667533.2815
667512.7055000002
667505.9029999999
667491.6065000002
667501.9750000001
667542.3265
667554.2845000001
667599.8859999999
667624.5485
667645.0210000002
667660.9279999998
667664.0070000002
667703.8065
667723.3985000001
667743.1685000001
667751.3714999999
667735.9169999999
667745.7310000001
667763.71
667868.7684999998
667935.5194999999
667997.5929999999
668021.4315
668051.29
668086.7684999998
668113.952
668158.1069999998
668157.6135
668171.5074999998
668182.1905
668187.7790000001
668225.5665000002
668244.8999999999
668282.4500000002
668285.6165
668321.6195
668328.3119999999
668366.9555000002
668410.594
668466.1690000002
668484.236
668494.7919999999
668552.0175000001
668633.5460000001
668672.4885
668743.0825
668905.1335
669054.4275000002
669075.3314999999
669107.4035
669094.5614999998
669035.8084999998
669035.335
669038.3325
669066.4785000002
669120.4805000001
669140.8629999999
669152.361
669188.6005000002
669212.9674999998
669236.6910000001
669354.4750000001
669397.0410000002
669479.503
669517.0545000001
669584.3665
669638.3394999998
669662.0589999999
669698.8744999999
669746.7689999999
669813.2420000001
669850.077
669887.1409999998
669927.6845
669979.4440000001
670064.2119999998
670162.6860000002
670229.8629999999
670264.2404999998
670320.0010000002
670334.7285000002
670429.355
670492.8820000002
670504.3574999999
670534.1655000001
670565.5660000001
670587.9525000001
670671.9879999999
670736.2664999999
670773.8484999998
670843.6549999998
670892.8254999998
670983.1384999999
671051.4975
671056.0419999999
671033.895
670986.8560000001
670941.7574999998
670930.0425
670916.841
670841.9194999998
670812.4449999998
670774.8714999999
670729.6869999999
670666.8475000001
670643.8114999998
670666.8790000002
670626.6005000002
670528.94
670449.6200000001
670351.8215000001
670145.5095000002
670099.0065000001
670026.3599999999
669636.3475000001
669540.2119999998
669052.5580000002
668352.1455000001
668316.4559999998
668293.8585000001
668215.1460000002
668204.1124999998
668180.7220000001
668171.1299999999
668150.656
668047.148
667988.0345000001
667896.9844999998
667832.2725
667831.0079999999
667757.3325
667584.7434999999
667378.0320000001
667373.3535000002
667005.0285
666677.2259999998
666324.2464999999
666305.5495000002
665961.9589999998
665768.2450000001
665681.6630000002
665667.4445000002
665659.1115000001
665641.9325000001
665625.4169999999
665613.7264999999
665584.0775000001
665569.6804999998
665488.5805000002
665413.7085000002
665367.6995000001
665274.3640000001
665181.6949999998
665142.676
665137.5695000002
665076.659
664817.2625000002
664804.9525000001
664779.1170000001
664775.3705000002
664706.6885000002
664656.7349999999
664606.2149999999
664551.2769999998
664434.2595000002
664358.7875000001
664332.9045000002
664293.3459999999
664195.4890000001
664076.46
664005.5359999998
663939.8029999998
663918.3330000001
663901.0235000001
663855.6549999998
663830.7305000001
663803.0975000001
663775.7404999998
663735.2645
663644.4605
663540.0255
663464.3470000001
663436.0745000001
663419.4380000001
663431.2725
663417.9405
663385.3169999998
663337.2820000001
663277.8045000001
663245.6614999999
663261.895
663215.6954999999
663159.5019999999
663126.4309999999
663083.2995000002
663059.764
663047.4295000001
663028.9185000001
662950.699
662941.767
662837.6565
662818.1494999998
662797.0665000002
662751.7544999998
662697.128
662522.9465000001
662494.1949999998
662420.2779999999
662375.3144999999
662347.1809999999
662260.6830000002
662166.9920000001
662122.1915000002
662060.8394999998
662019.1770000001
661964.7935000001
661903.4295000001
661854.6294999998
661824.3865
661786.3080000002
661760.6005000002
661634.6860000002
661615.5049999999
661615.8859999999
661578.2914999998
661560.8705000002
661497.2535000001
661452.4160000002
661393.9054999999
661339.7795000002
661331.7365000001
661277.7225000001
661232.1519999998
661182.2489999998
661138.9270000001
660753.9114999999
660725.7009999999
660612.2779999999
660577.7250000001
660486.7935000001
660439.8990000002
660404.909
660395.6974999998
660332.0565
660299.8560000001
660274.2200000002
660216.2234999998
659921.406
659842.6209999998
659723.9419999998
659639.7110000001
659609.7999999998
659567.0079999999
659536.9415000002
659503.4245000002
659413.6669999999
659081.5320000001
658991.7379999999
658931.9479999999
658895.3895
658866.9190000002
658812.2850000001
658766.0265000002
658657.6405000002
658487.6400000001
658402.469
658356.2749999999
658333.9330000002
658104.7215
657874.517
657634.6159999999
657374.5465000002
657217.926
657072.4065
656183.8930000002
656165.2940000002
656069.9985000002
656029.5995
655936.5155000002
655710.1995000001
679481.6894999999
679454.6614999999
679405.1545000002
679337.3859999999
679243.8930000002
679239.6469999999
679221.1414999999
679144.622
679092.1179999998
679010.6044999999
679010.577
678953.625
678830.9325000001
678807.4575
678755.0214999998
678694.8160000001
678691.9304999998
678651.8374999999
678571.6329999999
678501.9125000001
678362.9759999998
678295.4780000001
678267.3739999998
678227.7239999999
678041.085
677847.1129999999
677804.3335000002
677744.6214999999
677718.8709999998
677709.0669999998
677691.6014999999
677683.8265
677639.5695000002
677583.5989999999
677532.0929999999
677482.3714999999
677458.5610000002
677439.6105
677363.1184999999
677294.1400000001
677233.645
677222.142
677152.378
677130.1294999998
677115.9550000001
677100.2574999998
677113.2514999998
677098.0249999999
677111.9084999999
677119.0809999998
677133.4139999999
677132.0575000001
677089.9879999999
676985.2195000001
676958.3539999998
676982.5320000001
676977.1460000002
676978.0389999999
677005.352
676997.7425000002
677030.4304999998
677000.8725
677021.0219999999
676991.9410000001
676991.4879999999
676990.3705000002
676796.9440000001
676771.4205
676736.4855
676649.6375000002
676626.7965000002
676570.7985
676529.1634999998
676478.1094999998
676436.0414999998
676388.6669999999
676380.1395
676362.6875
676312.4900000002
676261.9440000001
676224.3509999998
676184.929
676137.4879999999
676124.2385
676103.9139999999
676031.3160000001
675792.6469999999
675760.7634999999
675735.5729999999
675681.2990000001
675603.6175000002
675569.273
675455.1749999998
675448.6510000001
675422.8265
675407.3930000002
675348.1439999999
675282.7595000002
675233.665
675225.2110000001
675189.7790000001
675173.9509999999
675151.3670000001
675145.7425000002
675136.4155000001
675096.273
675098.895
675098.6025
675036.5279999999
674986.7390000001
674917.7829999998
674894.7174999998
674859.8195000002
674836.395
674800.2340000002
674713.8135000002
674672.1129999999
674629.1935
674541.9315
674525.4750000001
674460.6499999999
674375.6140000001
674382.824
674321.9615000002
674238.9545
674253.0010000002
674188.6490000002
674149.9315
674123.534
674118.7174999998
674105.23
674061.7135000001
674026.8314999999
674004.2684999998
673971.071
673951.9065
673934.8905000002
673897.4394999999
673879.9824999999
673857.8525
673854.0079999999
673830.8025000002
673815.0610000002
673788.2374999998
673774.6175000002
673715.9010000001
673698.0225
673650.3514999999
673632.034
673605.2264999999
673577.1379999998
673518.6159999999
673495.6145000001
673452.5729999999
673404.9580000001
673316.8450000002
673266.1579999998
673255.0839999998
673218.9079999998
673160.4479999999
673063.3659999999
674684.4794999999
675440.9785000002
675434.784
675431.6910000001
675382.0619999999
675349.5350000001
675328.9885
675314.6140000001
675287.1354999999
675239.9909999999
675232.0495000002
675202.0685
675172.0989999999
675136.1699999999
675092.2565000001
675049.9709999999
674979.8895
674935.5984999998
674924.5554999998
674921.6924999999
674908.8555000001
674909.8790000002
674901.9325000001
674901.983
674895.3670000001
674907.4054999999
674897.8900000001
674909.912
674911.5334999999
674896.3369999998
674820.9254999999
674761.2570000002
674724.7799999998
674667.1965000001
674595.8015000001
674558.54
674278.5970000001
674258.9585000002
674159.3495
674091.3969999999
674054.6005000002
674042.2609999999
674013.7544999998
673914.6954999999
673880.3119999999
673892.7370000002
673868.693
673868.81
673835.7659999998
673820.5780000002
673783.824
673744.8390000002
673694.6965000001
673689.3500000001
673666.9975
673666.4079999998
673601.7880000002
673548.7034999998
673521.0819999999
673487.8075000001
673393.4084999999
673245.5929999999
673130.9964999999
672669.0375000001
672649.602
672602.506
672558.4484999999
672569.2409999999
672552.8415000001
672511.8514999999
672488.7485000002
672506.3905000002
672440.943
672425.591
672373.7445
672361.017
672311.5355000002
672251.2769999998
672224.7059999998
672254.6834999998
672317.2004999998
672406.5104999999
672420.6025
672428.1069999998
672448.6060000001
672471.6965000001
672497.9175
672511.003
672505.6954999999
672504.6159999999
672504.9994999999
672503.815
672482.4205
672484.2204999998
672488.7154999999
672495.5129999998
672490.105
672486.2195000001
672474.9175
672473.7985
672470.202
672465.1044999999
672456.8999999999
672459.7220000001
672441.6170000001
672422.5134999999
672394.9045000002
672374.8125
672352.8020000001
672294.4019999998
672267.9040000001
672221.318
672172.7974999999
672136.4045000002
672096.4035
672058.6150000002
672023.1179999998
671989.3640000001
671983.2250000001
671965.8105000001
671955.3760000002
671931.2680000002
671914.7804999999
671909.4470000002
671862.7030000002
671801.835
671776.2105
671744.4610000001
671708.2154999999
671671.0134999999
671605.3265
671535.3424999998
671464.4715
671407.0899999999
671371.5800000001
671382.7004999998
671389.315
671394.3695
671408.227
671412.7000000002
671431.2230000002
671448.1124999998
671463.0674999999
671470.3875000002
671471.1660000002
671488.3450000002
671498.9750000001
671502.6455000001
671512.0529999998
671506.0589999999
671512.8925000001
671505.5869999998
671500.6740000001
671499.3714999999
671487.2834999999
671479.4345
671479.7944999998
671481.8190000001
671485.8445000001
671487.7094999999
671489.4190000002
671489.8420000002
671491.8599999999
671494.2505000001
671499.9900000002
671503.2370000002
671507.5474999999
671518.3130000001
671533.3635
671536.7949999999
671536.2965000002
671543.3245000001
671555.2740000002
671567.5180000002
671576.1395
671578.8615000001
671587.881
671596.696
671602.415
671612.4619999998
671624.4815000002
671633.8900000001
671617.3275000001
671615.0575000001
671610.0005000001
671603.3594999998
671605.7855000002
671609.656
671619.8344999999
671639.0835000002
671642.3459999999
671643.7820000001
671641.6165
671641.1124999998
671644.2595000002
671644.4054999999
671639.9955000002
671635.8969999999
671624.395
671611.2725
671607.9835000001
671604.5545000001
671606.6949999998
671607.3964999998
671605.8169999998
671606.4199999999
671601.7779999999
671588.6894999999
671585.8555000001
671583.8845000002
671591.9725000001
671598.5765
671598.46
671593.9219999998
671585.9734999998
671585.4360000002
671587.3484999998
671582.7999999998
671569.8640000001
671566.6765000001
671566.1200000001
671562.4915
671551.8204999999
671575.9190000002
671579.2385
671579.4130000002
671583.2009999999
671581.4065
671568.6354999999
671563.8975
671546.7599999998
671531.9695000001
671520.2599999998
671508.6965000001
671503.5419999999
671491.5665000002
671482.7875000001
671462.7280000001
671471.4240000001
671472.3470000001
671470.4755000002
671465.5750000002
671453.8080000002
671439.4045000002
671426.7955
671419.2599999998
671411.3195000002
671411.395
671418.7684999998
671410.9295000001
671408.6949999998
671402.7374999998
671394.3829999999
671387.9049999998
671374.4640000002
671349.2570000002
671331.676
671307.0435000001
671279.8465
671248.9500000002
671241.426
671219.6365
671199.6014999999
671194.889
671185.1060000001
671181.6324999998
671178.3114999998
671150.4095000001
671133.2289999998
671119.3815000001
671098.1869999999
671117.6735
671167.9355000001
671155.9879999999
671141.125
671138.7445
671116.8605
671106.8884999999
671109.0720000002
671107.9989999998
671092.8684999999
671083.435
671074.0279999999
671071.713
671071.2675000001
671069.2774999999
671066.4235
671065.2185
671064.0449999999
671059.9950000001
671044.7960000001
671043.94
671049.7625000002
671031.216
670994.7514999998
670971.5504999999
670957.7514999998
670953.7220000001
670954.1940000001
670957.0325000002
670968.5724999998
670982.2420000001
670984.6455000001
670978.1754999999
670958.4870000002
670953.3865
670945.7344999998
670939.1324999998
670937.5795
670933.5924999998
670924.4449999998
670922.4245000002
670913.699
670904.7475
670906.6469999999
670911.534
670924.6770000001
670936.7875000001
670965.4934999999
670973.2889999999
670988.8429999999
671030.7425000002
671047.6425000001
671066.3470000001
671082.6370000001
671087.5440000002
671089.3525
671098.0320000001
671101.247
671095.7590000001
671088.3875000002
671104.8065
671093.2659999998
671093.557
671089.4330000002
671087.3760000002
671083.185
671053.1655000001
671033.7884999998
671025.2510000002
670987.0449999999
670961.642
670939.3544999999
670928.2480000001
670915.5485
670900.0525000002
670879.5350000001
670870.744
670862.1540000001
670835.4559999998
670821.1395
670815.2565000001
670808.6579999998
670790.1349999998
670746.6370000001
670732.5425
670707.9419999998
670686.8314999999
670665.8535000002
670645.1409999998
670596.355
670586.9330000002
670556.557
670553.551
670551.6115000001
670538.3670000001
670535.3165000002
670532.7434999999
670521.5584999998
670500.1409999998
670489.0175000001
670475.3739999998
670464.8105000001
670457.9649999999
670451.304
670439.6475
670437.0750000002
670431.6505
670426.0674999999
670422.3015000001
670413.1715000002
670399.7765000002
670389.3089999999
670381.9210000001
670376.9874999998
670366.3560000001
670359.6664999998
670356.2154999999
670354.0759999999
670385.0065000001
670403.247
670415.4415000002
670436.0469999998
670440.1264999998
670445.1444999999
670450.4635000001
670495.7760000001
670505.2030000002
670507.1405000002
670517.736
670527.0435000001
670528.4454999999
670538.4704999998
670549.5474999999
670557.3135000002
670563.8709999998
670562.7864999999
670562.6060000001
670569.0959999999
670574.2455000002
670590.9704999998
670606.2645
670611.3495
670621.5044999998
670630.7200000002
670642.0625
670646.747
670654.5929999999
670674.983
670690.2735000001
670726.3790000002
670746.4874999998
670760.4865000001
670774.4394999999
670781.9079999998
670789.6984999999
670808.8879999998
670815.8169999998
670828.6535
670841.6869999999
670851.594
670857.5704999999
670870.4275000002
670884.7765000002
670887.4789999998
670894.6269999999
670909.2434999999
670920.2105
670928.2464999999
670934.8374999999
670960.8605
670956.7779999999
670957.6540000001
670957.7119999998
670954.193
670950.4105000002
670951.2664999999
670954.318
670972.7475
670980.9700000002
670995.5729999999
670998.324
671003.7804999999
671016.9300000002
671029.5660000001
671047.3385000001
671068.031
671075.6924999999
671097.267
671113.1945000002
671151.4785000002
671177.9819999998
671194.9405
671209.4215000002
671261.0389999999
671312.6765000001
671325.5625
671377.6269999999
671428.1614999999
671469.1175000002
671491.6724999999
671508.9075000002
671534.2769999998
671583.6324999998
671603.9720000001
671610.4339999999
671616.1875
671629.8684999999
671667.2069999999
671704.7549999999
671730.8289999999
671771.844
671793.0575000001
671799.0079999999
671808.034
671820.662
671831.3289999999
671851.1825000001
671848.5414999998
671882.557
671920.0375000001
671907.4100000001
671869.1940000001
671822.9564999999
671818.0210000002
671820.0890000002
671803.4915
671797.9385000002
671791.2735000001
671786.0759999999
671800.0995
671830.5954999998
671856.2779999999
671877.1120000002
671889.0290000001
671897.8509999998
671908.216
671908.8420000002
671907.6214999999
671912.3484999998
671906.9275000002
671908.2579999999
671941.946
671990.7684999998
672017.9564999999
672045.1699999999
672079.966
672098.0550000002
672129.9640000002
672130.8555000001
672126.0745000001
672109.2565000001
672087.0734999999
672073.4550000001
672031.753
672028.9474999998
672010.1625000001
671993.9525000001
671978.352
671947.9654999999
671912.6469999999
671826.8700000001
671784.6485000001
671754.3484999998
671709.1669999999
671654.0625
671633.1505
671612.1630000002
671580.659
671539.5595
671505.358
671480.548
671459.2379999999
671408.4470000002
671393.5440000002
671411.435
671432.1485000001
671447.844
671445.9575
671435.1359999999
671436.037
671440.9375
671446.7335000001
671424.7494999999
671414.1365
671406.1345000002
671400.6434999998
671343.3314999999
671330.4339999999
671342.0329999998
671347.435
671348.0329999998
671346.5295000002
671338.3470000001
671400.2379999999
671420.642
671444.8424999998
671470.4070000001
671603.1660000002
671610.1179999998
671673.5380000002
671888.9369999999
672115.8590000002
672153.5435000001
672179.1529999999
672190.1579999998
672210.5589999999
672222.6510000001
672235.7604999999
672269.6395
672260.9240000001
672262.5765
672277.7714999998
672281.861
672289.5865000002
672349.3265
672450.8574999999
672528.4515
672600.2565000001
672641.7590000001
672661.7655000002
672682.8594999998
672703.5575000001
672734.9750000001
672772.3505000002
672779.4704999998
672792.9644999998
672812.6710000001
672830.469
672863.7625000002
672890.0550000002
672904.372
672917.2595000002
672945.0625
672986.2599999998
673031.1770000001
673063.6664999998
673092.3744999999
673142.9654999999
673171.6634999998
673202.3650000002
673225.267
673287.1634999998
673426.6830000002
673642.8835
673757.8815000001
673747.994
673859.7974999999
674011.5115
674118.7289999998
674164.7259999998
674271.8509999998
674298.7834999999
674297.4334999998
674332.1655000001
674344.9874999998
674362.94
674367.827
674388.685
674390.3835
674408.3300000001
674428.6039999998
674450.9185000001
674498.7645
674588.841
674639.9615000002
674632.4405
674642.5929999999
674671.9580000001
674688.5010000002
674737.1614999999
674732.4205
674721.9780000001
674728.506
674709.7420000001
674748.2785
674754.074
674767.935
674784.9449999998
674780.7000000002
674774.6235000002
674810.7464999999
674806.5384999998
674824.0830000001
674829.872
674857.3535000002
674870.6030000001
674818.4224999999
674800.9530000002
674778.0435000001
674754.6784999999
674752.7579999999
674743.3309999998
674745.1335
674762.0665000002
674780.5655
674804.3760000002
674847.9539999999
674857.7914999998
674906.6154999998
674937.5249999999
674987.8615000001
675013.9515
675038.1469999999
675074.2165000001
675104.7965000002
675130.0490000001
675236.8050000002
675257.3429999999
675346.1965000001
675397.73
675426.8314999999
675608.318
675643.3560000001
675656.6105
675682.4844999998
675698.3675000002
675776.0685
675800.4580000001
675825.9470000002
675840.8454999998
675932.0920000002
675985.1129999999
676018.5899999999
676047.8700000001
676099.4789999998
676116.0639999998
676156.1860000002
676241.4364999998
676299.2880000002
676336.2379999999
676394.4550000001
676443.5545000001
676478.4950000001
676549.483
676623.6384999999
676656.9679999999
676735.7919999999
676762.983
676801.497
676860.6320000002
676900.4300000002
676974.3169999998
676990.8985000001
677039.2790000001
677118.3539999998
677218.392
677266.5414999998
677294.7425000002
677319.4380000001
677445.8470000001
677553.4410000001
677698.2000000002
677819.56
677852.7694999999
677878.3289999999
677903.6094999998
677930.2220000001
677953.5894999998
677965.7220000001
677993.1129999999
678004.3859999999
678023.2689999999
678044.5005000001
678126.5614999998
678187.6505
678196.1634999998
678203.716
678257.7319999998
678280.8314999999
678338.2625000002
678348.1724999999
678379.8339999998
678397.0444999998
678453.7889999999
678484.1745000002
678523.4964999999
678546.6349999998
678597.9040000001
678651.6275
678716.5504999999
678717.0800000001
678782.0685
678864.7059999998
678894.2525
678909.9545
678922.1864999998
678930.9095000001
679001.2955
679048.4160000002
679077.2050000001
679133.7710000002
679164.4454999999
679150.213
679170.7969999998
679167.2365000001
679218.9569999999
679219.1784999999
679262.5660000001
679276.162
679285.8509999998
679294.3629999999
679323.1055000001
679365.5499999998
679415.2645
679453.6630000002
679478.2245
679518.4794999999
679555.1359999999
679561.2969999998
679578.0534999999
679593.8859999999
679684.3160000001
679710.4300000002
679724.1529999999
679790.406
679816.6175000002
679828.8300000001
679839.5375000001
679875.1205000002
679904.2914999998
679924.2080000001
679995.9240000001
680040.0605000001
680074.017
680146.5320000001
680195.1830000002
680333.3695
680370.3114999998
680403.9084999999
680430.3004999999
680570.8705000002
680603.8254999998
680634.1400000001
680674.6140000001
680695.548
680709.7710000002
680764.5159999998
680779.4720000001
680829.0274999999
680829.3065
680862.176
680916.8495
680946.8360000001
680971.7930000001
681111.6699999999
681145.5005000001
681166.5225
681171.7110000001
681198.1889999998
681219.486
681240.0120000001
681305.2305000001
681318.0455
681362.3110000002
681438.2030000002
681473.6009999998
681479.148
681463.3594999998
681375.8415000001
681382.6490000002
681377.6455000001
681396.6425000001
681381.1625000001
681399.1375000002
681400.1630000002
681381.656
681366.1549999998
681345.1515000002
681335.139
681293.9605
681246.4500000002
681228.8569999998
681193.747
681157.5520000001
681148.6485000001
681105.1375000002
681082.1505
681017.6554999999
680932.1595000001
680910.9380000001
680820.6529999999
680819.1535
680771.6609999998
680743.1614999999
680715.6605000002
680649.2365000001
680583.7415
680485.6529999999
680470.6379999998
680443.0389999999
680333.1329999999
680291.1354999999
680263.6349999998
680227.6529999999
680233.6485000001
680127.1540000001
680093.6464999998
680084.6359999999
680065.6490000002
680043.1575000002
680027.9555000002
679930.1315000001
679932.1335
679916.1425000001
679906.5989999999
679891.1340000001
679888.0430000001
679878.1340000001
679864.6444999999
679824.1554999999
679807.8484999998
679781.1430000002
679768.8555000001
679734.1464999998
679716.6439999999
679728.1524999999
679720.6444999999
679712.8509999998
679706.1305
679729.6460000002
679733.1455000001
679742.6515000002
679741.6439999999
679753.1384999999
679725.6499999999
679739.8565000002
679747.6335
679731.6494999998
679736.6434999998
679720.1434999998
679747.631
679727.6444999999
679715.4334999998
679713.148
679640.6335
679602.6414999999
679557.9375
679562.1434999998
679575.6505
679561.6545000002
679569.1359999999
679506.6379999998
679504.6299999999
679477.8544999999
679453.642
679333.0210000002
679341.3495
679532.1540000001
679530.6324999998
679729.8500000001
679735.9500000002
679692.841
679748.4454999999
679740.6335
679641.7259999998
679545.6299999999
679518.0304999999
679500.6439999999
679493.1475
679501.6430000002
679392.0260000001
679213.841
679069.2294999999
678910.2255000002
678740.7455000002
678605.8484999998
678294.324
678413.827
678331.3480000002
678497.3360000001
678606.4385000002
678842.1205000002
678840.1170000001
678936.7215
679011.622
679156.1375000002
679274.139
679332.5175000001
679584.7315000002
679596.8199999998
679612.2135000001
679628.7294999999
679640.3265
679648.0099999998
679649.594
679651.0074999998
679651.7404999998
679652.7094999999
679578.9194999998
679551.7094999999
679497.8190000001
679451.6069999998
679442.2080000001
679417.2069999999
679395.9139999999
679386.0065000001
679401.3139999998
679564.3905000002
679601.1115000001
679792.4929999998
679832.7905000001
679877.9079999998
679932.804
680046.0830000001
680096.0809999998
680156.3790000002
680181.0970000001
680409.7999999998
680334.8075000001
680198.8020000001
680091.5260000001
680033.0085
679951.25
679879.2429999998
679875.7494999999
679764.727
679727.2215
679678.716
679583.4470000002
679551.9569999999
679513.6784999999
679481.6894999999
