724059.9934999999
724058.6540000001
724058.628
724058.4180000001
724057.9874999998
724180.0095000002
724255.0099999998
724259.9964999999
724260.0074999998
724207.9900000002
724198.2455000002
724103.0005000001
724094.8684999999
724092.4950000001
724092.4410000001
724092.4139999999
724082.9989999998
724060.0129999998
724032.6869999999
724027.994
724008.0125000002
724010.9019999998
724019.9885
723984.2085000002
723983.0
723992.1205000002
724034.9900000002
724023.0079999999
723990.0055
723963.0005000001
723954.9915
723957.9955000002
723948.0
723924.994
723905.0025
723888.0005000001
723880.0035000001
723881.1294999998
723889.9915
723898.0065000001
723882.9885
723847.9920000001
723848.7195000001
723849.9980000001
723862.9900000002
723868.0085
723860.0014999998
723835.0049999999
723807.9885
723783.0079999999
723774.9934999999
723763.0070000002
723760.006
723785.0014999998
723838.1060000001
723840.0055
723884.9890000001
723947.9985000002
724034.9855
724003.0010000002
723982.662
723972.9985000002
723904.9885
723902.5019999999
723819.9915
723728.0070000002
723634.9925000002
723609.827
723597.9909999999
723515.0125000002
723449.9874999998
723418.006
723389.977
723382.9915
723352.9929999998
723295.0035000001
723293.7140000002
723243.0134999999
723148.2445
723147.9920000001
723099.9874999998
723067.9945
723040.0125000002
723029.9895000001
723015.006
722955.3815000001
722820.6655000001
722790.0095000002
722762.9989999998
722734.3114999998
722712.9985000002
722698.4840000002
722670.0125000002
722633.3670000001
722570.0380000002
722564.9870000002
722463.0065000001
722423.0005000001
722364.9955000002
722343.0359999998
722343.0079999999
722304.9874999998
722277.9945
722271.5695000002
722214.9900000002
722122.9904999998
722093.003
721973.0090000001
721827.9890000001
721802.9879999999
721772.9964999999
721717.9959999998
721687.9890000001
721663.0865000002
721663.0005000001
721648.1575000002
721647.9909999999
721627.9915
721618.8999999999
721607.9890000001
721544.9885
721412.9909999999
721335.0065000001
721229.9945
720878.0055
720796.6094999998
720794.9909999999
720849.9890000001
720877.9989999998
720923.0005000001
720922.9955000002
720897.4375
720877.9989999998
720882.4075000002
720883.0040000002
720897.9874999998
720892.9885
720884.994
720879.9950000001
720882.3985000001
720882.5299999998
720882.7154999999
720893.094
720899.9895000001
720920.0014999998
720935.0115
720954.9895000001
720963.3865
720964.9900000002
720956.7069999999
720954.9980000001
720950.7755
720944.9964999999
720947.9994999999
720959.9989999998
720993.3599999999
720994.9895000001
720997.2195000001
720998.7855000002
721025.0104999999
721028.2540000002
721044.9890000001
721065.0040000002
721083.7000000002
721094.9950000001
721123.0019999999
721137.9879999999
721144.9920000001
721145.6690000002
721149.5699999998
721152.9900000002
721142.9955000002
721098.0685
721095.0104999999
721089.5495000002
721085.3824999998
721085.3820000002
721082.3065
721080.0070000002
721082.9955000002
721083.8459999999
721084.5800000001
721084.9870000002
721118.9545
721125.0010000002
720987.9945
720973.1609999998
720903.5929999999
720875.0129999998
720829.9895000001
720715.0099999998
720635.0104999999
720612.9915
720539.9895000001
720580.0099999998
720624.9955000002
720600.0040000002
720549.9925000002
720543.5085
720529.824
720509.9994999999
720495.0070000002
720434.9994999999
720400.0055
720350.006
720337.9900000002
720325.0044999998
720308.0115
720282.9955000002
720270.0005000001
720258.0104999999
720240.0070000002
720203.0120000001
720180.0115
720138.0085
720118.0079999999
720110.0085
720093.0115
720053.0005000001
720044.986
720045.0019999999
720028.0090000001
720007.9925000002
719992.9964999999
719939.9909999999
719908.0120000001
719884.9989999998
719847.7895
719774.9975
719722.9959999998
719703.0005000001
719698.5660000001
719627.9989999998
719604.9685
719580.0014999998
719514.9925000002
719499.6745000002
719497.9945
719470.0014999998
719408.0134999999
719383.0104999999
719397.2464999999
719404.8130000001
719450.0929999999
719464.994
719365.0085
719351.7374999998
719259.9929999998
719188.0125000002
719167.6524999999
719162.997
719143.0014999998
719093.0120000001
719072.7415
719059.9929999998
719034.9900000002
719004.9929999998
718883.0115
718892.2604999999
718915.0
718880.0120000001
718853.0120000001
718763.0085
718757.1255000001
718707.9920000001
718706.9594999999
718624.9105000002
718620.0065000001
718570.0044999998
718523.0099999998
718448.0014999998
718387.625
718374.9950000001
718317.994
718303.0019999999
718303.6834999998
718368.551
718379.9934999999
718385.0040000002
718374.9870000002
718358.0125000002
718337.9989999998
718334.1469999999
718318.0090000001
718289.986
718279.9865000001
718269.9945
718163.0044999998
718132.8744999999
718117.9945
718110.96
718057.9895000001
717972.9885
717937.9934999999
717909.9955000002
717873.003
717909.9865000001
717845.0090000001
717780.0035000001
717714.9975
717698.0025
717678.0040000002
717664.997
717579.9909999999
717525.0005000001
717438.0090000001
717378.0049999999
717333.0095000002
717208.0010000002
717170.0010000002
717153.5065000001
717097.9964999999
716725.003
716680.0090000001
716667.9920000001
716600.003
716577.9920000001
716547.9870000002
716487.9989999998
716455.0049999999
716419.9909999999
716347.9975
716213.0065000001
716173.0104999999
716123.0040000002
716107.9904999998
716117.9959999998
716118.0134999999
716074.9950000001
716040.0
716040.8204999999
716041.699
716060.0044999998
716065.0074999998
716060.0109999999
716058.355
716049.9950000001
716046.7064999999
715968.0295000002
715943.0090000001
715904.4145
715858.0120000001
715810.0040000002
715800.0129999998
715792.9950000001
715815.733
715824.9929999998
715839.9955000002
715844.9915
715817.9890000001
715782.997
715778.48
715689.9934999999
715649.997
715564.9975
715510.0134999999
715405.0
715330.0010000002
715147.9885
715070.0074999998
715017.9945
714982.9950000001
714930.0115
714828.0099999998
714803.9315
714650.0014999998
714629.9890000001
714554.9959999998
714513.006
714510.8585000001
714504.9900000002
714497.9980000001
714503.0070000002
714517.994
714522.9955000002
714538.0070000002
714553.6979999999
714559.1945000002
714560.8684999999
714565.0010000002
714595.0035000001
714611.1889999998
714621.8500000001
714621.8495
714624.8990000002
714644.9950000001
714699.9909999999
714719.8399999999
714784.3500000001
714990.0115
715130.0095000002
715258.0035000001
715374.2625000002
715547.9980000001
715687.9959999998
715857.3489999999
715883.0055
715884.9134999998
715937.9890000001
716017.9885
716078.0040000002
716208.0125000002
716245.0120000001
716374.9959999998
716473.0134999999
716508.0085
716529.0695000002
716545.0025
716624.9964999999
716710.8495
716862.9909999999
716974.9975
716987.8895
717004.9870000002
716997.9915
716958.0
716933.0014999998
716897.9989999998
716891.8735000002
716865.9764999999
716815.0079999999
716768.0109999999
716783.0109999999
716747.9945
716729.6315000001
716725.0
716719.8679999998
716712.9980000001
716638.0035000001
716621.912
716612.9904999998
716534.9915
716464.9964999999
716388.0090000001
716380.5809999998
716366.0315
716360.0
716308.0090000001
716245.0125000002
716218.0010000002
716189.9985000002
716114.5440000002
716093.0055
716102.9920000001
716119.9950000001
716133.4515
716147.9934999999
716165.0040000002
716165.0090000001
716155.0554999998
716147.9904999998
716138.0070000002
716144.6305
716153.0055
716142.994
716142.9900000002
716124.9994999999
716114.9950000001
716115.0019999999
716115.0049999999
716109.9934999999
716094.9904999998
716054.9915
716045.014
716044.6945000002
716032.9904999998
716043.0104999999
716040.0065000001
716044.9870000002
716059.9879999999
716065.0014999998
716043.0090000001
716043.003
716034.9945
716033.0125000002
716042.9985000002
716023.0109999999
715982.9855
715967.9385000002
715964.9915
715958.0
715945.0104999999
715927.9890000001
715894.9959999998
715868.0025
715819.9980000001
715750.0074999998
715645.0044999998
715557.9989999998
715509.9920000001
715387.9909999999
715302.9950000001
715269.9934999999
715219.9874999998
715208.0074999998
715164.9985000002
715135.0260000001
715128.0090000001
715107.9885
715100.6855000001
715097.9915
715098.0035000001
715098.0049999999
715114.9895000001
715162.9890000001
715296.0055
715353.0129999998
715338.0005000001
715274.9989999998
715225.8459999999
715224.9980000001
715202.2925
715185.0019999999
715165.0070000002
715164.9205
715133.006
715104.9890000001
715031.9424999999
714978.4394999999
714969.9994999999
714935.0085
714835.0049999999
714763.0055
714687.7875000001
714585.0085
714493.0049999999
714408.1379999998
714355.0055
714249.5685
714170.0019999999
713963.0104999999
713872.9915
713763.0120000001
713735.6085000001
713569.9925000002
713363.0005000001
713248.0055
713189.9975
713185.1485000001
713078.0079999999
713032.9929999998
713004.9989999998
712949.997
712921.2280000001
712880.7855000002
712830.0014999998
712795.0014999998
712792.1094999998
712778.0085
712778.3930000002
712782.9870000002
712795.0049999999
712828.0
712852.9994999999
712928.0120000001
713006.8679999998
713023.0065000001
713069.9985000002
713094.9929999998
713093.0329999998
713093.0605000001
713093.0605000001
713090.8220000002
713074.8635
713064.2434999999
713057.7225000001
713057.7220000001
713053.0044999998
713017.9964999999
712890.0125000002
712807.9909999999
712655.6915000002
712650.0070000002
712337.997
712004.9985000002
711982.8339999998
711933.0049999999
711834.9920000001
711742.9920000001
711623.0070000002
711618.6510000001
711533.4265000001
711474.9895000001
711444.9879999999
711408.0065000001
711399.1570000001
711349.9985000002
711312.9870000002
711275.0049999999
711219.994
711155.0025
711099.9989999998
711029.9955000002
711016.9844999998
710895.0070000002
710850.0129999998
710812.9879999999
710783.6069999998
710779.9879999999
710756.5959999999
710730.0070000002
710702.9879999999
710664.9934999999
710559.9915
710543.006
710517.4925000002
710499.9994999999
710334.9915
710235.0099999998
710117.3620000002
710077.9925000002
710008.0065000001
709962.9925000002
709885.0104999999
709840.0010000002
709799.9879999999
709770.0070000002
709690.0095000002
709612.9950000001
709552.994
709430.0129999998
709352.997
709324.9950000001
709288.0035000001
709252.994
709213.0070000002
709139.9929999998
709048.0044999998
709004.9934999999
708960.0074999998
708929.9900000002
708884.997
708863.0074999998
708862.9934999999
708863.0099999998
708862.0010000002
708859.9989999998
708850.0079999999
708852.9865000001
708848.094
708819.9900000002
708799.9955000002
708671.7135000001
708597.9989999998
708595.0040000002
708577.7804999999
708569.9959999998
708565.4010000001
708564.9955000002
708553.0134999999
708537.9989999998
708535.5044999998
708518.006
708478.0040000002
708422.9959999998
708357.5975000001
708289.9915
708252.9890000001
708177.9975
708143.0044999998
708119.9865000001
708108.0074999998
708068.0010000002
708014.9985000002
707987.9895000001
707963.037
707937.9994999999
707864.9975
707830.014
707733.003
707687.9945
707680.0995
707608.0095000002
707572.9904999998
707499.9945
707493.2875000001
707489.9915
707457.9865000001
707438.0090000001
707372.9870000002
707347.9920000001
707315.0074999998
707280.0049999999
707240.003
707209.091
707192.9934999999
707120.006
707025.0134999999
706962.9950000001
706904.9934999999
706815.0104999999
706758.0079999999
706708.0014999998
706605.0125000002
706574.9920000001
706553.0115
706527.997
706513.986
706512.9989999998
706380.0090000001
706327.9904999998
706276.4435
706269.9865000001
706239.9900000002
706238.2749999999
706209.9934999999
706140.0079999999
706098.0115
706055.0104999999
705925.0120000001
705852.9959999998
705787.9870000002
705668.0019999999
705617.9885
705562.9985000002
705449.9994999999
705405.0129999998
705317.9964999999
705284.9925000002
705230.0035000001
705159.9895000001
705027.994
704967.9929999998
704893.0095000002
704879.9925000002
704879.9985000002
704899.9904999998
704903.0095000002
704894.9855
704874.9980000001
704834.9975
704823.0129999998
704764.997
704722.9925000002
704684.9890000001
704569.9890000001
704520.0125000002
704437.9904999998
704432.9865000001
704416.0580000002
704411.798
704395.0095000002
704420.5619999999
704492.9945
704532.9915
704610.0014999998
704645.0025
704698.0129999998
704738.0035000001
704834.9950000001
704913.0095000002
705218.0090000001
705768.0014999998
705829.9950000001
705877.9904999998
706043.0049999999
706332.9874999998
706799.9870000002
706834.3509999998
706884.5384999998
706933.9219999998
706937.9959999998
707362.994
707499.9900000002
707575.0019999999
707625.0010000002
707700.0010000002
707915.0040000002
707939.4224999999
708119.9989999998
707999.9980000001
707927.9885
707872.9945
707823.0019999999
707765.0104999999
707720.0079999999
707680.0095000002
707644.9874999998
707610.0040000002
707572.9985000002
707724.9985000002
707902.9874999998
708034.9934999999
708245.0044999998
708663.003
708790.0014999998
708993.0010000002
709567.9865000001
709519.9989999998
709349.9980000001
709185.0099999998
709000.0014999998
708999.69
708944.9879999999
708912.9994999999
708870.0129999998
708845.0035000001
708735.0104999999
708699.9885
708663.003
708642.9994999999
708609.9900000002
708584.9950000001
708557.9925000002
708465.003
708423.0035000001
708395.804
708384.9915
708340.0040000002
708284.9929999998
708238.7045
708232.9985000002
708148.0005000001
708093.0014999998
708050.0095000002
707918.0104999999
707850.0134999999
707782.9975
707564.997
707499.9885
707405.003
707345.0044999998
707309.9920000001
707237.9890000001
707207.9994999999
707177.9929999998
707167.9989999998
707161.7629999998
707107.9955000002
707082.9989999998
707039.3254999998
707038.0085
707023.0120000001
707033.0095000002
707022.9934999999
706973.0025
706960.0019999999
706940.0095000002
706932.994
706949.9915
706954.9994999999
706945.0115
706914.986
706855.0079999999
706787.9870000002
706670.0099999998
706650.0099999998
706633.0019999999
706613.0055
706595.0035000001
706558.0074999998
706522.9980000001
706509.9964999999
706497.9909999999
706482.9890000001
706479.9909999999
706462.9955000002
706418.0010000002
705735.0025
705724.7880000002
705632.994
705409.9870000002
705388.5364999999
705315.0095000002
705267.9895000001
704638.014
704339.9950000001
703972.994
703899.9950000001
703814.9929999998
703508.0074999998
703486.7055000002
703447.9980000001
703426.7850000001
703416.6009999998
703398.0049999999
703388.6639999999
703373.0099999998
703371.2540000002
703367.5989999999
703350.0079999999
703295.0014999998
703268.0055
703218.0115
703150.0049999999
703108.0109999999
703101.273
703059.9980000001
702999.9929999998
702973.0120000001
702950.0055
702930.0044999998
702918.006
702873.0005000001
702870.3454999998
702839.9994999999
702814.9909999999
702797.9994999999
702779.9920000001
702765.0099999998
702763.3705000002
702757.997
702745.0019999999
702637.9975
702564.9879999999
702540.0095000002
702518.0065000001
702465.139
702390.0085
702234.9994999999
702203.2429999998
702198.0014999998
702178.0090000001
702170.0134999999
702159.9879999999
702139.9904999998
702092.9915
702065.0079999999
702058.7494999999
702054.9879999999
702055.0074999998
702049.9934999999
702037.9975
701948.0019999999
701925.0019999999
701914.4635000001
701893.0109999999
701862.8624999998
701811.591
701759.4900000002
701735.9920000001
701696.1430000002
701655.0894999998
701631.1924999999
701589.3944999999
701527.605
701491.2574999998
701482.9964999999
701450.4674999998
701407.6705
701392.3245000001
701325.8955000001
701226.713
701186.6159999999
701173.395
701040.267
701035.506
701034.5885000001
700982.4815000002
700928.5120000001
700864.6519999998
700797.8695
700778.1129999999
700773.0090000001
700762.602
700762.5745000001
700762.5745000001
700721.5775000001
700701.284
700613.7275
700599.7055000002
700479.1970000002
700378.898
700285.8004999999
700277.1995000001
700164.2944999998
699976.5474999999
699855.1120000002
699726.2200000002
699710.6869999999
699645.2940000002
699408.0090000001
699355.0410000002
699275.4775
699189.6464999998
699054.3169999998
698751.2135000001
698694.497
698629.9994999999
698594.1425000001
698493.5485
697548.0079999999
697288.909
697274.9249999998
697274.6460000002
697263.0065000001
697245.0129999998
697233.006
697134.9870000002
697070.0104999999
697035.0010000002
697018.0005000001
697015.0070000002
697005.3335000002
697005.0090000001
696988.0120000001
696964.9865000001
696932.9885
696909.9945
696894.9985000002
696877.9945
696838.0129999998
696815.0040000002
696787.9900000002
696770.0115
696750.0129999998
696728.006
696695.0104999999
696670.0120000001
696587.9959999998
696584.9964999999
696568.0010000002
696545.0070000002
696520.0010000002
696475.0120000001
696437.9900000002
696433.5529999998
696429.9874999998
696427.9925000002
696426.06
696424.3125
696423.0040000002
696383.3714999999
696383.0074999998
696369.9904999998
696351.9975
696317.9959999998
696304.9870000002
696285.0134999999
696259.997
696244.9874999998
696235.2135000001
696227.1825000001
696224.9975
696170.0055
696091.8275000001
696088.0134999999
696080.0835000002
696077.9870000002
696080.7459999998
696090.0120000001
696086.2629999998
696084.9950000001
696074.9794999999
696069.9865000001
696074.9915
696070.0109999999
696056.0095000002
696055.0035000001
696010.0049999999
695979.9929999998
695953.0025
695993.0010000002
696003.0085
696003.0065000001
696017.9975
696018.0125000002
696017.9994999999
696003.0109999999
695989.9874999998
695968.0044999998
695952.9929999998
695928.0079999999
695909.997
695879.9964999999
695843.0044999998
695808.0035000001
695764.9994999999
695690.0125000002
695683.0115
695634.9959999998
695594.9929999998
695562.9885
695494.994
695393.003
695353.0134999999
695319.9915
695313.0134999999
695300.0044999998
695225.0070000002
695198.0070000002
695153.0040000002
695113.0115
695094.986
695027.9994999999
695013.0035000001
695000.0079999999
694935.0085
694884.9874999998
694844.9900000002
694783.0109999999
694593.0125000002
694239.9900000002
694210.0079999999
694132.986
694135.0035000001
694114.9989999998
694087.9955000002
694058.0
693985.0095000002
693952.9920000001
693937.9975
693920.0005000001
693878.0014999998
693852.9945
693834.9955000002
693813.0070000002
693790.0109999999
693753.0055
693672.9994999999
693658.0104999999
693543.0115
693488.7955
693487.3160000001
693486.3199999998
693485.9215000002
693485.0109999999
693474.9929999998
693483.0099999998
693438.0055
693408.0065000001
693315.0
693180.0005000001
693110.0035000001
693045.0115
692987.9865000001
692919.9985000002
692847.9895000001
692779.9904999998
692689.9934999999
692615.0085
692557.9855
692407.9959999998
692369.9975
692330.0005000001
692292.9904999998
692248.0
692137.9874999998
692069.9950000001
691954.9980000001
691890.0125000002
691828.0040000002
691780.0074999998
691692.9955000002
691644.986
691600.0005000001
691575.0074999998
691535.0095000002
691495.0035000001
691438.006
691403.0025
691358.0134999999
691309.9955000002
691165.0055
691098.0115
691018.0145
690893.0049999999
690755.0
690684.9904999998
690720.0129999998
690720.0095000002
690707.9975
690692.9909999999
690663.006
690655.9015000002
690633.0070000002
690615.0019999999
690598.0040000002
690568.0095000002
690542.9945
690524.9955000002
690518.0065000001
690518.0115
690523.0090000001
690544.9929999998
690565.0079999999
690575.0019999999
690558.0090000001
690559.9994999999
690573.0074999998
690575.0
690572.9975
690558.0115
690545.003
690502.9994999999
690482.9994999999
690438.0044999998
690370.0129999998
690315.0090000001
690310.0085
690290.0109999999
690275.0104999999
690187.9904999998
690112.9929999998
690094.9975
690082.9950000001
690029.9909999999
690012.9989999998
689994.9874999998
689980.0070000002
689969.9904999998
689955.0134999999
689954.9934999999
689943.0109999999
689882.9985000002
689855.0090000001
689818.0129999998
689789.9975
689764.9950000001
689737.9964999999
689712.9950000001
689615.006
689588.0134999999
689537.9994999999
689520.0090000001
689487.9909999999
689439.997
689415.0049999999
689390.0049999999
689307.9920000001
689267.997
689240.0079999999
689214.9870000002
689192.9989999998
689199.9955000002
689203.0035000001
689219.9895000001
689220.0109999999
689208.0115
689194.9955000002
689184.9900000002
689193.0134999999
689207.9985000002
689237.9929999998
689243.0055
689258.0014999998
689274.9934999999
689294.9955000002
689317.9929999998
689344.9885
689384.9929999998
689423.0040000002
689443.006
689457.9950000001
689477.997
689509.9904999998
689580.0085
689609.9950000001
689628.0049999999
689694.9915
689714.9909999999
689738.0065000001
689740.0025
689738.139
689738.0095000002
689725.0104999999
689722.9925000002
689740.0074999998
689724.9920000001
689734.9879999999
689760.0019999999
689794.9959999998
689868.0099999998
689944.9865000001
689980.0040000002
690015.0070000002
689969.9994999999
689958.0109999999
689954.9900000002
689985.0
689982.9879999999
689967.986
689945.0035000001
689918.0035000001
689840.0134999999
689792.9885
689670.0125000002
689535.0090000001
689464.9920000001
689434.9985000002
689408.0010000002
689337.9989999998
689292.9870000002
689277.9985000002
689267.9870000002
689250.0090000001
689223.0014999998
689117.9989999998
689049.9985000002
689023.0014999998
688908.0134999999
688880.0010000002
688828.0014999998
688809.9879999999
688800.0074999998
688793.0109999999
688799.9915
688797.9959999998
688808.0025
688842.9879999999
688847.9955000002
688844.9870000002
688849.9879999999
688860.0134999999
688874.9909999999
688875.0035000001
688862.997
688754.9964999999
688740.003
688734.9950000001
688748.0095000002
688767.9915
688793.0095000002
688775.0109999999
688748.0
688678.0005000001
688648.0125000002
688623.0134999999
688550.0070000002
688483.006
688380.0090000001
688289.9964999999
688134.9989999998
688064.9890000001
688038.0065000001
687989.9925000002
687952.9964999999
687907.9865000001
687893.0120000001
687885.003
687890.0005000001
687885.0104999999
687873.0085
687848.0129999998
687807.9920000001
687769.9929999998
687737.9885
687715.0104999999
687687.9915
687663.006
687625.0025
687605.0120000001
687589.9904999998
687577.9885
687558.0055
687542.9955000002
687482.9870000002
687457.9870000002
687347.9890000001
687272.9909999999
687149.9975
687088.0049999999
687038.0090000001
686985.003
686967.9874999998
686955.0014999998
686932.9980000001
686909.9975
686890.0074999998
686883.0005000001
686878.0095000002
686864.9870000002
686812.9959999998
686724.9900000002
686688.0120000001
686668.0129999998
686612.9980000001
686578.0104999999
686540.0005000001
686499.9950000001
686458.0099999998
686277.997
686248.0104999999
686240.0005000001
686240.0070000002
686115.0014999998
686174.9895000001
686188.0049999999
686179.9885
686152.9895000001
686142.9975
686139.9945
686148.003
686134.9874999998
686110.0040000002
686099.9904999998
686097.986
686084.9985000002
686079.9865000001
686089.9959999998
686084.9955000002
686070.0035000001
686043.0055
685850.0079999999
685754.9900000002
685683.0025
685517.9934999999
685384.9959999998
685357.994
685330.0040000002
685283.0134999999
685255.0104999999
685240.0005000001
685227.9904999998
685213.0085
685193.0104999999
685173.0005000001
685129.9945
685109.997
685082.994
685033.0099999998
684975.0014999998
684955.0099999998
684937.9964999999
684892.9985000002
684865.0055
684753.0104999999
684725.0070000002
684719.9904999998
684714.9975
684680.0040000002
684613.0099999998
684567.9989999998
684557.9909999999
684528.0010000002
684479.9980000001
684454.9870000002
684417.9870000002
684402.9904999998
684407.997
684283.0044999998
684247.9985000002
684173.0014999998
684132.9955000002
684112.9929999998
684027.997
683934.9865000001
683853.0065000001
683738.0085
683715.0070000002
683610.0025
683574.9870000002
683518.0095000002
683492.9900000002
683467.9874999998
683428.0109999999
683383.0065000001
683392.9870000002
683299.9885
683262.9975
683229.9870000002
683205.0095000002
683168.006
683143.0044999998
683078.0104999999
683040.0065000001
683010.0044999998
682880.0035000001
682830.0010000002
682788.0115
682740.0090000001
682710.0109999999
682598.0125000002
682535.0129999998
682494.9885
682277.9870000002
682259.9925000002
682248.0005000001
682228.0065000001
682205.0115
682195.0049999999
682152.9955000002
682044.9959999998
682010.0014999998
681970.0049999999
681928.0055
681745.0040000002
681702.9925000002
681652.9904999998
681513.0065000001
681308.0035000001
681272.9945
681258.006
681219.9915
681184.9945
681144.9890000001
681029.9985000002
680878.0070000002
680738.006
680697.9909999999
680575.0120000001
680459.9870000002
680395.0090000001
680214.9890000001
680168.0095000002
680040.0014999998
679984.9915
679823.0109999999
679768.0065000001
679674.9994999999
679505.0005000001
679465.0005000001
679405.0065000001
679353.0040000002
679300.003
679284.9874999998
679267.9945
679262.9994999999
679263.0109999999
679258.0
679252.9909999999
679238.006
679243.0090000001
679233.0129999998
679220.0090000001
679202.9985000002
679182.997
679179.9879999999
679169.9955000002
679133.0115
679095.0040000002
679073.0079999999
679013.0109999999
678908.0095000002
678822.9915
678804.9945
678745.003
678662.9934999999
678622.9915
678509.9959999998
678460.0040000002
678345.0129999998
678263.0090000001
678239.9975
678212.9909999999
678155.0040000002
678044.9945
677994.9879999999
677868.0129999998
677832.9980000001
677795.0115
677755.0014999998
677626.7749999999
677625.0104999999
677599.9865000001
677567.9895000001
677568.0044999998
677557.9934999999
677535.0099999998
677505.0
677475.0010000002
677465.0125000002
677467.9989999998
677439.9890000001
677459.9925000002
677464.9925000002
677479.9959999998
677457.9900000002
677427.9900000002
677412.9934999999
677402.9915
677405.0
677395.0125000002
677360.0085
677437.9929999998
677469.9955000002
677497.9934999999
677513.0095000002
677513.0635000002
677534.9870000002
677614.994
677659.9865000001
677728.0865000002
677782.9920000001
677813.0035000001
677824.9920000001
677838.0044999998
677872.9980000001
677847.9920000001
677823.0134999999
677858.0095000002
677887.9989999998
677919.9934999999
677950.0129999998
677979.5164999999
678027.9915
678092.9904999998
678194.986
678357.9989999998
678424.9900000002
678418.8500000001
678413.0070000002
678352.9920000001
678228.006
678155.0125000002
678024.9950000001
677939.9975
677898.0044999998
677849.9870000002
677725.0025
677650.0120000001
677594.9879999999
677497.9870000002
677390.0109999999
677344.9915
677263.0019999999
677229.9964999999
677167.9885
677135.0099999998
677038.0090000001
677013.006
676913.0025
676889.9904999998
676855.0134999999
676850.0
676755.0065000001
676729.9900000002
676718.0115
676708.0044999998
676709.994
676689.9959999998
676707.9925000002
676707.9865000001
676690.0055
676688.0079999999
676693.0099999998
676684.9945
676643.006
676627.9989999998
676605.0079999999
676538.0120000001
676458.0125000002
676433.0
676393.0019999999
676320.0109999999
676277.9870000002
676254.9994999999
676228.0099999998
676210.006
676219.9879999999
676229.8620000002
676234.23
676238.8684999999
676238.8684999999
676272.9945
676293.0099999998
676319.9975
676354.9945
676381.0565
676390.7264999999
676410.0115
676550.0
676563.006
676587.9874999998
676648.9345
676650.0095000002
676875.0095000002
676928.0070000002
677003.665
677005.0099999998
677023.0040000002
677102.994
677153.006
677181.3999999999
677182.9715
677187.9885
677073.0010000002
677060.0120000001
677057.9874999998
677065.003
677086.4484999999
677089.9909999999
677089.9975
677090.0079999999
677080.0120000001
677093.0115
677110.0085
677167.9900000002
677189.9909999999
677213.0019999999
677257.2820000001
677269.9920000001
677265.0090000001
677272.9890000001
677277.9929999998
677292.7790000001
677304.9925000002
677309.9915
677305.9270000001
677300.0104999999
677250.006
677238.014
677256.889
677256.9160000002
677267.9885
677292.9879999999
677307.9975
677318.0070000002
677367.9909999999
677394.9915
677407.9945
677430.0074999998
677460.0129999998
677514.9855
677574.9920000001
677637.9989999998
677745.6940000001
677772.9975
677837.9874999998
677940.0125000002
678000.0074999998
678040.0040000002
678084.9975
678090.7749999999
678091.8254999998
678135.0049999999
678198.0129999998
678170.0095000002
678178.014
678198.0040000002
678226.1324999998
678227.0630000001
678284.6065000002
678295.0040000002
678308.6129999999
678314.997
678324.9980000001
678327.9985000002
678324.0419999999
678322.9994999999
678320.7450000001
678307.9874999998
678324.9934999999
678323.0129999998
678332.8650000002
678336.8985000001
678348.0125000002
678372.9019999998
678384.9890000001
678431.3845000002
678473.0079999999
678528.0079999999
678617.9955000002
678662.9994999999
678687.9975
678690.2239999999
678717.9915
678738.006
678782.9879999999
678788.838
678805.0099999998
678820.0040000002
678879.9929999998
678922.9950000001
678947.9895000001
678980.0079999999
679015.0019999999
679043.0040000002
679054.9874999998
679056.0279999999
679057.1455000001
679057.9929999998
679052.9890000001
679050.8390000002
679045.9674999998
679045.9670000002
679043.0145
679025.0120000001
678960.0115
678907.994
678902.9890000001
678913.0025
678933.0129999998
678932.0079999999
678930.0049999999
678940.7080000001
678952.9959999998
678932.9855
678930.006
678920.0014999998
678918.0120000001
678910.0010000002
678914.9964999999
678915.2914999998
678915.3125
678918.0085
678925.9994999999
678926.2105
678927.656
678948.0014999998
678965.0040000002
678948.0095000002
678943.0125000002
678964.9929999998
678964.997
678959.9955000002
678949.994
678925.0120000001
678903.0014999998
678878.0085
678873.3215000001
678865.006
678863.0095000002
678847.9994999999
678830.0055
678814.9975
678783.0104999999
678755.0070000002
678738.0125000002
678742.9945
678767.9945
678792.9874999998
678818.0129999998
678837.9989999998
678864.6209999998
678865.003
678875.8905000002
678889.9870000002
678930.0
678947.9904999998
678957.9879999999
678958.0014999998
678950.006
678966.5860000001
678969.9885
679079.986
679144.9920000001
679156.0965
679198.0115
679233.0
679344.9964999999
679372.9934999999
679384.4219999998
679384.9865000001
679384.1409999998
679372.6784999999
679359.9920000001
679298.0005000001
679264.9964999999
679248.0044999998
679223.0099999998
679224.9874999998
679226.3105000001
679228.0079999999
679220.0010000002
679180.006
679170.9054999999
679169.9929999998
679142.9920000001
679122.997
679129.9785000002
679130.0010000002
679159.994
679163.0085
679145.0
679142.9985000002
679163.9190000002
679165.0120000001
679164.5474999999
679133.0134999999
679129.9885
679137.9994999999
679137.9909999999
679117.9934999999
679109.9870000002
679085.0010000002
679063.0
679063.0
679068.0074999998
679087.3884999999
679093.003
679069.9915
679067.9909999999
679079.9980000001
679074.1855000001
679073.8220000002
679073.8220000002
679070.006
679064.2154999999
679033.994
678992.8930000002
678923.0120000001
678879.0085
678798.9879999999
678723.9904999998
678718.997
678646.9985000002
678643.0090000001
678648.0120000001
678693.0070000002
678717.9909999999
678731.9685
678732.2675000001
678749.9904999998
678834.9925000002
678918.0125000002
678960.0005000001
678987.0674999999
679012.9920000001
679038.0
679040.915
679050.0010000002
679075.0079999999
679204.9950000001
679245.0065000001
679378.014
679410.0005000001
679388.0115
679365.0005000001
679313.0090000001
679237.9874999998
679192.9909999999
679082.9929999998
679049.997
678987.0044999998
678964.9980000001
678887.9920000001
678858.0055
678820.0049999999
678817.9915
678822.997
678817.9950000001
678802.994
678790.0104999999
678796.2294999999
678797.9955000002
678878.0109999999
678913.0065000001
678953.0079999999
678983.0035000001
679025.9569999999
679056.3930000002
679065.0
679087.9985000002
679111.4210000001
679139.9975
679165.0129999998
679175.0074999998
679170.0860000001
679164.9890000001
679144.9915
679094.4640000002
679072.994
679044.9975
679005.0109999999
679003.8560000001
678963.0065000001
678943.0055
678882.9920000001
678872.4284999999
678845.0019999999
678818.0104999999
678770.0074999998
678748.0079999999
678690.0095000002
678669.997
678574.9874999998
678489.9865000001
678455.0099999998
678448.2694999999
678430.0049999999
678423.5465000002
678399.9874999998
678378.0099999998
678343.0065000001
678333.0115
678333.006
678324.9964999999
678308.0095000002
678275.0065000001
678275.0134999999
678278.2995000002
678285.0010000002
678292.9994999999
678301.0214999998
678303.0
678311.6685000001
678320.0099999998
678400.0090000001
678405.0074999998
678406.3065
678408.0104999999
678422.9885
678433.9959999998
678450.0
678483.0040000002
678497.0655
678499.9915
678518.8110000002
678523.0014999998
678558.003
678550.0134999999
678545.8415000001
678504.9925000002
678482.9950000001
678439.9959999998
678430.0125000002
678474.9955000002
678502.9980000001
678502.9950000001
678470.0040000002
678458.5150000001
678448.0044999998
678425.0055
678387.9994999999
678374.9874999998
678362.9950000001
678345.0044999998
678323.0014999998
678308.0109999999
678313.889
678344.9925000002
678400.9330000002
678409.9915
678425.0120000001
678447.9920000001
678557.9909999999
678618.0095000002
678644.9895000001
678672.9964999999
678709.9994999999
678744.9909999999
678765.0115
678877.986
678912.9915
678935.0019999999
678957.9879999999
678964.6765000001
678965.0074999998
678962.0920000002
678950.0090000001
678933.858
678917.994
678935.0010000002
678927.9885
678904.9934999999
678890.0025
678865.0109999999
678853.0115
678817.9879999999
678770.0
678732.9929999998
678700.0055
678658.0085
678629.9895000001
678599.9980000001
678590.0010000002
678598.0019999999
678621.4715
678642.9934999999
678664.9870000002
678678.0070000002
678674.9895000001
678639.994
678624.9945
678627.9934999999
678635.006
678627.9955000002
678577.9945
678483.0035000001
678453.0120000001
678428.0040000002
678408.0025
678359.9885
678333.0085
678283.0010000002
678245.0120000001
678202.9904999998
678132.9959999998
678073.0120000001
678029.9980000001
677949.9985000002
677918.0049999999
677903.0035000001
677907.9980000001
677872.9909999999
677939.9870000002
677879.9950000001
677760.0035000001
677692.9904999998
677389.9904999998
677340.003
677090.0115
676955.0070000002
676933.1735
676909.9879999999
676888.0005000001
676817.9989999998
676800.0074999998
676797.1225
676795.0830000001
676794.9955000002
676795.2385
676827.9890000001
676825.0010000002
676824.0155000002
676805.0079999999
676787.9665000001
676780.0010000002
676708.0010000002
676680.0019999999
676649.9900000002
676605.0005000001
676588.0090000001
676560.0070000002
676548.0049999999
676528.0005000001
676469.2519999999
676425.0109999999
676395.003
676373.0125000002
676319.9890000001
676279.9885
676255.0025
676218.006
676193.0085
676162.9865000001
676139.9895000001
676064.9874999998
676002.9964999999
675968.0035000001
675915.0120000001
675840.0005000001
675770.0070000002
675689.9985000002
675599.9879999999
675472.9959999998
675402.9874999998
675353.0044999998
675310.4130000002
675307.9235
675238.003
675180.0035000001
675133.0074999998
675107.7689999999
675097.9915
675020.0115
674988.0035000001
674947.9885
674893.0104999999
674787.9865000001
674692.9964999999
674640.0079999999
674599.9904999998
674557.9900000002
674513.0129999998
674415.0044999998
674335.0125000002
674253.1630000002
674248.0010000002
674195.003
674189.7664999999
674165.0115
674143.0040000002
674107.9950000001
674089.2030000002
674089.1754999999
674058.8295
674058.8295
674058.8020000001
674045.0085
674042.9685
674030.6740000001
673973.0040000002
673914.9929999998
673864.9994999999
673768.0019999999
673699.9980000001
673636.2489999998
673588.0095000002
673573.0614999998
673553.003
673528.0099999998
673493.0010000002
673434.9900000002
673377.9959999998
673318.0014999998
673203.0104999999
673083.4279999998
673080.0025
673047.3114999998
673025.0090000001
672975.4440000001
672972.9945
672972.2574999998
672947.9950000001
672900.0099999998
672850.0035000001
672800.0129999998
672697.7085000002
672640.102
672603.0950000002
672580.0814999999
672560.0935
672483.1030000001
672473.0989999999
672480.0989999999
672510.0839999998
672583.0814999999
672703.0929999999
672755.085
672795.1000000001
672793.0920000002
672780.0970000001
672773.0860000001
672765.091
672720.1014999999
672755.088
672785.1060000001
672863.0855
672933.088
673038.0929999999
673090.0865000002
673155.0935
673260.1005000002
673235.1030000001
673240.0839999998
673168.0894999998
673108.1009999998
673065.1044999999
673048.085
673010.1009999998
673030.0825
673028.0805000002
673015.0899999999
672988.0995
672933.1030000001
672908.0825
672860.088
672750.0830000001
672808.0885000001
672785.0894999998
672773.0869999998
672788.0874999999
672893.0945000001
672895.0869999998
672925.0950000002
672925.0965
672918.0860000001
672860.0989999999
672933.0984999998
672970.0989999999
673013.0975000001
673038.0839999998
673053.1014999999
673048.1014999999
673108.0950000002
673123.0975000001
673143.1145000001
673148.1145000001
673158.1090000002
673178.0980000002
673213.1044999999
673348.1044999999
673375.1000000001
673408.1120000002
673400.1179999998
673385.1115000001
673325.1165
673168.1214999999
673163.128
673168.128
673185.1225
673203.1225
673213.1370000001
673263.1379999998
673358.139
673393.1354999999
673405.1455000001
673450.142
673498.131
673663.1469999999
673710.145
673745.1400000001
673810.1425000001
673825.1379999998
673838.1434999998
673890.1430000002
673888.1460000002
673930.1430000002
673980.1345000002
674003.1230000001
674140.1414999999
674300.1354999999
674370.1395
674410.1365
674495.1439999999
674653.1375000002
674665.1460000002
674685.139
674710.1595000001
674753.1414999999
674858.1519999998
674903.1554999999
674928.1519999998
674950.1605000002
674995.1529999999
675078.142
675125.1549999998
675140.1519999998
675165.1340000001
675230.148
675310.1365
675383.1395
675488.162
675518.1634999998
675553.1570000001
675668.1554999999
675738.1464999998
675765.1485000001
675818.1499999999
675913.1595000001
675950.1469999999
675970.1469999999
675993.148
676078.1600000001
676110.1605000002
676158.1710000001
676183.1515000002
676228.1710000001
676370.1600000001
676458.1784999999
676573.1625000001
676663.1655000001
676698.1719999998
676775.1655000001
676815.1625000001
676898.1669999999
676938.1600000001
677008.1749999998
677100.1685000001
677160.1784999999
677265.1645
677240.1634999998
677245.179
677290.1705
677315.1864999998
677358.1690000002
677548.1735
677758.182
677850.1905
677915.1954999999
677945.1880000001
678068.1830000002
678410.1919999998
678470.1970000002
678555.1860000002
678585.1965000001
678690.2009999999
678740.2064999999
678795.2030000002
678855.2110000001
678840.2094999999
678843.1945000002
678880.213
678923.1935
678958.2030000002
678985.2030000002
679025.1974999998
679053.2055000002
679083.2059999998
679103.1949999998
679165.1984999999
679200.2124999999
679223.2195000001
679188.2039999999
679195.2119999998
679240.2140000002
679250.2250000001
679268.2124999999
679300.2055000002
679315.1995000001
679323.216
679353.2025000001
679405.2179999999
679473.2124999999
679500.21
679540.2089999998
679620.2185
679698.2234999998
679760.2144999998
679780.2055000002
679790.2225000001
679780.2119999998
679780.2124999999
679705.2245
679703.2085000002
679715.2349999999
679773.7694999999
679820.5715000001
679871.9495000001
679894.5049999999
679952.3884999999
680029.0839999998
680041.0695000002
680072.7664999999
680093.3964999998
680139.7969999998
680190.0444999998
680280.0765
680392.75
680677.2850000001
680758.9035
680782.8709999998
680922.6894999999
681043.0809999998
681176.6324999998
681232.3590000002
681376.8204999999
681408.0980000002
681441.963
681456.1269999999
681523.1005000002
681600.8080000002
681655.5235000001
681710.3799999999
681744.6239999998
681776.9835000001
681836.6869999999
681972.0660000001
681997.159
682026.6200000001
682157.7655000002
682214.6795000001
682286.0099999998
682321.54
682346.3624999998
682400.3325
682412.8849999998
682440.335
682474.693
682611.8705000002
682648.7590000001
682712.1869999999
682728.196
682773.4109999998
682908.7790000001
682911.2264999999
682899.7735000001
682914.8330000001
682886.9190000002
682894.8169999998
682941.0070000002
682972.3110000002
682922.9605
682849.7319999998
682839.2234999998
682800.4325000001
682785.176
682761.7135000001
682779.0989999999
682783.9945
682705.554
682666.5380000002
682605.4279999998
682563.0750000002
682534.0625
682522.1770000001
682501.6795000001
682532.344
682603.0410000002
682565.1524999999
682480.139
682428.6005000002
682419.9389999998
682398.4284999999
682387.7069999999
682412.0255
682425.0295000002
682476.375
682527.5455
682588.1379999998
682664.7080000001
682738.4130000002
682751.0414999998
682886.6680000001
682981.415
682988.423
682988.3960000002
682979.8635
682985.0025
682976.6469999999
682943.7480000001
682924.2344999998
682898.0244999998
682906.5619999999
683029.4504999998
683041.5049999999
683045.1915000002
683038.7340000002
683047.423
683013.5950000002
683007.7374999998
682982.3335000002
683004.264
683060.0575000001
683102.344
683185.3399999999
683275.9550000001
683255.2285000002
683261.4084999999
683273.0095000002
683321.3215000001
683344.977
683355.9049999998
683351.125
683355.2599999998
683371.023
683417.4109999998
683443.1549999998
683481.6014999999
683495.3560000001
683555.7064999999
683551.031
683598.7930000001
683659.2749999999
683690.824
683751.881
683829.2480000001
683970.4070000001
684067.2995000002
684095.6460000002
684130.8399999999
684148.4989999998
684216.031
684277.6740000001
684332.639
684347.8574999999
684350.7404999998
684361.6694999998
684468.7774999999
684489.702
684506.1545000002
684522.9975
684561.6439999999
684581.6365
684595.6090000002
684621.8280000002
684651.0279999999
684697.4539999999
684797.0734999999
684843.5835000002
684858.8574999999
684880.3755000001
684895.1690000002
684918.5014999998
685030.4160000002
685068.6834999998
685207.5065000001
685380.5490000001
685424.6519999998
685483.1529999999
685542.8714999999
685572.8435
685676.4759999998
685734.9515
685777.1519999998
685820.4130000002
685848.7404999998
685855.5019999999
685880.4879999999
685886.2025000001
685894.8705000002
685919.4394999999
685979.4345
686002.3555000001
686036.5474999999
686073.1715000002
686103.6135
686254.5759999999
686302.7785
686348.8820000002
686425.1655000001
686473.4155000001
686517.443
686600.5325000002
686629.6710000001
686792.4219999998
686904.7804999999
686946.6549999998
686968.9704999998
686994.0440000002
687056.7409999999
687110.2045
687147.3835
687163.8705000002
687224.6940000001
687242.9065
687256.7664999999
687279.5435000001
687277.9670000002
687282.085
687309.3999999999
687362.3755000001
687420.2565000001
687456.6510000001
687500.5894999998
687526.7555
687596.324
687681.881
687776.4810000001
687819.3805
687836.986
687863.9594999999
687927.4449999998
687948.6255000001
687970.6354999999
688088.4040000001
688114.1754999999
688200.0079999999
688241.9139999999
688268.8250000002
688302.8635
688345.8679999998
688409.2445
688429.73
688494.3829999999
688517.1984999999
688664.6815
688693.7799999998
688723.3714999999
688788.3314999999
688843.4419999998
688858.8289999999
688871.1715000002
688904.5214999998
689000.5904999999
689022.1145000001
689094.3325
689136.0485
689178.2030000002
689292.2744999998
689377.068
689399.3875000002
689444.4925000002
689532.4904999998
689620.8319999999
689750.2710000002
689856.2344999998
689892.7140000002
689890.1710000001
689899.5924999998
690051.3125
690133.5559999999
690159.6225
690163.7179999999
690165.5414999998
690200.679
690285.764
690338.1724999999
690377.4375
690395.2790000001
690454.7684999998
690526.4130000002
690552.2420000001
690580.8424999998
690663.923
690683.6505
690729.1694999998
690787.2985
690818.5384999998
690868.9720000001
690903.6570000001
690942.9005
690962.0915000001
690971.0830000001
690990.4720000001
691013.5380000002
691059.994
691064.8054999998
691081.3220000002
691085.3679999998
691104.469
691144.0614999998
691191.7324999999
691214.9895000001
691263.3245000001
691293.8654999998
691289.077
691256.5380000002
691250.5950000002
691250.5685
691237.3990000002
691236.7834999999
691248.8420000002
691275.713
691304.9679999999
691312.7825000002
691345.9780000001
691362.3144999999
691365.7514999998
691359.1069999998
691370.9539999999
691375.5595
691393.4500000002
691406.1414999999
691423.6094999998
691446.6405000002
691488.0299999998
691549.969
691580.557
691611.4254999999
691632.3489999999
691643.389
691658.3265
691676.2365000001
691700.9330000002
691745.9330000002
691792.7944999998
691837.7555
691896.8275000001
691955.7485000002
692005.6529999999
692036.3254999998
692055.5750000002
692083.5235000001
692145.4805000001
692167.2825000002
692196.3990000002
692221.6924999999
692263.611
692284.034
692314.4199999999
692349.3029999998
692363.4045000002
692375.7935000001
692454.2510000002
692469.5364999999
692530.0729999999
692546.6159999999
692573.6875
692600.2310000001
692660.4640000002
692689.6044999999
692721.548
692746.7995000002
692844.2834999999
692881.4304999998
692909.0380000002
692949.5065000001
692975.0410000002
693009.3259999999
693023.9555000002
693039.2785
693083.662
693115.2609999999
693148.702
693220.9155000001
693257.7105
693297.9139999999
693331.3319999999
693355.7195000001
693371.0104999999
693423.875
693446.4070000001
693455.6145000001
693477.8335000002
693492.9155000001
693516.9525000001
693543.4985000002
693576.9539999999
693603.5274999999
693599.071
693608.2714999998
693624.1120000002
693681.2990000001
693736.8585000001
693776.4709999999
693814.6685000001
693851.8509999998
693925.696
693956.6579999998
693998.8820000002
694007.6554999999
694040.4755000002
694062.1434999998
694099.3679999998
694145.6209999998
694288.0265000002
694306.8599999999
694339.7374999998
694361.2585
694394.477
694431.8640000001
694473.6405000002
694513.2494999999
694554.9210000001
694571.8465
694588.6294999998
694621.2135000001
694713.764
694773.3480000002
694806.1030000001
694838.2135000001
694856.2485000002
694947.8325
695054.4985000002
695099.8330000001
695119.9270000001
695134.6545000002
695153.5460000001
695167.3280000002
695184.1595000001
695203.5350000001
695243.6690000002
695265.3399999999
695288.4794999999
695307.4194999998
695328.8169999998
695347.7645
695353.6745000002
695363.1685000001
695375.2525
695408.6499999999
695446.6614999999
695501.6384999999
695522.0035000001
695560.4005
695580.4580000001
695601.7305000001
695661.1135
695684.6255000001
695707.9190000002
695748.7544999998
695770.8605
695790.5559999999
695810.0449999999
695829.997
695852.4674999998
695893.9585000002
695958.4035
695990.0350000001
696007.358
696027.9720000001
696048.9334999998
696113.2535000001
696178.077
696213.2045
696234.5265000002
696296.1039999998
696311.3605
696326.6795000001
696341.7799999998
696366.9279999998
696377.2289999998
696380.4470000002
696383.6905
696398.2850000001
696411.4364999998
696424.111
696444.1639999999
696489.4435
696557.233
696563.4130000002
696566.5635000002
696563.4994999999
696560.1694999998
696560.2275
696570.3684999999
696574.6575000002
696580.7280000001
696594.554
696611.7370000002
696625.1375000002
696657.9040000001
696687.6409999998
696704.5104999999
696729.7680000002
696745.4810000001
696785.5809999998
696811.7039999999
696845.9134999998
696890.4885
696910.3514999999
696943.9980000001
696959.406
696976.5899999999
696992.5159999998
697044.8429999999
697052.1949999998
697067.3944999999
697073.2305000001
697074.6469999999
697076.1299999999
697079.071
697080.1260000002
697084.2974999999
697080.6365
697074.0115
697085.2949999999
697094.2305000001
697099.7645
697099.0055
697126.821
697151.4890000001
697195.7710000002
697217.9759999998
697433.3369999998
697456.8755000001
697514.5249999999
697541.8775
697551.7340000002
697582.0249999999
697589.0109999999
697598.8139999998
697663.6299999999
697678.6159999999
697705.9840000002
697722.3220000002
697734.9445000002
697768.9649999999
697788.8084999998
697809.4730000002
697845.3875000002
697876.1324999998
697908.6175000002
697926.1225
697938.2675000001
697961.5334999999
697985.7154999999
698006.4575
698026.4474999998
698040.179
698053.4415000002
698074.6529999999
698117.6124999998
698142.7075
698186.5005000001
698207.0874999999
698241.5244999998
698255.4270000001
698267.4375
698285.8854999999
698296.6724999999
698307.7655000002
698328.892
698342.5425
698354.8755000001
698375.9105000002
698397.3565000002
698411.31
698442.6129999999
698458.2434999999
698472.4950000001
698495.5525000002
698511.8330000001
698521.0189999999
698525.2464999999
698544.0345000001
698595.52
698617.4975
698647.892
698672.574
698714.4580000001
698724.1124999998
698736.2629999998
698757.6060000001
698782.8404999999
698798.0469999998
698811.3730000001
698819.6165
698827.7769999998
698828.7204999998
698847.3095
698856.6414999999
698864.1575000002
698883.6529999999
698902.5795
698908.3335000002
698921.7774999999
698935.7110000001
698955.392
698961.8374999999
698971.4130000002
698983.1285000001
699026.926
699043.1405000002
699069.6540000001
699099.9715
699111.5095000002
699133.7694999999
699148.5274999999
699178.3280000002
699198.6434999998
699219.3849999998
699248.5455
699298.9989999998
699320.551
699357.5830000001
699388.6030000001
699406.1285000001
699426.9870000002
699441.5665000002
699463.1285000001
699480.9345
699498.3089999999
699518.9785000002
699538.1529999999
699559.2395000001
699556.0929999999
699562.497
699572.2124999999
699578.923
699588.2075
699598.162
699598.6349999998
699607.1735
699644.4950000001
699662.8990000002
699673.8374999999
699689.1464999998
699701.119
699727.412
699758.3385000001
699774.0750000002
699789.2859999998
699821.5444999998
699854.0625
699885.432
699905.6549999998
699921.8854999999
699954.7650000001
699974.685
700025.8514999999
700043.7494999999
700063.6795000001
700085.1425000001
700102.963
700111.2069999999
700123.3530000001
700155.7795000002
700170.2075
700176.8470000001
700189.1519999998
700203.7595000002
700206.6694999998
700223.0244999998
700232.9980000001
700270.5249999999
700286.0589999999
700299.1290000002
700307.5844999999
700310.3705000002
700331.9685
700336.6719999998
700364.5950000002
700389.5225
700406.6815
700412.2969999998
700416.8365000002
700439.5099999998
700471.3450000002
700499.861
700506.2505000001
700528.6014999999
700533.5350000001
700555.2925
700566.4934999999
700578.0525000002
700606.1745000002
700648.0775000001
700693.7510000002
700737.5800000001
700769.48
700801.1710000001
700837.4725000001
700872.1974999998
700920.5449999999
700994.9235
701034.0734999999
701072.8309999998
701112.3544999999
701207.2174999998
701228.0345000001
701246.6605000002
701268.1515000002
701308.3900000001
701380.6129999999
701397.7204999998
701441.5164999999
703237.5410000002
704435.0040000002
706637.281
706638.1954999999
706627.4240000001
706631.0959999999
706650.5014999998
706650.3265
706647.0835000002
706649.7749999999
706678.9534999998
706704.4495000001
706703.5095000002
706697.4594999999
706706.5469999998
706711.8654999998
706723.3394999998
706726.3385000001
706733.8254999998
706810.9130000002
706829.2395000001
706859.875
706896.7475
706937.5350000001
706953.9920000001
706979.7735000001
706994.2965000002
707037.0469999998
707056.7085000002
707127.2324999999
707144.1655000001
707161.9994999999
707171.7220000001
707198.8705000002
707250.912
707274.6719999998
707285.8089999999
707298.0274999999
707327.915
707424.8555000001
707546.4199999999
707564.4750000001
707587.1680000001
707692.5529999998
707818.5225
708160.4330000002
708226.1475
708251.426
708268.06
708290.6935
708333.8220000002
708342.0945000001
708346.5894999998
708360.2629999998
708413.8645000001
708425.0554999998
708458.5584999998
708490.3234999999
708504.0055
708538.8125
708556.2209999999
708612.9385000002
708632.9870000002
708655.2884999998
708688.9569999999
708742.1690000002
708771.7815
708796.4295000001
708825.5180000002
708863.9315
708973.6244999999
708989.2965000002
709022.0380000002
709070.1575000002
709089.2905000001
709095.6135
709131.7004999998
709138.6154999998
709152.9989999998
709168.216
709184.2415
709179.5860000001
709185.9045000002
709184.2185
709223.4885
709268.5874999999
709291.6680000001
709326.7140000002
709366.5485
709396.8215000001
709416.8865
709448.8174999999
709464.9550000001
709506.2080000001
709524.2025000001
709530.8785000001
709531.727
709594.1779999998
709678.9780000001
709717.1159999999
709740.2250000001
709772.4155000001
709791.8089999999
709819.1055000001
709866.1719999998
709919.3089999999
709936.1915000002
709961.7340000002
709991.6974999998
710030.2755
710085.9964999999
710125.3155
710154.0485
710179.8275000001
710206.619
710254.5865000002
710264.0915000001
710267.7200000002
710275.639
710314.5414999998
710317.2400000002
710330.966
710330.2620000001
710337.2085000002
710351.1494999998
710371.4559999998
710380.9985000002
710404.3435
710410.5065000001
710417.6150000002
710421.0669999998
710426.6869999999
710439.3624999998
711191.5724999998
711541.7604999999
711993.4479999999
712283.2174999998
712307.9300000002
712324.6815
712354.2344999998
712390.1949999998
712426.5095000002
712517.2845000001
712562.196
712591.4440000001
712621.1634999998
712676.4734999998
712698.9339999999
712747.9139999999
712790.3105000001
712853.5825
712883.3399999999
712909.8265
712952.8045000001
712976.4709999999
713001.0425
713029.4649999999
713044.619
713082.1579999998
713109.5690000001
713148.159
713181.9500000002
713208.8160000001
713229.3925000001
713227.6740000001
713196.5120000001
713176.8220000002
713156.8144999999
713144.3335000002
713144.0359999998
713154.9525000001
713168.9739999999
713190.8314999999
713230.8769999999
713248.2110000001
713270.6809999999
713284.6464999998
713279.4345
713259.0660000001
713231.7694999999
713220.2855000002
713204.7039999999
713166.5660000001
713166.9879999999
713161.048
713148.3165000002
713128.4079999998
713108.6875
713066.1439999999
713038.088
712994.4380000001
712967.4509999999
712955.9509999999
712950.318
712946.6469999999
712939.6639999999
712930.2599999998
712855.3944999999
712848.2710000002
712847.554
712857.2645
712836.0639999998
712821.4994999999
712797.0389999999
712768.1099999999
712759.0035000001
712749.0180000002
712731.7845000001
712710.3764999998
712697.7094999999
712658.4775
712655.0125000002
712658.0565
712523.7305000001
712507.5285
712500.5290000001
712503.6320000002
712498.8999999999
712401.966
712402.3155
712415.5210000002
712396.9125000001
712376.2650000001
712388.7585
712382.7135000001
712384.5614999998
712358.676
712384.0265000002
712425.338
712432.0724999998
712425.7689999999
712454.3999999999
712447.5660000001
712467.8964999998
712494.7859999998
712508.2289999998
712529.4890000001
712555.9419999998
712583.9049999998
712619.3394999998
712657.9495000001
712684.4755000002
712704.9890000001
712746.7025000001
712745.1845
712756.4855
712768.696
712769.4750000001
712785.1735
712806.7684999998
712825.1719999998
712856.0690000001
712945.8404999999
713020.6209999998
713044.682
713088.6209999998
713144.4525000001
713191.1499999999
713236.4610000001
713261.1685000001
713277.1184999999
713315.534
713335.1494999998
713353.9155000001
713379.2519999999
713394.7749999999
713412.608
713431.4245000002
713474.2115000002
713490.4674999998
713500.7245
713510.8220000002
713517.1935
713527.8895
713560.2760000001
713596.736
713683.784
713713.5065000001
713744.9210000001
713775.0839999998
713805.4454999999
713901.2525
713960.3110000002
713986.6945000002
714058.4010000001
714089.2149999999
714127.0734999999
714140.7549999999
714144.182
714166.4145
714196.7889999999
714243.8365000002
714273.1285000001
714462.7965000002
714517.5550000002
714555.9739999999
714570.1239999998
714605.3969999999
714640.2755
714657.6255000001
714731.8525
714769.9920000001
714821.2420000001
714834.7009999999
714876.611
714901.003
714951.6655000001
715003.2144999998
715066.4920000001
715105.3429999999
715134.3905000002
715165.6784999999
715186.909
715260.0704999999
715275.6940000001
715290.0989999999
715308.8650000002
715329.9325000001
715355.1244999999
715397.5950000002
715416.8215000001
715445.4445000002
715473.8870000001
715525.392
715554.935
715578.966
715607.3245000001
715648.4955000002
715702.1839999999
715776.6354999999
715798.9479999999
715816.4095000001
715835.4345
715843.6754999999
715838.2315000002
715814.6165
715819.3530000001
715853.0674999999
715853.2710000002
715846.2374999998
715855.4100000001
715841.6910000001
715804.4734999998
715811.2999999998
715810.5255
715800.4909999999
715797.0655
715800.4360000002
715811.0614999998
715822.4295000001
715838.8289999999
715832.2859999998
715874.3574999999
715863.8059999999
715867.506
715894.1685000001
715916.1135
715942.8735000002
715959.2485000002
716035.77
716093.9594999999
716119.108
716139.4134999998
716153.284
716189.3969999999
716203.0515000001
716220.8325
716242.7004999998
716271.1784999999
716299.531
716334.534
716755.9670000002
716518.7480000001
716728.5865000002
716757.4679999999
716790.1664999998
716806.4175
716835.4315
716881.0145
716970.52
717019.7740000002
717044.9500000002
717068.594
717114.037
717263.4474999998
717280.2135000001
717295.4665000001
717309.9589999998
717410.8185
717445.5665000002
717483.6974999998
717562.6085000001
718365.0095000002
718913.091
719247.6864999998
719927.0364999999
720083.6529999999
720140.6524999999
720189.6370000001
720214.0380000002
720231.1600000001
720302.6505
720327.2475
720340.9989999998
720353.2815
720413.2050000001
720453.753
720482.4785000002
720508.9885
720484.145
720509.5644999999
720542.4594999999
720572.0499999998
720590.6740000001
720654.0984999998
720669.7039999999
720695.4145
720727.0070000002
720751.6834999998
720759.4199999999
720789.9654999999
720806.0690000001
720818.3475000001
720865.6549999998
720979.1979999999
721016.9504999998
721215.6685000001
721245.8835
721381.6609999998
721468.6565
721560.6710000001
721714.1749999998
721746.4240000001
721818.6770000001
721873.23
721980.1639999999
722004.6970000002
722027.8624999998
722067.2850000001
722137.983
722192.5715000001
722241.69
722237.0699999998
722245.1094999998
722234.1815
722238.8020000001
722224.2925
722237.9235
722229.4780000001
722230.2494999999
722241.1540000001
722233.2370000002
722239.3879999998
722254.7514999998
722266.9559999998
722252.2815
722241.3390000002
722236.3204999999
722237.9509999999
722254.56
722252.0754999998
722224.4019999998
722211.8990000002
722211.9610000001
722226.9169999999
722260.7999999998
722285.0614999998
722305.585
722310.6434999998
722333.1354999999
722356.8309999998
722381.7030000002
722413.9525000001
722427.2055000002
722441.2850000001
722453.5565
722514.2864999999
722524.9605
722572.5915000001
722627.1315000001
722709.9730000002
722725.4424999999
722758.1685000001
722798.5019999999
722810.4909999999
722845.662
722885.4079999998
722901.8054999998
722934.7779999999
722944.9424999999
722987.5809999998
723010.6864999998
722999.0455
722995.253
722992.5945000001
722952.8525
722923.2719999999
722898.1519999998
722916.645
723029.6460000002
723001.9559999998
722954.3454999998
722916.631
722872.0025
722845.8854999999
722734.0005000001
722710.3709999998
722664.4730000002
722641.6434999998
722631.4745
722609.5950000002
722584.3309999998
722566.2179999999
722556.7285000002
722542.483
722530.054
722523.9730000002
722510.8139999998
722488.2565000001
722485.5904999999
722480.3964999998
722465.4180000001
722455.0724999998
722447.5269999998
722447.0085
722434.1260000002
722432.2540000002
722436.3985000001
722440.6660000002
722438.7519999999
722433.7544999998
722427.8034999999
722416.1044999999
722398.7425000002
722411.8785000001
722411.2200000002
722405.6379999998
722397.0920000002
722386.3895
722377.602
722385.7650000001
722385.9775
722388.1614999999
722380.3360000001
722388.3999999999
722394.8764999998
722408.5959999999
722412.057
722414.8004999999
722413.4575
722407.679
722397.8420000002
722387.4865000001
722378.395
722366.5685
722343.4079999998
722301.3289999999
722283.6349999998
722266.6935
722260.3670000001
722255.4945
722253.1145000001
722240.4654999999
722203.369
722189.2154999999
722170.2659999998
722160.7395000001
722142.7195000001
722133.1335
722124.0699999998
722114.1409999998
722105.4915
722088.7960000001
722077.0839999998
722063.8399999999
722049.2335000001
722018.341
721985.3509999998
721985.5430000001
721986.665
721980.1579999998
721971.7185
721962.037
721964.4929999998
721953.44
721930.4855
721924.7009999999
721927.1140000001
721923.9704999998
721923.3089999999
721908.3404999999
721905.449
721903.3424999998
721897.7850000001
721886.1515000002
721878.5435000001
721872.645
721859.344
721848.253
721834.7059999998
721818.8875000002
721801.9865000001
721790.1490000002
721759.7489999998
721751.4980000001
721750.9339999999
721748.2305000001
721736.9279999998
721735.5395
721744.9484999999
721744.7845000001
721738.3909999998
721758.2080000001
721770.7089999998
721774.0474999999
721780.2799999998
721783.156
721781.8790000002
721769.3344999999
721765.0865000002
721769.3305000002
721761.0520000001
721765.0795
721760.3199999998
721751.6924999999
721738.878
721727.5010000002
721709.7880000002
721700.2255000002
721686.9745
721680.3484999998
721673.0929999999
721661.0025
721646.6945000002
721597.9734999998
721563.7059999998
721539.381
721518.2620000001
721503.3650000002
721504.0525000002
721513.736
721537.8645000001
721553.0205000001
721580.5189999999
721591.8599999999
721598.3300000001
721592.804
721577.5
721568.1230000001
721564.7799999998
721571.2744999998
721603.7680000002
721614.9900000002
721620.588
721618.023
721594.5104999999
721583.0214999998
721528.9474999998
721520.6655000001
721512.8300000001
721509.5
721509.3059999999
721512.5279999999
721510.0729999999
721499.8565000002
721492.4840000002
721487.4160000002
721485.3934999998
721456.213
721428.7995000002
721406.0860000001
721391.3865
721369.8190000001
721347.0795
721349.5240000002
721349.0839999998
721311.6340000001
721283.8975
721277.2119999998
721259.4605
721244.8139999998
721228.3700000001
721222.1255000001
721221.4500000002
721226.1494999998
721242.2629999998
721265.9720000001
721288.3514999999
721319.031
721339.736
721355.0455
721364.6749999998
721376.7655000002
721387.2880000002
721404.2825000002
721409.8769999999
721408.534
721398.0180000002
721386.1439999999
721386.6290000002
721390.898
721399.7985
721429.3454999998
721447.9295000001
721467.8394999998
721496.0465000002
721527.7055000002
721513.0430000001
721498.9415000002
721486.4045000002
721481.0465000002
721477.6940000001
721471.6494999998
721434.2305000001
721428.4295000001
721418.8420000002
721424.7385
721434.4300000002
721435.8204999999
721430.2285000002
721390.2694999999
721361.3075000001
721328.6395
721298.878
721126.102
721056.0520000001
721067.679
721076.8565000002
721075.946
721072.2305000001
721105.0279999999
721199.5099999998
721317.2245
721331.5395
721335.5715000001
721337.8280000002
721341.8725
721368.821
721376.8480000002
721386.6214999999
721395.6235000002
721396.8895
721387.733
721374.0685
721360.8624999998
721357.5134999999
721354.7655000002
721389.321
721390.1945000002
721383.463
721383.3824999998
721391.5890000002
721402.9095000001
721422.477
721446.3484999998
721459.7765000002
721493.8110000002
721506.3280000002
721516.8484999998
721523.1269999999
721528.949
721532.7015
721549.2969999998
721560.7510000002
721570.8029999998
721585.6434999998
721562.0635000002
721513.0430000001
721509.6880000001
721518.1905
721526.0449999999
721536.7760000001
721544.6244999999
721557.2200000002
721556.2420000001
721542.9715
721534.3909999998
721519.1025
721522.6804999998
721516.6305
721532.4235
721549.9445000002
721537.4515
721521.5490000001
721511.3199999998
721517.8160000001
721511.5010000002
721518.9715
721534.0899999999
721541.2510000002
721543.7059999998
721554.5005000001
721561.591
721571.8130000001
721575.6235000002
721583.5575000001
721587.855
721585.7855000002
721589.5995
721600.3994999998
721645.2234999998
721664.3530000001
721678.6719999998
721687.665
721704.8615000001
721722.4169999999
721728.4224999999
721753.6910000001
721776.0295000002
721799.648
721810.7675000001
721823.1099999999
721846.9780000001
721852.3484999998
721865.338
721895.4539999999
721926.6035000002
721947.426
721967.8325
721990.3975
722012.1460000002
722014.378
722007.4415000002
722008.2955
722015.2785
722016.4024999999
722022.6439999999
722048.7464999999
722062.3054999998
722067.412
722083.6140000001
722107.7170000002
722187.3450000002
722232.3785000001
722277.5784999998
722307.3459999999
722327.3530000001
722413.4750000001
722429.8555000001
722471.5219999999
722490.1359999999
722511.3110000002
722524.3004999999
722539.8645000001
722552.3820000002
722592.7250000001
722607.6519999998
722638.977
722662.7434999999
722684.6690000002
722705.9440000001
722712.2280000001
722726.3075000001
722752.3330000001
722769.8909999998
722784.7829999998
722799.2864999999
722814.935
722826.2919999999
722838.9670000002
722846.9049999998
722866.8539999998
722886.4654999999
722906.6535
722941.0175000001
722946.494
722949.7245
722942.352
722946.7349999999
722930.6710000001
722914.4725000001
722902.8925000001
722888.1065000002
722872.9125000001
722860.8144999999
722871.8640000001
722884.3684999999
722886.6005000002
722886.9309999999
722896.665
722916.449
722936.0695000002
722958.0440000002
722963.6379999998
722984.2420000001
723052.5704999999
723094.9764999999
723160.378
723180.8624999998
723221.5625
723258.0010000002
723295.5065000001
723324.1919999998
723336.5384999998
723355.1439999999
723365.8445000001
723374.9915
723387.1105
723417.5789999999
723427.2825000002
723440.8295
723458.9019999998
723477.0525000002
723493.5320000001
723532.0315
723547.7919999999
723557.9405
723563.5040000002
723562.7115000002
723550.4364999998
723535.6299999999
723523.3199999998
723511.4994999999
723503.2275
723496.3744999999
723487.7069999999
723468.372
723442.4824999999
723433.3095
723419.3135000002
723405.0359999998
723393.9555000002
723373.381
723394.352
723425.4900000002
723444.1694999998
723460.4734999998
723478.7855000002
723557.6014999999
723578.4410000001
723606.3075000001
723643.648
723672.0784999998
723736.8999999999
723784.5959999999
723806.375
723814.9870000002
723850.7680000002
723868.7034999998
723890.7985
723902.412
723921.5534999999
723929.8139999998
723934.4980000001
723962.1085000001
723974.9160000002
724012.142
724030.3450000002
724049.3934999998
724070.2990000001
724110.6025
724165.8505000002
724229.6505
724242.0295000002
724274.3065
724429.2965000002
724446.7634999999
724552.4449999998
724642.46
724661.9925000002
724723.9700000002
724907.5435000001
725011.395
725026.756
725050.8095
725068.1030000001
725088.3650000002
725104.6715000002
725117.5855
725133.5104999999
725181.6475
725190.1035000002
725206.5589999999
725228.4295000001
725265.4509999999
725291.3404999999
725340.9109999998
725370.4495000001
725381.4454999999
725433.0214999998
725480.5635000002
725542.3420000002
725555.693
725609.5924999998
725632.0550000002
725755.2895
725779.4980000001
725793.8914999999
725807.2110000001
725815.5435000001
725829.4355000001
725849.6025
725892.4594999999
725934.4245000002
725975.8155
726016.5860000001
726036.7850000001
726043.1724999999
726059.574
726082.5405000001
726117.2055000002
726190.645
726242.6409999998
726465.065
726494.3105000001
726496.5734999999
726490.6740000001
726489.7565000001
726487.7390000001
726488.662
726454.5255
726446.9695000001
726462.2555
726473.4130000002
726506.7475
726556.5134999999
726598.912
726611.9190000002
726621.4199999999
726629.9879999999
726640.6179999998
726649.4035
726674.5970000001
726695.0425
726712.2935000001
726753.0989999999
726773.2940000002
726787.4679999999
726792.5704999999
726822.4065
726840.2755
726865.6345000002
726895.5334999999
726973.6154999998
726977.3605
726999.2185
727007.2834999999
727038.375
727073.4199999999
727079.5
727118.9224999999
727117.9270000001
727134.0795
727156.0410000002
727184.7935000001
727241.2409999999
727234.2650000001
727219.2335000001
727208.7489999998
727203.5145
727191.1384999999
727181.048
727186.0945000001
727186.7215
727179.2365000001
727167.9240000001
727155.8054999998
727125.2365000001
727110.4160000002
727104.0950000002
727094.5049999999
727080.0989999999
727043.5040000002
727045.0219999999
727030.5685
727025.702
726998.466
727001.7725
727040.1175000002
727010.3955000001
726875.1605000002
726849.0575000001
726845.2135000001
726836.3169999998
726822.8234999999
726805.0885000001
726795.5734999999
726788.4205
726732.2725
726724.4465000001
726701.1159999999
726695.8360000001
726672.7225000001
726660.969
726686.4185000001
726695.9254999999
726705.8969999999
726723.429
726726.9794999999
726727.5745000001
726727.7974999999
726728.4449999998
726730.8585000001
726746.3865
726751.4844999998
726762.0345000001
726783.1875
726794.0759999999
726822.7930000001
726831.872
726833.3080000002
726836.5565
726842.6535
726854.9925000002
726873.5279999999
726782.5690000001
726840.0805000002
726841.7165000001
726839.7615
726836.6090000002
726836.96
726834.1614999999
726849.1320000002
726850.73
726843.128
726841.426
726886.6005000002
726904.602
726924.7234999998
726985.0495000002
727008.3365000002
727016.1565
727024.4394999999
727048.8105000001
727081.5329999998
727095.4985000002
727124.8999999999
727149.3335000002
727134.9704999998
727168.7225000001
727201.7974999999
727196.699
727218.2960000001
727288.8404999999
727336.2220000001
727348.4100000001
727356.3985000001
727353.2494999999
727363.858
727382.3865
727397.9304999998
727405.5734999999
727410.898
727418.3399999999
727487.5915000001
727460.9224999999
727488.1505
727505.6094999998
727520.946
727524.622
727548.2574999998
727558.8755000001
727581.4389999998
727592.5419999999
727603.3735000002
727641.73
727649.1205000002
727656.8969999999
727695.7774999999
727739.4739999999
727790.5580000002
727838.1009999998
727855.5380000002
727899.5129999998
727902.8714999999
727904.9695000001
727953.8139999998
727968.645
727947.8220000002
727947.7124999999
727956.4470000002
727971.6535
727909.7064999999
727865.4704999998
727839.352
727818.5419999999
727806.585
727767.79
727757.3325
727747.5049999999
727705.1030000001
727670.6554999999
727648.8480000002
727602.7230000002
727589.3054999998
727547.3435
727521.0210000002
727461.2459999998
727434.9855
727420.1519999998
727393.8569999998
727358.0695000002
727330.4095000001
727278.52
727243.3199999998
727235.5580000002
727178.102
727146.0589999999
727106.6129999999
727093.1170000001
727076.2659999998
727036.4665000001
727027.7519999999
727011.5669999998
727017.713
726982.5299999998
726975.6400000001
726975.946
726989.139
726998.5375000001
727004.1039999998
727062.5444999998
727088.3054999998
727101.2455000002
727100.977
727095.4725000001
727127.3215000001
727152.639
727218.1090000002
727287.1170000001
727289.3080000002
727313.4114999999
727331.568
727380.3739999998
727421.3870000001
727433.5155000002
727467.0189999999
727470.7985
727452.2535000001
727445.3730000001
727439.9190000002
727446.7030000002
727425.8045000001
727354.8369999998
727315.892
727291.216
727282.2675000001
727266.7960000001
727253.8459999999
727233.4585000002
727222.0184999998
727208.3160000001
727108.3835
727096.6359999999
727077.281
727068.2050000001
727068.8429999999
727062.3165000002
727033.6875
727025.4445000002
726995.9079999998
726959.6475
726934.9569999999
726921.9245000002
726918.9474999998
726921.9440000001
726901.9075000002
726864.3854999999
726807.5950000002
726861.5904999999
726906.3050000002
726946.4695000001
726974.1150000002
726992.3635
727020.5825
727000.3489999999
727005.2174999998
727015.3314999999
727018.6699999999
727014.315
727049.8535000002
727084.3095
727081.8160000001
727107.7335000001
727116.2749999999
727143.19
727150.0639999998
727156.6230000001
727167.0290000001
727178.2914999998
727182.7174999998
727204.7749999999
727196.9700000002
727192.7895
727193.023
727200.2590000001
727222.4024999999
727231.8119999999
727250.0805000002
727270.3084999998
727272.2124999999
727280.8760000002
727276.9589999998
727281.0745000001
727273.9445000002
727276.4325000001
727272.4725000001
727279.648
727282.3535000002
727304.2030000002
727325.8535000002
727369.2604999999
727384.4929999998
727401.23
727421.4139999999
727448.889
727439.8875000002
727463.1225
727471.7850000001
727488.6464999998
727368.4070000001
727287.844
727309.3465
727273.5970000001
727287.4855
727299.5010000002
727309.693
727316.1285000001
727330.5345000001
727348.0575000001
727371.5929999999
727405.6090000002
727413.5899999999
727418.6035000002
727400.2549999999
727396.1490000002
727376.4775
727367.3075000001
727368.2390000001
727372.19
727373.1175000002
727371.017
727364.9695000001
727358.2030000002
727357.3495
727345.1154999998
727343.9745
727343.9575
727340.8569999998
727337.6494999998
727325.9284999999
727316.7209999999
727307.2535000001
727302.6660000002
727294.8265
727294.0750000002
727291.3895
727285.1745000002
727277.8599999999
727265.662
727261.7234999998
727243.0499999998
727242.9539999999
727241.7434999999
727231.2965000002
727225.44
727220.227
727196.6069999998
727179.4240000001
727157.9789999998
727142.8429999999
727128.665
727109.2935000001
727047.3325
727023.818
727002.6645
726988.0995
726984.3275000001
726983.7445
726983.7494999999
726994.2815
726991.9079999998
726986.102
726971.6000000001
726978.1439999999
726954.0364999999
726896.2804999999
726857.676
726833.1979999999
726811.1315000001
726771.2455000002
726739.2174999998
726705.5210000002
726631.631
726565.8280000002
726544.9095000001
726510.5014999998
726490.4855
726482.9389999998
726453.9185000001
726428.3555000001
726410.389
726407.2919999999
726400.7355
726389.2525
726375.7154999999
726358.6655000001
726326.1365
726276.0129999998
726231.5189999999
726186.0355000002
726124.2324999999
726067.5490000001
726059.5355000002
726042.6625000001
726026.8280000002
726010.9844999998
725986.227
725957.0485
725946.2170000002
725933.5260000001
725925.767
725900.2149999999
725886.6154999998
725873.5334999999
725866.7085000002
725845.0070000002
725833.0214999998
725812.6209999998
725781.9504999998
725773.1434999998
725755.8454999998
725735.1209999998
725716.0485
725703.4465000001
725673.8544999999
725647.3585000001
725640.662
725602.193
725570.9755000002
725540.3884999999
725532.1409999998
725522.6464999998
725520.949
725520.9644999998
725509.5690000001
725506.4695000001
725515.7105
725524.2230000002
725538.4665000001
725543.8944999999
725546.8144999999
725553.7185
725557.4615000002
725557.8714999999
725547.7280000001
725538.3514999999
725530.71
725513.2664999999
725500.0605000001
725496.7969999998
725492.3574999999
725493.727
725492.3394999998
725487.7910000002
725480.4079999998
725469.2884999998
725465.1749999998
725458.3775
725445.3045000001
725444.9789999998
725431.8934999998
725401.2790000001
725370.4415000002
725361.7544999998
725353.7319999998
725327.821
725331.6669999999
725346.5460000001
725357.2689999999
725367.5989999999
725373.9160000002
725388.6430000002
725402.3020000001
725410.5989999999
725420.3900000001
725427.9874999998
725460.0440000002
725483.9145
725491.9564999999
725512.5504999999
725517.3215000001
725523.2889999999
725537.3675000002
725545.0460000001
725547.3025000002
725551.2000000002
725567.4139999999
725583.7400000002
725583.6735
725580.5410000002
725457.6115000001
725370.4685
725315.4484999999
725279.6469999999
725272.7935000001
725237.0825
725193.69
725187.8835
725190.4355000001
725195.4070000001
725213.4764999999
725226.8059999999
725303.483
725340.8305000002
725377.1294999998
725427.1839999999
725454.4185000001
725473.8944999999
725534.2324999999
725668.2200000002
725696.415
725723.1444999999
725806.5474999999
725840.6405000002
725905.0525000002
725943.1485000001
725956.4725000001
725957.5504999999
726000.7570000002
726045.4500000002
726042.4065
726032.0819999999
726017.3835
725956.4644999998
725927.0674999999
725895.5325000002
725855.6924999999
725834.8220000002
725833.7165000001
725801.9035
725777.7140000002
725755.5830000001
725732.7455000002
725708.1784999999
725684.131
725667.6214999999
725607.1825000001
725577.6090000002
725540.3215000001
725512.1000000001
725469.071
725424.9945
725397.3829999999
725363.2230000002
725319.358
725274.8975
725260.9715
725247.6485000001
725235.5334999999
725203.3195000002
725178.8605
725182.8914999999
725166.0074999998
725137.906
725126.1269999999
725133.7834999999
725085.5800000001
725067.6540000001
725024.0605000001
725009.2875000001
724973.196
724958.4155000001
724923.1935
724845.5435000001
724777.031
724722.2059999998
724699.9205
724587.4950000001
724511.0184999998
724483.369
724475.2355
724466.9164999998
724508.3339999998
724457.2085000002
724464.5079999999
724446.8275000001
724468.4555000002
724466.091
724464.8300000001
724512.2935000001
724551.9704999998
724577.7940000002
724596.949
724597.9199999999
724602.6349999998
724603.358
724609.6014999999
724612.56
724625.5950000002
724627.5775000001
724638.9789999998
724650.517
724662.5954999998
724691.7370000002
724704.267
724721.7250000001
724737.2400000002
724766.1044999999
724776.1039999998
724813.8684999999
724855.1724999999
724880.5970000001
724930.3760000002
725006.9879999999
725088.0145
725138.139
725131.8790000002
725167.6305
725173.281
725186.923
725199.2085000002
725222.4545
725257.9815000002
725369.1699999999
725433.4070000001
725532.7105
725602.4265000001
725744.8909999998
725805.1605000002
725817.0290000001
725879.4215000002
725931.3620000002
725944.131
725978.304
725993.3420000002
726035.7124999999
726063.0460000001
726091.7434999999
726119.9909999999
726190.1475
726289.0255
726306.7914999998
726376.0355000002
726356.9015000002
726337.8514999999
726310.3684999999
726294.0299999998
726159.6014999999
726155.1115000001
726122.2785
726067.6505
726027.1430000002
726041.4635000001
725967.0559999999
725961.1205000002
725942.2245
725931.3174999999
725922.3569999998
725926.642
725926.8295
725924.372
725926.2595000002
725935.1214999999
725937.2170000002
725939.3174999999
725951.6384999999
725959.2220000001
725962.2949999999
725968.6800000002
725975.4840000002
725979.659
725990.6120000002
726000.926
726004.7889999999
726011.185
726016.6014999999
726022.6710000001
726018.7124999999
726045.5715000001
726052.0295000002
726055.94
726058.4035
726062.0355000002
726062.932
726067.5274999999
726068.7425000002
726075.9824999999
726082.4994999999
726084.2710000002
726091.923
726108.0515000001
726105.8275000001
726154.6630000002
726158.7719999999
726162.7895
726166.4130000002
726168.9005
726180.3629999999
726195.6965000001
726297.3735000002
726300.0614999998
726319.2110000001
726333.2264999999
726349.2335000001
726366.2779999999
726384.1765000001
726392.9339999999
726427.2565000001
726540.4100000001
726580.9775
726656.398
726711.7015
726713.1869999999
726733.7415
726849.3065
726846.0515000001
726848.3475000001
726853.6154999998
726856.6519999998
726864.1090000002
726868.1170000001
726875.1060000001
726882.1680000001
726886.7259999998
726890.3144999999
726896.3475000001
726897.7829999998
726899.2769999998
726895.1494999998
726893.6425000001
726893.8560000001
726892.7570000002
726888.8234999999
726879.0839999998
726878.9575
726881.2855000002
726879.0720000002
726883.1294999998
726882.7259999998
726880.9835000001
726877.3399999999
726876.7925
726876.926
726868.9380000001
726868.2450000001
726868.3450000002
726868.7965000002
726913.2204999998
726918.3905000002
726917.6275
726947.1305
726974.1995000001
726989.5444999998
727002.5255
727006.4109999998
727015.7015
727037.3629999999
727044.5235000001
727078.5474999999
727090.9964999999
727085.5315
727143.0044999998
727166.3799999999
727186.7004999998
727213.7845000001
727257.2059999998
727358.5180000002
727430.5989999999
727488.003
727524.52
727557.815
727623.8160000001
727695.0265000002
727748.3110000002
727847.5159999998
727943.4005
727969.0240000002
728074.5090000001
728197.8155
728265.5279999999
728450.9235
728617.8325
728687.5260000001
728743.0104999999
728861.8110000002
728908.1675
729087.0495000002
729162.5455
729196.8624999998
729239.054
729479.1570000001
729559.6894999999
729583.3465
729697.6244999999
729717.2185
729762.4815000002
729779.3369999998
729805.2795000002
729836.2955
729838.5240000002
729861.0595
729906.1260000002
729934.2119999998
729954.9755000002
729988.5874999999
730006.1195
730132.9380000001
730152.861
730162.3939999999
730176.7910000002
730234.952
730257.7220000001
730271.6335
730290.6834999998
730327.0874999999
730327.0825
730367.4585000002
730406.8199999998
730433.4895000001
730481.6129999999
730549.236
730552.1864999998
730658.6630000002
730662.3879999998
730686.8934999998
730670.5954999998
730689.577
730698.7740000002
730681.44
730684.1305
730696.9309999999
730733.1384999999
730733.122
730753.9815000002
730770.483
730816.5410000002
730873.7204999998
730905.0550000002
730968.4394999999
731022.1889999998
731168.1954999999
731238.7510000002
731262.8399999999
731320.2064999999
731448.8435
731515.6889999998
731778.5805000002
731890.3585000001
731953.0299999998
731980.7245
732041.7395000001
732087.4985000002
732124.8480000002
732146.909
732185.497
732263.6469999999
732365.213
732385.02
732425.4435
732581.4539999999
732661.1935
732746.7645
732798.1919999998
732876.9934999999
732887.787
732888.665
732888.6919999998
732899.9950000001
732914.9989999998
732903.0095000002
732863.0104999999
732850.0145
732843.0074999998
732845.0014999998
732833.0025
732803.0079999999
732778.0085
732739.9879999999
732740.014
732729.9890000001
732707.9915
732663.0129999998
732593.0129999998
732560.145
732559.6195
732539.9925000002
732408.1910000001
732405.0
732402.8110000002
732332.9985000002
732157.9934999999
732127.9994999999
732067.9879999999
732030.0104999999
732013.0129999998
731984.9855
731949.9909999999
731919.9879999999
731883.0
731797.9964999999
731761.0145
731753.003
731750.8095
731737.2204999998
731735.0
731725.0065000001
731666.6639999999
731658.0
731652.9904999998
731625.0025
731602.9989999998
731583.0109999999
731533.0125000002
731495.0035000001
731449.9925000002
731434.9955000002
731400.014
731357.9964999999
731317.9605
731278.0065000001
731249.9934999999
731215.0035000001
731145.0035000001
731122.9895000001
731119.2935000001
731099.9959999998
731083.0079999999
731008.014
730995.0095000002
730989.4219999998
730978.0125000002
730950.0120000001
730887.9925000002
730862.9985000002
730842.9909999999
730814.9900000002
730758.0104999999
730742.9879999999
730748.0099999998
730739.9870000002
730712.9989999998
730649.9950000001
730599.9904999998
730584.9915
730564.1469999999
730564.148
730545.4465000001
730545.3659999999
730532.9855
730513.0534999999
730513.0269999998
730496.5780000002
730496.5784999998
730482.9929999998
730447.9975
730440.0134999999
730435.006
730435.0414999998
730435.5395
730443.0120000001
730432.9920000001
730445.003
730443.0129999998
730409.9929999998
730403.0019999999
730363.0085
730333.0035000001
730305.0070000002
730237.9955000002
730157.4569999999
730149.9874999998
730144.7365000001
730142.9865000001
730145.0145
730145.9300000002
730153.0134999999
730147.9925000002
730115.0134999999
730079.9874999998
730063.0
730005.0035000001
729997.9065
729914.9920000001
729840.0049999999
729823.2725
729815.003
729784.9955000002
729760.1935
729717.9874999998
729693.0129999998
729686.3624999998
729680.0044999998
729583.0104999999
729558.003
729533.0129999998
729478.0109999999
729442.9945
729345.2850000001
729332.9879999999
729303.003
729290.4010000001
729275.0129999998
729265.713
729264.9890000001
729262.9895000001
729237.9900000002
729189.9900000002
729178.9615000002
729165.003
729084.8654999998
729083.0035000001
729076.5929999999
729015.0049999999
728982.9879999999
728948.0115
728923.5129999998
728920.8399999999
728920.0134999999
728919.0795
728884.9985000002
728858.233
728823.0049999999
728799.9900000002
728728.0109999999
728660.9619999998
728653.1634999998
728653.0
728605.0055
728564.9994999999
728515.2025000001
728487.9900000002
728484.4849999999
728484.4849999999
728447.8305000002
728447.804
728430.0109999999
728424.5405000001
728419.9904999998
728395.0
728392.997
728403.0085
728332.9959999998
728303.0095000002
728240.0109999999
728210.0025
728147.9925000002
728125.0085
728114.9994999999
728077.9964999999
728052.9879999999
728033.0129999998
727943.0079999999
727852.9879999999
727815.0125000002
727772.9975
727680.0099999998
727593.3560000001
727582.9904999998
727571.608
727527.9934999999
727479.9904999998
727471.5750000002
727465.0049999999
727443.0120000001
727402.997
727377.398
727338.0125000002
727314.9904999998
727314.9879999999
727314.9865000001
727296.6875
727293.0005000001
727291.5145
727284.9890000001
727275.0129999998
727202.9955000002
727169.9994999999
727147.997
727124.9925000002
727087.9959999998
727029.9959999998
726975.0104999999
726926.9054999999
726913.003
726909.6605000002
726827.9915
726802.9895000001
726788.0734999999
726772.9900000002
726707.9964999999
726699.9180000001
726670.0095000002
726639.9959999998
726620.0035000001
726592.9959999998
726590.5469999998
726564.9865000001
726564.9934999999
726544.5189999999
726542.9964999999
726539.9465000001
726498.014
726412.9874999998
726333.0055
726289.9955000002
726306.2370000002
726333.0120000001
726339.8895
726357.9955000002
726359.9959999998
726387.9985000002
726417.997
726550.0125000002
726599.9985000002
726614.9975
726637.9865000001
726659.994
726709.9955000002
726718.8185
726721.125
726725.7705000001
726738.0115
726739.9955000002
726755.6505
726770.003
726804.8489999999
726813.006
726835.0109999999
726869.9500000002
726877.9955000002
726890.006
726907.9885
726937.9929999998
726955.0104999999
726999.994
727017.9975
727165.0035000001
727250.0055
727273.5389999999
727275.0115
727415.0035000001
727478.9785000002
727502.9909999999
727534.0855
727544.9929999998
727547.5125000002
727559.9895000001
727617.9934999999
727645.0085
727655.0134999999
727679.9934999999
727685.185
727690.0065000001
727678.0115
727678.003
727678.0120000001
727617.9925000002
727280.0104999999
727293.0065000001
727270.0070000002
727245.0005000001
727223.0104999999
727179.9945
727123.0010000002
727079.997
726998.006
726943.0099999998
726902.986
726873.0055
726872.9890000001
726829.9885
726828.0109999999
726864.9904999998
726868.0070000002
726895.0074999998
726872.9904999998
726869.9885
726840.0074999998
726810.0120000001
726767.9925000002
726700.0109999999
726667.9945
726612.9885
726580.0090000001
726553.0005000001
726539.9865000001
726449.9980000001
726345.0079999999
726273.6275
726232.9975
726168.0085
726118.0095000002
726078.0129999998
726044.9895000001
725959.9904999998
725925.0134999999
725903.4959999998
725869.9989999998
725858.4785000002
725804.9920000001
725730.003
725688.4815000002
725664.9955000002
725654.6085000001
725528.0
725479.9989999998
725352.997
725323.0085
725277.9909999999
725251.764
725229.9890000001
725208.0035000001
725187.9874999998
725181.9929999998
725178.841
725162.9955000002
725147.6545000002
725099.9865000001
725000.0025
724990.389
724931.7055000002
724917.9959999998
724904.6485000001
724867.9980000001
724703.0
724665.1099999999
724622.9945
724532.9895000001
724518.6039999998
724515.0005000001
724487.9989999998
724423.0134999999
724404.6549999998
724289.9865000001
724230.0115
724195.0074999998
724155.0044999998
724123.0010000002
724053.0010000002
724009.9975
723949.9915
723904.9934999999
723885.9959999998
723867.9900000002
723843.7089999998
723807.9900000002
723750.0019999999
723698.003
723677.9900000002
723649.9955000002
723567.9950000001
723542.9950000001
723494.9900000002
723433.0085
723374.9865000001
723227.9900000002
723175.0074999998
723147.9929999998
723065.0035000001
723046.8964999998
723043.375
723024.9909999999
722955.003
722917.9900000002
722901.8314999999
722868.0040000002
722825.003
722764.9994999999
722718.0099999998
722675.0079999999
722619.9925000002
722608.0099999998
722587.9959999998
722565.0085
722495.006
722455.003
722424.9890000001
722404.9895000001
722349.9975
722323.0085
722294.9879999999
722270.7140000002
722270.0005000001
722237.9980000001
722194.9904999998
722177.9955000002
722177.9934999999
722155.0079999999
722099.9895000001
722098.0055
722145.0099999998
722213.0079999999
722218.0115
722191.2459999998
722187.9879999999
722185.3259999999
722173.0079999999
722150.0019999999
722104.9870000002
722094.9870000002
722083.0129999998
722033.0115
722013.5019999999
722005.0040000002
721924.9975
721908.79
721882.9994999999
721857.4010000001
721832.9964999999
721783.0074999998
721727.9945
721678.0099999998
721612.9874999998
721595.0099999998
721593.0019999999
721577.9964999999
721579.9865000001
721572.9874999998
721573.0125000002
721567.9870000002
721547.9885
721544.9925000002
721528.0049999999
721499.9890000001
721477.9915
721481.3679999998
721499.9945
721600.0085
721625.0104999999
721639.9929999998
721628.0025
721597.9934999999
721649.9985000002
721690.0025
721758.0014999998
721844.9865000001
721912.9929999998
721939.9900000002
722003.0025
722042.9964999999
722064.9985000002
722065.0
722065.0035000001
722074.9870000002
722090.0019999999
722117.9980000001
722138.4040000001
722155.003
722214.9915
722238.0074999998
722283.3139999998
722307.9879999999
722315.6464999998
722332.9920000001
722347.9945
722372.9920000001
722405.003
722429.9975
722449.7085000002
722449.994
722450.7585
722450.7590000001
722465.6545000002
722482.986
722508.4245000002
722508.4525000001
722525.0010000002
722534.9959999998
722534.0904999999
722532.9879999999
722545.6634999998
722553.0010000002
722564.8525
722568.0134999999
722592.9925000002
722595.9454999999
722607.8700000001
722618.0055
722672.5214999998
722674.0754999998
722674.1320000002
722674.2165000001
722674.2200000002
722692.9955000002
722722.9950000001
722725.0065000001
722762.3484999998
722773.8224999998
722839.9964999999
722867.898
722898.0044999998
722937.9865000001
722973.0049999999
723017.9994999999
723062.9874999998
723108.0095000002
723173.003
722999.9920000001
722739.9945
722735.0040000002
722737.9934999999
722723.0125000002
722439.9934999999
722380.0104999999
722332.9950000001
722289.9909999999
722255.0014999998
722215.0104999999
722085.0120000001
722066.3004999999
722049.9950000001
722003.0079999999
721993.003
721964.9929999998
721930.0099999998
721867.9929999998
721882.9985000002
721838.0090000001
721833.0044999998
721838.0014999998
721857.9879999999
721857.9879999999
721822.9870000002
721787.9994999999
721749.9955000002
721698.0070000002
721675.0104999999
721668.0049999999
721672.9865000001
721663.0109999999
721648.0
721645.0120000001
721622.9989999998
721600.0090000001
721560.0125000002
721530.0014999998
721476.7845000001
721444.9989999998
721408.0109999999
721385.0090000001
721380.9500000002
721352.994
721329.9870000002
721302.5644999999
721292.9945
721257.176
721179.9890000001
721155.0085
721152.9994999999
721145.0099999998
721132.9865000001
721114.9870000002
720884.9484999999
720865.0104999999
720792.9885
720634.9955000002
720654.9895000001
720693.0019999999
720643.0109999999
720645.014
720655.0019999999
720649.9915
720627.9975
720625.3895
720625.0495000002
720625.0010000002
720635.014
720669.1395
720687.9904999998
720705.0055
720707.9895000001
720689.9950000001
720718.0
720728.0014999998
720710.0104999999
720710.0104999999
720698.0070000002
720693.0049999999
720672.9870000002
720633.0065000001
720604.9909999999
720570.003
720499.9950000001
720480.2335000001
720476.4224999999
720464.9895000001
720422.9945
720323.0065000001
720290.0129999998
720275.0
720222.9934999999
720221.48
720170.0049999999
720150.0120000001
720128.0055
720110.0134999999
720107.9975
720137.9915
720154.9980000001
720164.9959999998
720167.9994999999
720223.0120000001
720241.1405000002
720258.0099999998
720363.3415000001
720366.1320000002
720388.0019999999
720409.9885
720438.003
720490.0065000001
720539.9879999999
720569.963
720585.0074999998
720633.0099999998
720691.2245
720750.0010000002
720817.185
720882.9900000002
720999.9915
721002.6074999999
721212.9915
721278.642
721370.0079999999
721759.9994999999
721877.506
722022.9890000001
722110.0765
722110.1614999999
722112.0529999998
722118.997
722128.0025
722233.0134999999
722257.9909999999
722337.994
722364.9994999999
722408.0019999999
722349.9980000001
722204.9900000002
722143.0070000002
722088.0049999999
722025.0115
722045.0035000001
722065.0095000002
722095.0090000001
722119.9959999998
722129.9920000001
722144.9985000002
722180.0010000002
722214.9934999999
722234.9874999998
722238.8015000001
722243.0019999999
722243.0074999998
722248.006
722267.9955000002
722304.9989999998
722412.997
722481.2195000001
722563.7765000002
722564.9895000001
722622.994
722638.0049999999
722660.3509999998
722663.0055
722684.9925000002
722791.3835
722794.9964999999
722823.006
722837.9909999999
722828.0115
722795.0074999998
722762.9865000001
722760.2634999999
722740.0085
722738.0070000002
722724.9904999998
722706.287
722703.0109999999
722694.9900000002
722694.9895000001
722691.3119999999
722690.7650000001
722689.9989999998
722653.0049999999
722650.003
722637.5164999999
722632.9900000002
722655.0040000002
722657.994
722645.0085
722615.9325000001
722614.9975
722614.9300000002
722614.4245000002
722612.9994999999
722643.3119999999
722654.9874999998
722798.0129999998
722880.0090000001
723023.014
723084.0460000001
723084.0734999999
723135.9945
723138.3215000001
723138.3495
723173.0005000001
723224.9945
723378.014
723430.0
723592.9874999998
723701.3629999999
723793.0055
723879.2905000001
723892.9865000001
723975.0040000002
724021.3985000001
724031.3605
724133.0005000001
724408.0074999998
724429.997
724477.9849999999
724478.0134999999
724478.0704999999
724494.9915
724505.0005000001
724519.9975
724539.9925000002
724559.9929999998
724598.0019999999
724605.0134999999
724603.0074999998
724610.0095000002
724630.0014999998
724643.0005000001
724649.994
724664.9950000001
724684.9874999998
724734.2135000001
724739.9964999999
724744.0860000001
724762.9929999998
724783.0040000002
724818.0085
724828.0104999999
724858.0005000001
724867.9980000001
724875.7645
724888.0005000001
724903.003
724910.3445000001
724912.9955000002
724918.9325000001
724933.0019999999
724950.0025
724963.0065000001
724954.9964999999
724973.0
724942.0610000002
724940.014
724974.997
724983.051
724999.9950000001
725020.0049999999
725043.0070000002
725060.0025
725113.0095000002
725134.986
725157.9929999998
725182.9975
725229.997
725272.997
725297.9959999998
725309.9929999998
725382.9874999998
725410.0005000001
725424.9985000002
725437.9695000001
725437.9959999998
725463.0
725519.9900000002
725557.9994999999
725574.994
725579.6090000002
725585.0014999998
725604.9879999999
725632.9895000001
725650.0090000001
725670.006
725693.0099999998
725704.7744999998
725707.9929999998
725778.0079999999
725778.4679999999
725779.986
725757.9955000002
725714.9920000001
725761.4394999999
725761.8640000001
725877.2905000001
725877.5734999999
725879.1609999998
725997.9904999998
726035.1664999998
726075.0120000001
726123.0115
726172.9920000001
726199.3955000001
726207.9890000001
726240.1605000002
726288.0099999998
726459.9879999999
726438.0115
726413.0090000001
726412.9964999999
726433.3309999998
726484.9945
726549.9890000001
726539.9975
726533.4345
726533.0129999998
726534.9934999999
726547.9920000001
726569.9909999999
726634.9865000001
726714.9929999998
726749.9985000002
726785.0099999998
726830.0099999998
726930.0134999999
727002.9975
727018.233
727034.9900000002
727067.9890000001
727092.9900000002
727105.0070000002
727092.605
727089.9870000002
727158.0095000002
727019.9959999998
727089.9955000002
727149.9985000002
727434.9794999999
727577.9915
727914.9874999998
728089.9975
728080.8635
728052.9895000001
728025.0090000001
728010.0090000001
727994.9904999998
727993.1719999998
727988.9904999998
727981.0635000002
727979.6519999998
727978.4840000002
727978.4840000002
727964.9909999999
727963.0014999998
727968.0074999998
727992.9964999999
728038.0125000002
728058.0129999998
728080.0049999999
728025.0079999999
727995.0115
727884.9915
727845.003
727795.0005000001
727780.0134999999
727770.0079999999
727793.014
727774.9865000001
727718.0025
727719.9950000001
727710.0095000002
727680.0109999999
727652.9895000001
727606.7174999998
727593.0055
727567.9885
727542.6735
727532.9994999999
727532.0554999998
727530.0010000002
727247.9870000002
727194.9920000001
727283.0134999999
727289.2165000001
727289.9925000002
727312.9959999998
727318.5784999998
727357.9985000002
727365.0134999999
727374.9920000001
727369.994
727360.0070000002
727320.8805
727284.9885
727284.9844999998
727285.0005000001
727278.0035000001
727245.0070000002
727229.9945
727225.0040000002
727225.0099999998
727210.0095000002
727220.0025
727223.0134999999
727220.0134999999
727212.9890000001
727213.0025
727220.0444999998
727222.9885
727253.0109999999
727222.9980000001
727208.0055
727137.9904999998
727123.0120000001
727077.9915
727057.9874999998
727027.9950000001
726994.8250000002
726969.9895000001
726924.9895000001
726884.9900000002
726820.3585000001
726818.0079999999
726816.4500000002
726763.0074999998
726750.0025
726741.4419999998
726723.0085
726685.0040000002
726661.2944999998
726645.2815
726632.3909999998
726592.9904999998
726524.9895000001
726439.994
726383.0019999999
726353.0079999999
726325.9515
726325.0005000001
726255.006
726198.0099999998
726138.0055
726039.9909999999
725909.997
725724.551
725713.0134999999
725673.0125000002
725619.9900000002
725586.7965000002
725544.9890000001
725510.0090000001
725490.0025
725482.9945
725484.9885
725496.7009999999
725497.9955000002
725504.736
725545.0099999998
725554.9900000002
725519.9994999999
725461.923
725427.9915
725413.0120000001
725397.997
725383.9559999998
725358.0104999999
725377.9879999999
725395.1340000001
725403.0049999999
725422.9870000002
725417.2009999999
725315.0065000001
725262.9874999998
725250.0035000001
725257.9975
725267.4484999999
725273.003
725269.9934999999
725245.0044999998
725220.0055
725210.0044999998
725195.0040000002
725160.0120000001
725152.9934999999
725147.9874999998
725092.9920000001
725082.9900000002
725082.1200000001
725078.0125000002
725081.2680000002
725082.9915
725082.9980000001
725072.9870000002
725078.003
725110.0095000002
725120.014
725118.5184999998
725113.0095000002
725103.0085
725103.0055
725116.1639999999
725148.0044999998
725184.9904999998
725202.9909999999
725240.0129999998
725272.9900000002
725278.0025
725299.7895
725300.0014999998
725298.2910000002
725260.0120000001
725223.0040000002
725198.0079999999
725117.9925000002
725059.994
725025.0079999999
725080.0129999998
725100.0040000002
725120.0279999999
725128.0040000002
725134.6800000002
725149.9955000002
725184.9895000001
725195.0040000002
725217.9915
725107.9934999999
725074.7000000002
725039.9929999998
725000.639
725000.006
724999.4615000002
724970.0010000002
724922.997
724889.994
724817.9989999998
724799.9909999999
724785.0125000002
724760.0074999998
724752.0734999999
724733.006
724699.9955000002
724600.0115
724505.7475
724462.9980000001
724461.256
724433.6595000001
724433.3615000001
724425.0065000001
724402.9874999998
724358.0090000001
724350.0049999999
724330.0099999998
724312.997
724300.0074999998
724299.9945
724313.9500000002
724318.0010000002
724318.003
724318.0175000001
724317.9895000001
724317.9959999998
724317.912
724276.5965
724276.5405000001
724274.5809999998
724274.3859999999
724241.3275000001
724237.9964999999
724197.8110000002
724183.0090000001
724115.0095000002
724102.5145
724092.9870000002
724079.9904999998
724075.0115
724060.6425000001
724059.9934999999
