686486.8404999999
686352.9785000002
686300.9734999998
686238.3505000002
686179.1505
686138.1754999999
686087.5414999998
686038.7574999998
685985.5389999999
685937.2294999999
685914.2080000001
685880.8539999998
685871.7505000001
685861.9369999999
685843.9364999998
685821.4789999998
685810.1535
685801.4509999999
685798.8155
685791.3139999998
685748.7455000002
685726.0920000002
685716.7025000001
685712.0485
685695.7820000001
685696.122
685690.9185000001
685681.0210000002
685667.5109999999
685645.9950000001
685601.1965000001
685586.71
685573.5729999999
685554.0194999999
685542.5320000001
685528.2884999998
685522.2974999999
685512.9470000002
685509.9959999998
685505.8859999999
685502.5975000001
685492.8960000002
685489.2790000001
685486.0830000001
685483.2480000001
685469.6655000001
685456.2744999998
685448.8259999999
685436.3939999999
685415.3955000001
685408.2834999999
685384.1499999999
685373.1724999999
685343.2280000001
685358.8684999999
685367.8045000001
685390.1264999998
685399.5525000002
685401.5460000001
685409.7480000001
685413.0619999999
685426.6915000002
685445.7089999998
685465.8054999998
685469.9644999998
685493.6115000001
685513.2859999998
685516.7094999999
685494.3155
685488.1905
685474.9704999998
685458.3020000001
685448.0690000001
685439.3275000001
685432.6675
685436.4555000002
685420.6825000001
685423.4555000002
685417.7335000001
685412.1494999998
685387.3764999998
685375.7995000002
685356.994
685323.0274999999
685281.7659999998
685252.9635000001
685211.7045
685169.071
685098.7030000002
685011.9100000001
684949.4345
684903.5980000002
684832.9079999998
684828.5175000001
684711.1554999999
684578.8045000001
684553.1614999999
684545.3594999998
684540.3475000001
684533.4470000002
684525.4010000001
684521.3160000001
684515.4589999998
684511.6069999998
684509.6009999998
684482.3254999998
684461.9049999998
684454.409
684423.7420000001
684416.4270000001
684403.7544999998
684391.1579999998
684371.0255
684330.9849999999
684315.2064999999
684301.889
684274.9994999999
684261.9249999998
684259.8284999998
684240.0364999999
684211.4160000002
684189.6949999998
684171.7705000001
684164.8594999998
684161.1175000002
684156.6839999999
684153.0924999998
684138.4840000002
684135.2864999999
684135.0935
684125.0584999998
684120.2030000002
684113.4610000001
684101.872
684098.5410000002
684098.0809999998
684096.2659999998
684084.0134999999
684064.7710000002
684055.2779999999
684052.4114999999
684044.5965
684039.0580000002
684032.9734999998
684021.9049999998
684003.0014999998
684000.165
683991.2185
683984.8635
683977.7719999999
683971.0894999998
683967.571
683962.9730000002
683959.469
683952.1664999998
683946.4959999998
683935.8135000002
683926.1115000001
683914.4509999999
683905.0890000002
683899.8990000002
683899.8445000001
683889.145
683879.9670000002
683877.7315000002
683877.1335
683876.0935
683875.7294999999
683874.5325000002
683866.5814999999
683858.48
683848.4840000002
683826.8435
683815.1660000002
683800.0589999999
683788.9715
683776.4815000002
683767.4054999999
683762.8459999999
683731.5495000002
683722.7845000001
683721.537
683720.2629999998
683710.0125000002
683701.389
683690.693
683690.3684999999
683685.8854999999
683685.5125000002
683680.6269999999
683679.3725
683676.8629999999
683674.2714999998
683658.2855000002
683652.9339999999
683648.3665
683641.8339999998
683632.5529999998
683622.7015
683610.7925
683589.6800000002
683588.4994999999
683566.4589999998
683522.747
683520.1335
683476.6025
683456.801
683451.5285
683436.2834999999
683424.7039999999
683421.9925000002
683421.9925000002
683416.1540000001
683400.1664999998
683384.0325000002
683359.9745
683342.9530000002
683340.5345000001
683328.1105
683311.1830000002
683302.5180000002
683294.6804999998
683287.3119999999
683282.486
683270.6924999999
683262.9270000001
683253.6974999998
683246.9564999999
683228.685
683188.8365000002
683186.3254999998
683166.9210000001
683146.2220000001
683144.2825000002
683138.5440000002
683125.6924999999
683125.1264999998
683102.3190000001
683083.1719999998
683051.5520000001
683048.3390000002
683045.7080000001
683037.9504999998
683004.2544999998
682982.074
682979.5520000001
682972.6165
682943.4134999998
682931.2069999999
682920.236
682907.8075000001
682899.6940000001
682885.8295
682876.9405
682867.9240000001
682859.1260000002
682848.2340000002
682834.5025
682830.0529999998
682815.7960000001
682798.7735000001
682773.2895
682764.3735000002
682756.8199999998
682750.0575000001
682722.4164999998
682719.5704999999
682706.5074999998
682690.017
682677.6154999998
682639.5389999999
682608.2880000002
682599.8110000002
682591.1439999999
682582.8875000002
682555.5099999998
682535.858
682532.4874999998
682517.838
682491.344
682484.7965000002
682480.0189999999
682460.0055
682457.4534999998
682457.0715000001
682456.4844999998
682445.727
682441.6414999999
682437.8994999998
682432.5194999999
682429.2185
682426.5125000002
682408.5074999998
682403.0894999998
682391.8700000001
682379.4100000001
682375.4589999998
682364.5115
682359.1365
682350.2239999999
682344.1675
682338.8640000001
682336.1694999998
682335.0825
682326.9315
682318.8615000001
682307.9284999999
682299.8029999998
682285.1184999999
682279.9169999999
682277.7694999999
682273.3075000001
682270.0350000001
682252.5920000002
682241.19
682234.5005000001
682250.0099999998
680983.0350000001
680896.6294999998
680860.1195
680515.111
680431.7565000001
680377.446
680367.1209999998
680331.875
680303.9449999998
680244.4419999998
680153.4545
680079.5729999999
680037.0729999999
680007.3914999999
679906.892
679865.4419999998
679866.6315000001
679867.1400000001
679867.452
679869.6329999999
680194.7650000001
680187.5655
680160.6400000001
680149.4624999999
680108.1275
680042.5665000002
679898.4525000001
679857.5674999999
679680.6490000002
678091.1055000001
678089.3059999999
678084.7064999999
678080.4945
678075.9885
678074.6179999998
678079.4849999999
678080.3624999998
678068.0485
678046.1675
678032.8514999999
678027.1660000002
678016.1519999998
678013.1745000002
678002.4155000001
677987.5235000001
677976.7315000002
677970.2220000001
677972.1124999998
677970.4709999999
677973.6074999999
677985.4410000001
677986.0189999999
677980.1680000001
677971.659
677960.4470000002
677958.7105
677955.2195000001
677950.6685000001
677933.327
677925.1365
677916.1324999998
677899.3879999998
677881.9559999998
677874.9589999998
677872.9934999999
677875.2319999998
677871.875
677867.764
677854.1600000001
677847.2634999999
677834.6315000001
677823.8204999999
677794.1570000001
677771.5559999999
677756.2165000001
677750.1510000001
677741.1825000001
677737.463
677713.7719999999
677690.7884999998
677684.7305000001
677662.2459999998
677629.2429999998
677611.4844999998
677592.4534999998
677575.3914999999
677559.0814999999
677542.1379999998
677523.631
677505.3095
677188.361
677182.3775
677127.7544999998
677101.372
677097.1675
677095.821
677068.5865000002
677064.8130000001
677058.7999999998
677055.0635000002
677046.8119999999
677031.5715000001
677020.8470000001
677013.7144999998
677023.8574999999
677020.048
677005.54
676981.3454999998
676950.4330000002
676942.3165000002
676937.4994999999
676916.1910000001
676894.8475000001
676880.0214999998
676881.8769999999
676875.6570000001
676863.9029999999
676864.3859999999
676863.2000000002
676865.3764999998
676863.5865000002
676855.6444999999
676828.7790000001
676819.7204999998
676808.7119999998
676809.3764999998
676809.9070000001
676808.571
676807.1455000001
676803.8130000001
676799.4389999998
676780.3620000002
676778.7850000001
676757.8955000001
676749.8895
676723.3174999999
676709.7825000002
676702.2250000001
676690.0155000002
676698.9874999998
676698.2464999999
676675.71
676665.6815
676639.2755
676590.1214999999
676551.8879999998
676543.81
676520.1685000001
676501.392
676388.1290000002
676382.0279999999
676380.0205000001
676367.0534999999
676332.2864999999
676312.5380000002
676287.466
676238.9139999999
676210.4665000001
676175.3394999998
676132.9279999998
676097.8089999999
676092.6800000002
676063.5724999998
676070.5355000002
676078.5554999998
676056.713
676029.7949999999
675987.6894999999
675944.8404999999
675922.8459999999
675876.619
675841.5274999999
675726.7085000002
675559.122
675384.9315
675370.4024999999
675307.2940000002
675359.0189999999
675333.8914999999
675308.9070000001
675255.6275
675182.642
675149.5665000002
675137.8875000002
675129.6285000001
675111.9824999999
675065.9635000001
675046.9210000001
675039.6145000001
675018.7799999998
674999.2995000002
674981.287
674974.0765
674927.9449999998
674880.7910000002
674832.0784999998
674819.3075000001
674825.5715000001
674753.2875000001
674748.0874999999
674742.0885000001
674725.6600000001
674680.6290000002
674654.2535000001
674640.827
674624.4279999998
674602.1490000002
674567.9674999998
674491.8705000002
674389.773
674366.3590000002
674355.818
674338.9805000001
674310.9679999999
674292.4105000002
674304.6965000001
674317.1735
674304.216
674259.5240000002
674233.8900000001
674204.4955000002
674185.4210000001
674162.06
674115.9665000001
674072.378
674052.4474999998
674033.9739999999
674031.8764999998
674061.9500000002
674132.4360000002
674154.1455000001
674176.4045000002
674211.006
674166.4005
674115.4564999999
674104.3309999998
674089.122
674098.7659999998
674105.8939999999
674119.6954999999
674120.0989999999
674137.713
674150.9065
674150.318
674155.4284999999
674160.6915000002
674137.9435
674087.8960000002
674087.0265000002
674036.8470000001
673950.824
673922.0655
673851.7645
673901.2280000001
673954.1694999998
673994.7650000001
674023.753
674030.2999999998
674030.4789999998
674042.0625
674049.6664999998
674047.1660000002
674033.1694999998
674024.4105000002
674007.3769999999
673984.9575
673844.9734999998
673822.1795000001
673814.5775000001
673819.1375000002
673831.057
673865.6165
673980.7719999999
674004.2999999998
674010.2955
674018.5825
674029.8339999998
674032.7085000002
674039.3259999999
674044.6995000001
674051.1455000001
674055.0044999998
674057.1605000002
674058.7119999998
674059.9130000002
674061.0819999999
674061.2409999999
674058.5814999999
674054.1915000002
674047.3454999998
674039.0005000001
674031.3849999998
674031.3849999998
674026.8560000001
673989.0320000001
673957.3525
673942.9265000001
673929.9155000001
673915.5334999999
673857.585
673811.2034999998
673795.8190000001
673781.8629999999
673764.3095
673761.8530000001
673748.3160000001
673735.5729999999
673728.1719999998
673704.1570000001
673695.5729999999
673669.6175000002
673640.6800000002
673604.1749999998
673584.5674999999
673561.5269999998
673542.8360000001
673534.7940000002
673504.1749999998
673466.5750000002
673442.6340000001
673305.2850000001
673133.7914999998
673104.2124999999
673084.79
673069.2965000002
673068.0010000002
673054.7985
673044.2965000002
673041.2280000001
673037.0125000002
673006.5219999999
672989.909
672975.1444999999
672975.1439999999
672967.0134999999
672901.4415000002
672894.344
672887.3280000002
672883.7335000001
672881.6349999998
672881.8884999999
672884.1754999999
672886.5205000001
672889.0350000001
672895.4750000001
672903.0359999998
672908.5685
672908.568
672927.3224999998
672934.1924999999
672937.4330000002
672950.5989999999
672967.3955000001
672984.98
672991.6784999999
673004.2230000002
673024.0655
673035.2400000002
673053.2285000002
673098.8399999999
673162.0559999999
673185.3475000001
673204.2574999998
673216.8390000002
673228.3535000002
673246.9019999998
673253.7574999998
673255.2464999999
673251.8624999998
673243.6469999999
673233.2525
673229.5674999999
673210.6595000001
673203.7285000002
673077.7655000002
673034.1710000001
673018.1145000001
673005.4175
672999.6745000002
672998.4315
672996.102
672993.4194999998
672977.1839999999
672971.9539999999
672963.8994999998
672951.9980000001
672947.1329999999
672937.659
672889.4024999999
672878.662
672870.5244999998
672865.6255000001
672863.5619999999
672865.5724999998
672868.815
672877.2050000001
672891.0789999999
672894.8695
672899.1804999998
672903.1359999999
672902.2089999998
672897.8130000001
672886.4190000002
672866.6324999998
672846.7390000001
672826.2335000001
672811.5610000002
672804.3355
672796.9909999999
672782.0800000001
672753.3220000002
672704.3250000002
672653.7420000001
672625.9895000001
672604.3424999998
672578.2675000001
672560.1625000001
672551.7174999998
672536.5529999998
672515.4534999998
672429.1800000002
672422.9929999998
672418.8590000002
672420.6830000002
672425.503
672433.9134999998
672472.3224999998
672504.432
672517.0244999998
672531.4389999998
672536.6405000002
672545.8505000002
672554.7415
672579.6494999998
672603.1894999999
672614.4375
672643.1535
672674.4155000001
672704.4810000001
672725.7135000001
672764.3909999998
672804.4895000001
673147.1154999998
673181.5290000001
673211.0610000002
673220.5315
673236.0214999998
673240.878
673254.2804999999
673265.4564999999
673268.6719999998
673269.4199999999
673279.1924999999
673282.7949999999
673282.0559999999
673281.594
673284.4010000001
673289.2004999998
673290.4989999998
673297.017
673307.8624999998
673310.8629999999
673320.7069999999
673334.4555000002
673346.8495
673368.372
673402.6044999999
673552.5414999998
673583.9915
673600.7919999999
673609.4130000002
673611.7085000002
673608.7955
673600.8034999999
673593.2140000002
673571.4045000002
673541.696
673574.0099999998
673600.7884999998
673621.8884999999
673683.9125000001
673714.5025
673745.1919999998
673767.0074999998
673774.1000000001
673785.412
673800.7935000001
673845.3470000001
673853.6510000001
673882.8360000001
673883.5580000002
673892.3615000001
673915.2510000002
673962.548
673982.0079999999
673989.3020000001
673999.2875000001
674001.3125
674005.8195000002
674025.2009999999
674036.952
674037.8480000002
674031.6039999998
674022.1485000001
674005.3544999999
673990.6885000002
673973.7925
673935.3470000001
673900.3975
673881.4870000002
673869.6094999998
673869.1384999999
673866.4959999998
673870.6864999998
673886.548
673940.6579999998
673949.4909999999
673960.0844999999
673989.5565
674024.5425
674036.6860000002
674043.0025
674035.1379999998
674023.6584999999
674026.9304999998
674027.8505000002
674058.9945
674064.7875000001
674054.0605000001
674057.409
674077.057
674088.2174999998
674083.287
674077.8059999999
674075.497
674076.0384999998
674083.256
674085.4934999999
674087.8029999998
674102.9440000001
674112.4904999998
674120.6485000001
674120.1540000001
674108.9559999998
674109.5465000002
674109.5469999998
674111.4070000001
674151.5380000002
674157.4495000001
674164.8879999998
674169.852
674173.4975
674186.4465000001
674197.4515
674192.6845
674185.2059999998
674190.5044999998
674212.0490000001
674225.0430000001
674244.0329999998
674261.4049999998
674281.1524999999
674313.3845000002
674321.4029999999
674334.7955
674367.2845000001
674386.4500000002
674395.1469999999
674417.6974999998
674429.9985000002
674436.4874999998
674442.19
674453.341
674455.557
674456.9169999999
674471.5235000001
674476.3275000001
674485.0120000001
674490.074
674497.0754999998
674505.3975
674523.8130000001
674529.8985000001
674552.9215000002
674559.0359999998
674565.443
674568.5249999999
674573.9474999998
674577.591
674589.4730000002
674596.8480000002
674601.8080000002
674609.5359999998
674616.5465000002
674631.003
674640.3045000001
674643.852
674657.0984999998
674697.3125
674718.7310000001
674726.8029999998
674740.3480000002
674748.494
674753.8459999999
674827.2884999998
674838.5249999999
674853.335
674871.6090000002
674891.3089999999
675028.6815
675037.1434999998
675045.9709999999
675055.7080000001
675064.7505000001
675076.3139999998
675086.9950000001
675097.4730000002
675107.585
675258.719
675503.889
675530.9024999999
675542.5704999999
675626.801
675770.0685
675817.6285000001
675842.5329999998
675924.8884999999
675958.6984999999
676013.3404999999
676014.7255000002
676040.514
676058.0380000002
676069.7220000001
676082.3985000001
676108.2209999999
676131.4245000002
676148.5159999998
676191.8280000002
676247.6765000001
676290.3895
676340.4394999999
676345.4279999998
676341.3169999998
676329.8199999998
676330.8930000002
676336.2004999998
676347.0274999999
676360.2555
676401.4160000002
676411.5329999998
676420.9300000002
676428.6239999998
676433.9874999998
676435.7790000001
676437.8500000001
676447.2990000001
676605.7154999999
676608.8760000002
676612.3829999999
676615.6645
676618.6940000001
676621.3355
676623.5614999998
676625.2385
676626.2895
676626.8709999998
676626.8599999999
676626.7409999999
676624.3539999998
676646.6839999999
676764.1765000001
676780.145
676798.7944999998
676818.9185000001
676836.4580000001
676800.6145000001
676783.8195000002
676766.5630000001
676748.7579999999
676730.7599999998
676743.2779999999
676748.9010000001
676753.108
676769.9569999999
676782.4245000002
676801.1779999998
676831.0584999998
676928.3029999998
676943.5164999999
676980.372
676998.7910000002
677013.8859999999
677033.6979999999
677059.6784999999
677071.0299999998
677112.5655
677147.5635000002
677157.307
677186.1005000002
677201.1069999998
677238.892
677252.8709999998
677267.7990000001
677283.8335000002
677311.031
677336.577
677345.3854999999
677364.7374999998
677400.9720000001
677413.571
677435.2579999999
677443.0890000002
677472.0205000001
677477.3435
677477.5970000001
677511.3905000002
677522.5255
677528.1179999998
677564.3435
677581.0610000002
677598.2585
677615.6905
677633.6579999998
677647.1124999998
677647.5759999999
677648.034
677694.281
677704.9300000002
677711.7119999998
677716.1499999999
677729.4114999999
677740.2769999998
677764.8670000001
677787.5395
677793.8220000002
677794.665
677801.247
677811.6905
677832.1795000001
677846.0545000001
677859.7315000002
677873.1554999999
677888.0625
677892.7675000001
677896.9185000001
677898.7039999999
677900.8565000002
677905.5924999998
677926.6379999998
677946.2445
677962.8314999999
678001.8470000001
678008.5194999999
678011.4640000002
678015.7535000001
678021.3859999999
678043.267
678135.9840000002
678158.4284999999
678162.5819999999
678211.5175000001
678244.9849999999
678277.3034999999
678302.3955000001
678318.5715000001
678384.1115000001
678401.7464999999
678423.7684999998
678370.9810000001
678351.9750000001
678360.4394999999
678364.2889999999
678335.1305
678333.3130000001
678345.395
678355.5425
678363.202
678385.994
678439.9815000002
678526.2319999998
678553.8509999998
678605.2400000002
678677.7755
678680.6120000002
678684.503
678885.9029999999
678891.8999999999
678911.8535000002
678919.4160000002
678928.9095000001
678935.77
678944.6335
678959.2875000001
678976.3165000002
678996.1540000001
679031.2404999998
679151.48
679163.2379999999
679170.2925
679174.8500000001
679183.6370000001
679200.3785000001
679236.0610000002
679306.4589999998
679325.6324999998
679381.2374999998
679399.2370000002
679450.1745000002
679513.656
679520.0759999999
679523.7930000001
679579.872
679582.1815
679594.79
679693.4125000001
679779.7355
679822.8295
679855.0384999998
679877.1469999999
679885.142
679930.2535000001
679998.1255000001
680025.2425000002
680052.358
680090.0605000001
680176.9024999999
680204.8709999998
680242.006
680260.1630000002
680281.9334999998
680350.0499999998
680427.179
680500.3620000002
680541.628
680616.392
680654.3160000001
680645.0134999999
680693.7820000001
680722.1614999999
680731.1430000002
680750.9125000001
680782.7875000001
680795.2264999999
680840.1535
680840.4375
680846.7374999998
680816.997
680803.5644999999
680793.8805
680782.469
680785.6384999999
680812.5469999998
680878.514
680944.8879999998
680953.034
680960.8840000001
681002.0924999998
681015.7289999998
681049.0419999999
681090.8900000001
681111.9585000002
681133.6685000001
681157.5435000001
681186.0559999999
681224.6430000002
681277.656
681320.1740000001
681332.4840000002
681350.23
681356.3739999998
681357.8879999998
681360.0550000002
681363.7834999999
681365.1299999999
681365.0699999998
681368.4764999999
681351.0954999998
681355.2535000001
681361.5205000001
681363.9955000002
681357.2204999998
681357.5155000002
681344.1905
681334.9610000001
681336.9375
681344.0899999999
681349.2965000002
681670.8229999999
681716.7714999998
681748.631
681879.0380000002
681955.4959999998
681969.6395
681977.1395
681987.051
681998.0855
682031.0405000001
682024.8879999998
682031.1200000001
682033.0320000001
682029.5950000002
682022.3445000001
682014.5565
682014.1745000002
682022.639
682027.8849999998
682033.199
682040.2680000002
682045.1425000001
682052.6880000001
682056.193
682060.7494999999
682078.1430000002
682084.6299999999
682090.7579999999
682092.5665000002
682097.8569999998
682107.8130000001
682121.8190000001
682125.5090000001
682138.1860000002
682144.4885
682149.8990000002
682151.6680000001
682149.9369999999
682146.4840000002
682147.6510000001
682152.29
682160.5754999998
682174.52
682188.1570000001
682193.9415000002
682198.1145000001
682199.0469999998
682198.6460000002
682205.3705000002
682213.1970000002
682220.6660000002
682225.409
682231.5660000001
682242.9885
682254.6225
682260.3650000002
682273.7209999999
682283.6685000001
682291.6275
682297.0924999998
682303.7645
682315.9010000001
682324.0915000001
682329.6770000001
682334.4249999998
682339.3080000002
682344.6735
682352.3295
682353.0364999999
682352.622
682354.3755000001
682357.926
682363.4915
682370.1140000001
682381.0515000001
682393.7740000002
682403.8280000002
682410.0395
682416.202
682422.9160000002
682429.4709999999
682436.105
682441.0869999998
682454.5295000002
682457.8505000002
682460.682
682465.0775000001
682473.6839999999
682486.3130000001
682490.4389999998
682495.6159999999
682505.3459999999
682512.523
682514.8599999999
682527.1754999999
682529.7400000002
682538.8344999999
682547.3539999998
682555.5819999999
682564.0455
682569.6915000002
682574.8635
682580.7889999999
682587.1499999999
682589.3560000001
682594.753
682602.5499999998
682608.9175
682612.6324999998
682637.585
682643.6124999998
682652.7769999998
682660.9585000002
682665.7204999998
682669.2895
682673.031
682675.5989999999
682673.821
682674.5775000001
682676.8489999999
682685.6345000002
682695.4164999998
682704.7905000001
682715.7735000001
682721.3080000002
682733.281
682740.1784999999
682749.2905000001
682750.04
682753.9125000001
682758.9249999998
682760.7689999999
682772.7310000001
682781.4730000002
682784.5384999998
682785.628
682784.9375
682785.875
682790.6660000002
682800.6935
682809.6005000002
682808.8705000002
682804.9180000001
682804.3714999999
682807.3535000002
682806.9530000002
682802.6600000001
682803.6225
682804.0559999999
682802.2275
682802.9474999998
682799.9219999998
682797.7179999999
682798.3415000001
682793.7689999999
682795.7549999999
682795.5350000001
682792.5375000001
682798.0380000002
682796.534
682797.2140000002
682802.5164999999
682799.4794999999
682801.3020000001
682805.2220000001
682806.2694999999
682802.3914999999
682801.7790000001
682805.1055000001
682805.426
682803.7415
682803.7930000001
682809.5334999999
682807.3760000002
682807.182
682810.4755000002
682818.3374999999
682821.9325000001
682823.0384999998
682827.5655
682834.5745000001
682836.5784999998
682836.79
682842.6554999999
682844.8605
682853.2179999999
682852.9920000001
682856.6875
682855.216
682853.6405000002
682853.3840000001
682854.4279999998
682855.8679999998
682858.0529999998
682857.8105000001
682859.8465
682859.2615
682857.6085000001
682857.1370000001
682858.0665000002
682855.1030000001
682852.9925000002
682854.7355
682851.0194999999
682848.1195
682847.4495000001
682847.5265000002
682849.7765000002
682851.2344999998
682851.7140000002
682853.074
682858.2850000001
682884.9180000001
682897.0145
682898.5860000001
682898.6135
682912.9194999998
682929.8675000002
682944.3169999998
683095.2505000001
683106.435
683113.6549999998
683122.9810000001
683144.6770000001
683148.071
683147.2154999999
683153.7999999998
683155.5444999998
683159.642
683157.0019999999
683161.139
683166.2549999999
683164.446
683165.0860000001
683161.0065000001
683164.8670000001
683165.8450000002
683169.7760000001
683178.9049999998
683185.0419999999
683189.4205
683197.0325000002
683206.1660000002
683224.1329999999
683227.6680000001
683232.2779999999
683238.6880000001
683246.9145
683249.3224999998
683258.7319999998
683262.7749999999
683265.9589999998
683274.5989999999
683285.8960000002
683290.3695
683298.2710000002
683301.4915
683308.5865000002
683315.2925
683321.8535000002
683325.7344999998
683330.693
683334.9730000002
683340.9015000002
683345.4755000002
683347.8615000001
683353.108
683352.6329999999
683356.5095000002
683356.9254999999
683365.6094999998
683368.8080000002
683374.0945000001
683385.7204999998
683399.6260000002
683405.1510000001
683461.0495000002
683661.878
683678.4989999998
683752.8275000001
683804.4994999999
683808.4619999998
683827.5954999998
683841.773
683864.2069999999
683887.2209999999
683908.5384999998
683933.7305000001
683943.744
683961.4130000002
683966.625
683970.1165
683970.6664999998
684023.8245000001
684072.3394999998
684173.1510000001
684268.5589999999
684377.4734999998
684399.713
684409.7365000001
684463.9849999999
684495.1600000001
684516.8314999999
684546.5795
684587.4619999998
684598.9325000001
684634.8020000001
684674.4410000001
684691.5780000002
684742.1105
684749.9559999998
684757.4819999998
684767.6184999999
684776.895
684785.1735
684792.4534999998
684797.7280000001
684800.244
684804.9504999998
684809.5389999999
684842.8629999999
684846.6639999999
684855.9964999999
684907.3319999999
684927.3585000001
684962.7540000002
685018.8385000001
685136.7124999999
685202.1770000001
685248.3569999998
685251.3835
685255.6625000001
685281.7464999999
685285.1979999999
685296.2719999999
685306.2535000001
685308.0750000002
685328.8174999999
685335.3220000002
685337.7174999998
685354.7165000001
685356.929
685373.2519999999
685374.5904999999
685411.1825000001
685446.7355
685464.6469999999
685478.6405000002
685516.7340000002
685553.023
685581.7305000001
685691.4559999998
685715.8199999998
685763.716
685791.0800000001
685877.2889999999
685910.9479999999
685931.8144999999
685972.7009999999
686018.0605000001
686026.7859999998
686029.5265000002
686023.8560000001
686025.9624999999
686028.4564999999
686037.1000000001
686046.3399999999
686055.7105
686078.4199999999
686129.7340000002
686148.426
686160.5584999998
686195.1664999998
686192.9169999999
686197.9994999999
686205.4380000001
686205.3870000001
686201.8785000001
686206.2974999999
686210.5419999999
686201.9360000002
686200.0935
686199.4835000001
686202.2185
686208.1809999999
686238.4049999998
686240.6685000001
686244.7514999998
686263.2525
686288.2209999999
686295.1485000001
686349.662
686417.7785
686487.7535000001
686554.6804999998
686607.5345000001
686621.7485000002
686636.3259999999
686650.8590000002
686664.855
686677.9585000002
686689.7570000002
686699.8650000002
686708.0055
686713.6699999999
686717.1910000001
686718.5359999998
686717.645
686714.5405000001
686709.2990000001
686702.051
686575.73
686560.1979999999
686548.2429999998
686540.1834999998
686536.2294999999
686536.48
686540.9245000002
686549.446
686561.8429999999
686577.0899999999
686609.7094999999
686624.6340000001
686630.6170000001
686633.4674999998
686640.0129999998
686649.9424999999
686662.8369999998
686678.088
686695.0345000001
686712.909
686730.8909999998
686796.6264999998
686840.0495000002
686880.7409999999
686915.5410000002
686945.594
686954.0440000002
686973.119
687001.7514999998
687029.4780000001
687059.5355000002
687086.5235000001
687138.7385
687223.9330000002
687276.0345000001
687325.7215
687374.9885
687463.0389999999
687495.4304999998
687514.7895
687536.142
687561.4300000002
687587.926
687626.1214999999
687639.1184999999
687659.7319999998
687685.4424999999
687703.6239999998
687735.2340000002
687788.639
687808.7579999999
687808.9380000001
687799.639
687733.2335000001
687729.8335000002
687728.4725000001
687730.1690000002
687756.423
687783.0980000002
687788.0244999998
687788.4755000002
687776.6340000001
687763.3065
687733.105
687715.1409999998
687712.0784999998
687716.1345000002
687726.6340000001
687739.0269999998
687750.2340000002
687775.6184999999
687799.2185
687810.341
687837.2425000002
687858.9764999999
687870.4185000001
687888.0825
687900.5285
687921.8760000002
687949.3760000002
687974.3305000002
687997.4440000001
688013.6749999998
688060.0315
688081.631
688141.8794999998
688159.3029999998
688224.7245
688231.9275000002
688244.8445000001
688246.5835000002
688290.6359999999
688323.4205
688356.5364999999
688376.9369999999
688409.4224999999
688416.9959999998
688447.3450000002
688454.2595000002
688500.9895000001
688521.9534999998
688563.1405000002
688585.1200000001
688590.9275000002
688612.9449999998
688654.7030000002
688664.841
688676.9240000001
688682.2999999998
688684.628
688692.5444999998
688710.5265000002
688713.3204999999
688724.4419999998
688742.835
688767.3339999998
688770.4794999999
688783.6685000001
688811.8399999999
688870.8325
688902.2485000002
688904.6294999998
688911.0580000002
688924.2179999999
688938.2294999999
688964.8325
688969.4045000002
688975.4275000002
688977.7850000001
688981.3275000001
688981.2429999998
688995.2315000002
688999.619
689010.1285000001
689019.1379999998
689050.1200000001
689065.3484999998
689100.5405000001
689128.2370000002
689146.9279999998
689148.1605000002
689170.3399999999
689189.7185
689199.5440000002
689205.6455000001
689220.361
689253.1434999998
689295.4024999999
689314.0375000001
689337.8764999998
689354.2755
689367.7379999999
689377.8744999999
689384.4029999999
689387.1779999998
689386.108
689381.2105
689372.6400000001
689330.7544999998
689325.4360000002
689322.2009999999
689321.0995
689322.1540000001
689325.3859999999
689330.6815
689337.8994999998
689350.0584999998
689353.6740000001
689357.6625000001
689375.3250000002
689387.8125
689399.0205000001
689408.645
689435.963
689453.4369999999
689474.5235000001
689556.685
689584.1809999999
689593.6094999998
689600.5019999999
689604.4934999999
689605.3560000001
689597.557
689582.9295000001
689569.9794999999
689569.3130000001
689570.486
689574.7085000002
689581.838
689591.7310000001
689621.8215000001
689740.0244999998
689806.9874999998
689886.8909999998
689958.3914999999
689971.6825000001
689981.5320000001
689987.7420000001
689990.1680000001
689990.4465000001
689994.1945000002
690004.5194999999
690020.7135000001
690041.6915000002
690119.4190000002
690134.3130000001
690146.8480000002
690156.4964999999
690162.8399999999
690165.6765000001
690164.8594999998
690160.432
690152.574
690084.5299999998
690029.7995000002
689966.6605000002
689955.6375000002
689946.4389999998
689939.2519999999
689934.29
689907.537
689897.435
689881.0010000002
689870.6510000001
689862.4810000001
689856.8125
689853.7215
689847.9824999999
689847.6669999999
689852.8849999998
689863.429
689878.9015000002
689900.8394999998
689926.1055000001
689978.2749999999
690034.4615000002
690143.3605
690252.9235
690363.4704999998
690396.6469999999
690429.5010000002
690491.6209999998
690530.8355
690573.4504999998
690597.4730000002
690622.5904999999
690707.2694999999
690813.5180000002
690844.6345000002
690980.7829999998
691010.3544999999
691038.3034999999
691045.1680000001
691051.1490000002
691056.0800000001
691059.7944999998
691062.2069999999
691063.2315000002
691062.8650000002
691061.0490000001
691032.5269999998
691029.6974999998
691029.4389999998
691031.716
691036.4934999999
691043.5469999998
691052.6784999999
691063.5
691075.6255000001
691156.6354999999
691190.895
691226.1795000001
691255.2620000001
691259.6505
691261.4219999998
691263.5419999999
691268.3530000001
691295.4785000002
691413.3050000002
691495.4035
691537.6094999998
691611.1664999998
691639.5274999999
691654.4959999998
691681.2705000001
691709.0874999999
691733.7480000001
691802.1715000002
691802.6345000002
691825.7965000002
691870.1809999999
691882.23
691910.5515000001
691966.4670000002
691978.0389999999
691990.5674999999
692003.7264999999
692017.2714999998
692030.8760000002
692044.1845
692056.9500000002
692068.8714999999
692196.227
692216.0285
692237.3374999999
692259.605
692282.3654999998
692305.0720000002
692327.2064999999
692348.2799999998
692351.9035
692362.9364999998
692367.75
692401.5120000001
692432.8454999998
692467.2355
692503.1065000002
692538.8785000001
692650.8700000001
692644.5260000001
692634.656
692632.3884999999
692629.4169999999
692635.4964999999
692630.2664999999
692634.8539999998
692635.6855000001
692642.04
692650.1565
692650.9345
692656.5460000001
692667.9029999999
692669.6715000002
692668.8514999999
692674.2895
692686.7050000001
692685.4904999998
692686.7694999999
692680.9024999999
692664.9885
692662.6664999998
692669.7659999998
692680.0225
692672.2744999998
692666.0989999999
692665.909
692662.9224999999
692659.3654999998
692666.0929999999
692659.0134999999
692655.5285
692651.6584999999
692650.4700000002
692642.8445000001
692638.8450000002
692640.3865
692659.3050000002
692666.5665000002
692682.8985000001
692689.3344999999
692690.0699999998
692691.8684999999
692698.4100000001
692701.787
692704.906
692716.9194999998
692750.0425
692789.7434999999
692821.9375
692877.6779999998
692916.3650000002
692970.0120000001
693007.8820000002
693051.6575000002
693079.1335
693114.341
693148.3990000002
693169.5074999998
693234.2960000001
693290.7664999999
693391.9564999999
693519.2494999999
693546.2039999999
693569.1864999998
693624.7204999998
693688.3705000002
693749.9635000001
693789.497
693808.145
693830.4649999999
693844.0005000001
693852.1830000002
693890.0970000001
693936.2030000002
693952.4394999999
693992.7015
694032.8805
694072.355
694107.7864999999
694150.9155000001
694176.969
694221.5614999998
694265.7344999998
694309.929
694352.673
694396.321
694427.4959999998
694436.1905
694479.409
694524.0965
694569.2579999999
694614.182
694659.1035000002
694703.1439999999
694791.4950000001
694835.4674999998
694919.4794999999
695004.4635000001
695048.321
695088.952
695152.5929999999
695186.2689999999
695229.2505000001
695275.0699999998
695308.1154999998
695324.1225
695329.8025000002
695358.2969999998
695377.7779999999
695397.4295000001
695401.7209999999
695403.213
695391.4654999999
695396.1885000002
695399.588
695407.8484999998
695427.0630000001
695471.787
695505.7859999998
695518.7645
695509.2659999998
695504.4840000002
695507.5150000001
695510.2215
695508.7200000002
695507.443
695518.9479999999
695537.7714999998
695553.6815
695569.2725
695575.6329999999
695594.2710000002
695584.6115000001
695585.9235
695572.8059999999
695548.2080000001
695557.9569999999
695564.6090000002
695579.4010000001
695602.9504999998
695616.1660000002
695652.0635000002
695680.6349999998
695710.3004999999
695726.6320000002
695733.7340000002
695742.4759999998
695743.3594999998
695743.713
695750.1515000002
695700.6724999999
695692.1154999998
695678.2085000002
695665.0800000001
695611.5550000002
695604.4555000002
695593.9644999998
695591.9254999999
695588.0225
695585.5545000001
695582.8259999999
695579.1055000001
695574.9569999999
695569.8794999998
695563.7955
695556.969
695551.4525000001
695546.1984999999
695537.3835
695531.8139999998
695524.9509999999
695511.0865000002
695500.1954999999
695496.656
695486.6775000002
695478.662
695470.7990000001
695443.4084999999
695433.8275000001
695390.2519999999
695378.031
695372.7815
695360.9745
695350.0384999998
695337.8620000002
695333.4005
695322.2045
695324.4369999999
695323.8730000001
695314.3399999999
695304.8369999998
695297.6275
695273.5145
695259.1074999999
695250.1614999999
695220.2039999999
695216.0775000001
695201.9700000002
695197.4075000002
695174.8620000002
695165.5405000001
695152.8245000001
695147.3994999998
695137.6579999998
695136.0639999998
695136.1664999998
695123.2324999999
695105.5285
695101.6834999998
695086.6830000002
695082.4065
695067.3870000001
695049.193
695026.4679999999
694971.898
694964.8925000001
694952.8525
694946.2790000001
694938.4029999999
694929.5355000002
694925.585
694923.315
694914.0589999999
694902.1315000001
694857.2505000001
694844.7940000002
694827.2719999999
694809.5920000002
694798.5995
694786.4644999998
694775.7620000001
694766.2425000002
694754.815
694742.1545000002
694723.6775000002
694709.4279999998
694694.3029999998
694688.9199999999
694675.6694999998
694666.7315000002
694653.6935
694650.6754999999
694645.4035
694609.9419999998
694601.4874999998
694592.2914999998
694587.375
694582.7085000002
694562.3909999998
694547.3925000001
694533.9674999998
694523.4679999999
694519.0210000002
694516.0025
694509.0869999998
694505.8530000001
694496.5070000002
694490.0959999999
694486.3840000001
694483.7379999999
694482.8670000001
694483.4575
694488.0929999999
694493.764
694506.611
694510.1395
694514.5085
694523.4109999998
694541.577
694550.5035000001
694565.6094999998
694566.943
694566.2459999998
694566.4874999998
694568.3939999999
694571.9709999999
694583.5005000001
694623.7075
694640.395
694650.639
694657.3065
694666.4010000001
694678.4715
694721.2785
694731.8325
694740.7275
694747.8305000002
694747.8254999998
694747.1115000001
694739.335
694731.1239999998
694721.4495000001
694715.0959999999
694714.8295
694708.2930000001
694706.2349999999
694696.0469999998
694677.6540000001
694658.5430000001
694656.5395
694653.7115000002
694652.5644999999
694653.5619999999
694654.9665000001
694657.2629999998
694662.0669999998
694675.1660000002
694677.7494999999
694690.6664999998
694721.1170000001
694720.7609999999
694723.3994999998
694724.9049999998
694724.1085000001
694721.1375000002
694721.7855000002
694722.7344999998
694735.1940000001
694744.3960000002
694744.469
694740.9495000001
694734.1345000002
694732.7080000001
694724.0690000001
694709.2245
694700.8059999999
694697.4739999999
694689.1235000002
694678.9589999998
694664.6995000001
694662.5469999998
694656.9780000001
694653.8659999999
694643.6294999998
694630.452
694625.8590000002
694615.7525
694615.9780000001
694613.5610000002
694615.8624999998
694615.111
694593.7450000001
694583.733
694586.7064999999
694584.9885
694583.8155
694574.23
694564.1519999998
694564.5359999998
694563.452
694565.906
694569.4835000001
694572.0150000001
694579.9265000001
694579.8484999998
694576.1460000002
694566.6809999999
694558.2629999998
694550.2875000001
694539.3990000002
694535.9394999999
694525.0155000002
694510.7225000001
694508.412
694508.4929999998
694510.3714999999
694520.8914999999
694520.7275
694521.537
694524.4525000001
694532.2370000002
694546.2149999999
694553.5584999998
694560.8569999998
694555.9079999998
694555.8459999999
694549.1795000001
694545.9980000001
694536.4685
694522.7825000002
694514.5235000001
694510.7505000001
694510.8739999998
694511.9759999998
694514.7075
694524.8245000001
694528.8824999998
694542.8475000001
694563.8144999999
694568.8314999999
694568.7595000002
694565.8620000002
694564.8624999998
694576.219
694586.2815
694591.9509999999
694601.9380000001
694619.0644999999
694622.6715000002
694629.9445000002
694634.2570000002
694637.3960000002
694638.5295000002
694636.4534999998
694633.3095
694627.861
694611.9575
694603.4389999998
694602.0079999999
694601.7714999998
694597.0255
694590.8629999999
694573.7170000002
694557.6359999999
694546.0219999999
694533.6000000001
694523.7850000001
694509.8585000001
694493.662
694490.5775000001
694484.8300000001
694485.0745000001
694487.1335
694496.7774999999
694503.5595
694513.7585
694526.6490000002
694527.9175
694532.0545000001
694532.608
694530.196
694530.1014999999
694527.307
694519.2195000001
694513.3470000001
694510.5320000001
694511.7390000001
694516.3840000001
694518.6085000001
694519.5800000001
694522.2185
694524.065
694525.3799999999
694534.8650000002
694540.6094999998
694543.5809999998
694544.1370000001
694542.7570000002
694539.088
694536.2585
694524.8325
694514.5485
694493.855
694491.4224999999
694481.5959999999
694474.0869999998
694461.6779999998
694459.335
694455.8065
694449.327
694433.1940000001
694432.7820000001
694434.8794999998
694439.6000000001
694442.844
694449.2220000001
694452.2009999999
694453.6795000001
694453.4980000001
694451.2740000002
694449.1735
694443.9895000001
694438.9199999999
694421.5754999998
694418.8544999999
694412.685
694413.304
694414.9219999998
694416.1830000002
694412.4890000001
694400.6135
694395.2230000002
694389.4665000001
694378.7489999998
694377.9559999998
694371.8859999999
694367.9569999999
694365.8119999999
694370.915
694385.8125
694387.5380000002
694383.094
694378.4405
694362.4095000001
694358.3385000001
694357.1825000001
694358.3404999999
694359.8879999998
694363.0924999998
694377.0485
694383.0995
694382.2305000001
694377.6699999999
694376.1230000001
694365.8234999999
694363.1379999998
694360.5345000001
694362.9100000001
694366.8840000001
694370.2634999999
694369.7884999998
694371.5469999998
694369.5025
694365.4559999998
694358.3879999998
694353.5954999998
694345.2845000001
694338.5419999999
694328.8254999998
694316.963
694313.8015000001
694304.2604999999
694301.9265000001
694306.1740000001
694315.7039999999
694322.6409999998
694326.696
694329.0285
694326.6140000001
694302.3470000001
694290.3130000001
694275.6510000001
694273.1005000002
694259.9605
694250.9975
694243.6379999998
694237.895
694233.6905
694227.6395
694220.8390000002
694208.1830000002
694204.5630000001
694195.9929999998
694190.1625000001
694183.8250000002
694175.3355
694168.5444999998
694167.2255000002
694155.0780000002
694150.5134999999
694145.2880000002
694138.6065000002
694124.8840000001
694118.6409999998
694112.8119999999
694104.6244999999
694101.8204999999
694098.111
694095.8195000002
694081.1039999998
694071.6154999998
694061.1830000002
694054.1400000001
694036.8509999998
694005.8500000001
693989.8374999999
693988.8895
693988.21
693992.935
693995.088
693998.4715
693999.7059999998
693997.9075000002
694005.7675000001
694010.5315
694011.3695
694009.602
694007.4539999999
693998.8594999998
693982.895
693974.0890000002
693966.3605
693960.3620000002
693951.3785000001
693950.6175000002
693952.6069999998
693959.5194999999
693960.1269999999
693970.2434999999
693972.5775000001
693974.7519999999
693984.6825000001
693986.3785000001
693992.2960000001
693997.1839999999
694004.1179999998
694006.0150000001
694022.0255
694024.2795000002
694022.503
694013.9495000001
694002.9010000001
693991.4035
693990.9125000001
693986.1880000001
693980.7085000002
693976.8050000002
693972.5970000001
693966.6830000002
693940.3840000001
693939.648
693931.3325
693926.2335000001
693916.7925
693913.9794999999
693922.6145000001
693923.841
693923.4555000002
693919.0274999999
693915.0320000001
693907.8879999998
693903.2480000001
693899.6724999999
693898.8620000002
693890.1699999999
693888.0065000001
693888.1579999998
693882.5485
693881.4005
693871.0395
693873.7464999999
693887.0290000001
693892.3875000002
693894.2239999999
693894.2124999999
693894.1584999999
693885.6005000002
693873.6974999998
693872.9164999998
693869.6510000001
693869.4100000001
693867.8845000002
693859.9534999998
693859.8990000002
693856.7995000002
693848.6779999998
693844.1740000001
693819.4925000002
693814.5950000002
693806.7025000001
693800.713
693796.2574999998
693795.3385000001
693793.5814999999
693791.5345000001
693796.3319999999
693801.2305000001
693806.0734999999
693805.5235000001
693802.4679999999
693797.1609999998
693795.5715000001
693788.5090000001
693786.4155000001
693783.6825000001
693776.3399999999
693773.6285000001
693772.202
693769.6710000001
693764.3500000001
693756.534
693754.8835
693761.2450000001
693761.8835
693761.0839999998
693758.1235000002
693754.6320000002
693749.7140000002
693746.301
693739.2415
693732.8110000002
693728.2634999999
693727.216
693727.0240000002
693711.5260000001
693706.1230000001
693702.7455000002
693704.3599999999
693704.1275
693701.4885
693687.6825000001
693684.9670000002
693678.4605
693677.1864999998
693668.2675000001
693662.4594999999
693658.5150000001
693649.1775000002
693643.3679999998
693640.446
693638.8344999999
693632.9139999999
693630.983
693629.9909999999
693633.1749999998
693634.7379999999
693634.787
693630.949
693612.781
693610.2310000001
693609.5184999998
693606.3319999999
693605.6065000002
693602.369
693597.9019999998
693594.7804999999
693592.7719999999
693590.5554999998
693590.7489999998
693591.9909999999
693593.8404999999
693602.3875000002
693603.0844999999
693601.2955
693602.9019999998
693603.5210000002
693613.1340000001
693614.2570000002
693614.6800000002
693615.5260000001
693614.4180000001
693613.4994999999
693608.3390000002
693598.5545000001
693593.6179999998
693586.6625000001
693584.3900000001
693586.2379999999
693587.8224999998
693587.5465000002
693582.1485000001
693579.4569999999
693573.8805
693567.1529999999
693559.0315
693555.9245000002
693552.7000000002
693545.6324999998
693537.6605000002
693524.5065000001
693510.1235000002
693507.5095000002
693501.5954999998
693500.5175000001
693497.69
693497.0425
693497.5425
693499.8429999999
693500.7335000001
693515.463
693521.2525
693523.5554999998
693524.7395000001
693533.2239999999
693535.0559999999
693531.4029999999
693529.1940000001
693515.7565000001
693514.2694999999
693512.9199999999
693509.0605000001
693503.23
693499.1214999999
693491.2165000001
693487.108
693483.4709999999
693484.1885000002
693489.4270000001
693490.8004999999
693502.0079999999
693505.3870000001
693513.5025
693514.2785
693518.0469999998
693520.9040000001
693524.6400000001
693528.3849999998
693532.0079999999
693534.8555000001
693540.2799999998
693544.1069999998
693546.585
693550.1400000001
693558.9955000002
693560.5704999999
693565.0945000001
693571.554
693571.8599999999
693575.0775000001
693575.6260000002
693571.1039999998
693562.6464999998
693551.1225
693544.3234999999
693537.4709999999
693536.477
693536.378
693536.8574999999
693541.648
693543.7895
693556.0515000001
693558.5635000002
693566.9685
693571.7445
693572.7579999999
693576.3764999998
693576.6880000001
693575.3084999998
693571.6885000002
693557.185
693555.3119999999
693553.1175000002
693553.4035
693554.5469999998
693561.463
693563.3879999998
693562.5345000001
693562.4375
693569.9265000001
693570.6910000001
693568.3110000002
693565.9649999999
693558.4095000001
693556.1299999999
693557.1839999999
693565.4079999998
693568.9079999998
693576.7659999998
693582.756
693586.4275000002
693588.9805000001
693593.8665
693599.1345000002
693601.591
693600.0800000001
693595.963
693586.7220000001
693577.685
693569.5550000002
693566.2264999999
693556.869
693553.1264999998
693547.0269999998
693541.2645
693539.7230000002
693530.6090000002
693524.7510000002
693522.3234999999
693522.7069999999
693526.0460000001
693532.8095
693534.52
693539.5295000002
693543.5315
693547.6719999998
693547.6159999999
693550.8875000002
693556.4145
693558.1205000002
693558.8054999998
693554.2859999998
693554.057
693554.594
693555.065
693552.5534999999
693546.2744999998
693545.4385000002
693552.4224999999
693561.0019999999
693567.398
693575.1469999999
693577.4695000001
693581.1225
693582.6485000001
693582.1320000002
693582.8309999998
693583.119
693584.1409999998
693587.6905
693588.7445
693586.7634999999
693585.588
693574.9024999999
693569.648
693563.0835000002
693557.1414999999
693555.2450000001
693556.372
693538.3939999999
693438.0605000001
693334.9764999999
693225.858
693161.7549999999
693096.8709999998
693039.4619999998
692984.565
692928.895
692898.5495000002
692862.9985000002
692756.5734999999
692725.9065
692676.6570000001
692676.5499999998
692676.4435
692694.1074999999
692700.6529999999
692705.9764999999
692725.7834999999
692744.2034999998
692738.4640000002
692680.9734999998
692627.8075000001
692555.5554999998
692514.1945000002
692451.2004999998
692386.477
692374.0189999999
692230.7055000002
692168.4235
691952.1839999999
691915.0559999999
691904.8785000001
691900.2570000002
691887.8365000002
691773.3199999998
691615.3854999999
691578.7590000001
691373.3360000001
691310.5019999999
691257.9545
691116.9484999999
691049.0334999999
691022.3820000002
691000.9635000001
690999.46
690991.5605000001
690827.426
690803.1269999999
690799.5109999999
690743.6005000002
690739.6834999998
690738.7519999999
690736.1494999998
690688.1014999999
690665.7755
690643.2305000001
690603.6200000001
690594.1825000001
690470.0605000001
690448.185
690267.0995
690178.8535000002
690178.142
690141.7875000001
690023.9704999998
689916.5235000001
689065.5899999999
688832.247
688741.48
688439.909
688431.0364999999
688428.1244999999
688421.1030000001
688173.5194999999
688084.8775
688040.565
687992.1575000002
687927.3994999998
687884.4360000002
687834.4484999999
687807.9704999998
687789.6014999999
687754.0355000002
687705.9130000002
687696.8475000001
687664.9665000001
687613.5835000002
687602.8289999999
687565.8424999998
687521.2650000001
687516.946
687491.7195000001
687433.3854999999
687224.2599999998
687101.7094999999
687093.4139999999
687060.0249999999
687023.0095000002
686937.0329999998
686884.9964999999
686800.869
686753.3454999998
686721.2514999998
686703.656
686657.9364999998
686566.8335000002
686527.4725000001
686514.3250000002
686486.8404999999
