715078.1400000001
715045.5090000001
714975.1570000001
714964.2415
714934.6945000002
714914.2749999999
714860.9700000002
714844.0695000002
714830.6685000001
714821.9635000001
714653.6540000001
714553.2585
714399.3110000002
714371.3824999998
714359.1949999998
714336.9049999998
714310.0580000002
714259.077
714183.2634999999
714000.9345
714035.4175
714050.5104999999
714080.5565
714108.2379999999
714113.0520000001
714114.2655000002
714116.2804999999
714119.0180000002
714122.3160000001
714172.7455000002
714170.5565
714182.9079999998
714190.3475000001
714217.6669999999
714261.3309999998
714266.2045
714270.1800000002
714273.0159999998
714274.5805000002
714272.6630000002
714274.2555
714305.0595
714342.8165000002
714355.3289999999
714372.5359999998
714395.7385
714418.6055000001
714444.5474999999
714454.8374999999
714491.926
714511.8089999999
714557.7930000001
714581.5734999999
714587.3990000002
714592.5984999998
714597.0109999999
714611.1605000002
714614.8870000001
714619.2004999998
714624.0474999999
714629.3204999999
714675.1535
714785.574
714798.8300000001
714827.2710000002
714852.9929999998
714903.3295
714925.4759999998
714953.6485000001
714959.3845000002
714964.5844999999
714964.8420000002
715001.7880000002
715118.565
715120.1285000001
715122.2760000001
715124.8725
715127.8365000002
715130.9780000001
715134.2149999999
715137.3560000001
715140.2620000001
715190.7905000001
715217.9254999999
715243.7880000002
715300.0249999999
715346.8599999999
715371.5129999998
715395.04
715395.1395
715429.4819999998
715473.9890000001
715497.5155000002
715520.0789999999
715542.8459999999
715587.9975
715630.3105000001
715658.3854999999
715680.8015000001
715700.4709999999
715691.2030000002
715752.9240000001
715765.3505000002
715808.2179999999
715822.9405
715847.1175000002
715939.5159999998
715954.2949999999
715975.2725
716001.6614999999
716051.2570000002
716079.5575000001
716103.8535000002
716149.6044999999
716171.8130000001
716160.7680000002
716067.4550000001
716055.3605
715980.5265000002
715931.4959999998
715845.4649999999
715807.6660000002
715762.6549999998
715655.1340000001
715623.5865000002
715598.6414999999
715724.0044999998
715668.6469999999
715652.662
715553.6625000001
715532.8424999998
715534.4909999999
715522.4515
715504.2050000001
715478.8390000002
715515.4389999998
715549.8574999999
715574.7094999999
715579.2944999998
715568.8905000002
715646.2080000001
715626.1444999999
715679.2650000001
715733.0129999998
715781.8160000001
715800.0915000001
715812.7820000001
715816.1225
715816.1675
715812.9284999999
715806.4975
715841.1770000001
715887.6894999999
715896.2489999998
715903.4644999998
715909.0674999999
715912.9270000001
715914.6505
715910.5954999998
715917.6984999999
715922.7519999999
715926.9589999998
715926.7195000001
715930.4224999999
715940.727
715947.7799999998
715948.0214999998
715959.9125000001
715961.1469999999
715950.2400000002
715959.1264999998
715964.0674999999
715972.071
715983.7960000001
715987.4794999999
715988.5225
715986.8799999999
715982.6460000002
716049.6735
716030.1575000002
716130.6529999999
716167.3374999999
716273.6425000001
716297.8684999999
716317.0904999999
716352.6910000001
716419.1375000002
716469.4339999999
716475.4345
716480.4745
716484.176
716486.2725
716551.7344999998
716577.5465000002
716580.588
716583.2615
716585.4594999999
716587.0734999999
716588.0520000001
716588.3155
716587.8665
716586.0019999999
716585.9509999999
716586.5325000002
716587.7755
716589.5474999999
716591.7680000002
716594.2475
716596.8489999999
716630.736
716634.1340000001
716636.6995000001
716638.3799999999
716646.0240000002
716675.2459999998
716650.3785000001
716639.2135000001
716628.4169999999
716618.3445000001
716609.3475000001
716591.057
716532.5164999999
716513.2030000002
716496.1995000001
716468.1439999999
716450.7785
716419.497
716395.6680000001
716359.1699999999
716313.9445000002
716303.3640000001
716269.9084999999
716240.48
716200.5885000001
716130.804
716058.6664999998
716030.9764999999
715981.4180000001
715946.781
715902.5074999998
715895.3605
715887.8569999998
715880.2719999999
715872.8785000001
715836.5184999998
715819.8695
715808.5614999998
715798.5485
715786.5189999999
715745.1430000002
715727.9534999998
715683.8930000002
715674.1905
715638.3155
715612.9169999999
715589.1244999999
715560.4215000002
715529.4934999999
715514.6264999998
715499.6804999998
715479.8845000002
715453.5869999998
715432.0835000002
715314.9730000002
715310.0644999999
715309.6965000001
715301.4865000001
715263.0525000002
715247.4045000002
715243.0375000001
715221.4594999999
715200.4029999999
715194.6375000002
715188.0724999998
715180.9564999999
715173.5115
715151.753
715092.8495
715056.5419999999
715011.7385
715013.9024999999
715006.23
714988.3934999998
714982.4005
714975.7995000002
714968.1630000002
714961.2694999999
714940.6230000001
714913.605
714977.1320000002
714989.9224999999
714995.9465000001
714959.6749999998
714913.5595
714871.7285000002
714830.5899999999
714780.0830000001
714736.2015
714685.6915000002
713871.3599999999
713630.2714999998
713685.0959999999
713737.017
713744.1444999999
713752.7485000002
713762.6135
713773.4964999999
713816.6745000002
713863.8865
713896.318
713924.6645
713967.0674999999
714089.7004999998
714101.3034999999
714114.1554999999
714127.7675000001
714141.7294999999
714246.0545000001
714284.2570000002
714322.5765
714313.787
714311.6205000002
714309.9139999999
714308.7239999999
714308.0795
714307.9539999999
714308.3764999998
714309.3220000002
714310.7910000002
714323.145
714320.298
714325.0669999998
714329.6505
714322.7969999998
714284.0835000002
714271.0795
714263.0225
714247.9745
714227.4424999999
714212.7390000001
714203.111
714148.926
714100.4024999999
714060.0469999998
714047.682
714034.0435000001
714032.5899999999
714006.9330000002
713932.8544999999
713939.4325000001
713931.7785
713909.054
713890.6055000001
713848.0159999998
713844.7535000001
713841.3114999998
713837.8535000002
713834.5455
713831.5795
713829.1490000002
713827.3390000002
713826.2625000002
713812.6299999999
713809.9504999998
713806.0860000001
713803.8484999998
713786.9445000002
713771.7009999999
713738.969
713746.1775000002
713740.98
713723.9245000002
713685.4955000002
713611.2579999999
713618.432
713608.1515000002
713591.3714999999
713563.8849999998
713562.1919999998
713538.4474999998
713510.3059999999
713491.9035
713489.2425000002
713468.7349999999
713469.7335000001
713460.1150000002
713449.9994999999
713404.6124999998
713388.1430000002
713373.9709999999
713356.389
713291.2595000002
713216.5474999999
713107.1494999998
713088.2420000001
713019.9270000001
712949.7974999999
712938.25
712930.1379999998
712904.6905
712884.4130000002
712875.9819999998
712864.5595
712829.8925000001
712810.7340000002
712789.9079999998
712771.7574999998
712760.4145
712748.5915000001
712743.8760000002
712742.8394999998
712740.216
712734.4844999998
712710.7999999998
712677.4720000001
712651.0980000002
712634.5575000001
712599.5235000001
712572.398
712527.0605000001
712513.4010000001
712506.7004999998
712495.9389999998
712469.5474999999
712430.3259999999
712424.6195
712421.611
712421.3629999999
712423.9389999998
712417.8675000002
712415.5970000001
712414.69
712415.1784999999
712417.068
712423.2395000001
712420.6499999999
712421.7590000001
712426.6845
712417.3429999999
712419.9219999998
712400.2489999998
712380.5070000002
712355.6255000001
712342.1499999999
712338.2540000002
712321.1105
712298.7919999999
712270.2735000001
712260.9169999999
712251.588
712242.5605000001
712233.9994999999
712224.7884999998
712203.2799999998
712179.3280000002
712126.3835
712085.9550000001
712031.6724999999
712006.318
712002.5249999999
712033.642
712033.9375
711995.4745
712000.298
711923.611
711932.9024999999
711945.9539999999
711958.5210000002
711962.3820000002
711953.8454999998
711921.585
711902.0440000002
711874.091
711831.6749999998
711828.7400000002
711825.5410000002
711822.1609999998
711788.7544999998
711760.4835000001
711691.693
711591.5095000002
711512.1954999999
711453.6365
711379.4114999999
711282.3875000002
711278.1009999998
711258.6305
711243.6269999999
711233.8095
711231.1044999999
711226.5134999999
711211.9759999998
711198.2785
711187.4619999998
711182.676
711176.5780000002
711157.1379999998
711145.5095000002
711133.1099999999
711125.0605000001
711117.3730000001
711106.9389999998
711097.2489999998
711079.0214999998
711062.8300000001
711035.7969999998
711013.4575
710991.0440000002
710973.7315000002
710955.9330000002
710946.3185
710926.4449999998
710907.227
710900.5619999999
710890.0304999999
710877.6554999999
710867.0655
710857.8059999999
710842.1979999999
710834.7955
710827.9945
710803.4210000001
710783.1864999998
710767.1025
710755.9040000001
710712.909
710710.2864999999
710709.1875
710705.9915
710701.0104999999
710694.6085000001
710664.8799999999
710658.5304999999
710653.8254999998
710633.5
710625.9029999999
710581.2234999998
710568.4019999998
710561.8569999998
710558.6430000002
710730.21
710739.5869999998
710744.5104999999
710735.685
710928.023
711142.7225000001
711281.7064999999
711358.7080000001
711338.1595000001
711316.0085
711330.1120000002
711330.2799999998
711316.4679999999
711252.4134999998
711232.1625000001
711207.1030000001
711191.6099999999
711160.815
711136.9019999998
711166.6519999998
711173.8289999999
711173.4555000002
711167.7570000002
711142.4545
711131.0745000001
711115.6995000001
711106.5225
711111.5184999998
711118.5279999999
711131.1524999999
711183.7220000001
711234.7769999998
711299.5164999999
711364.2009999999
711431.145
711475.0929999999
711526.1074999999
711607.8399999999
711645.8525
711704.9265000001
711772.2680000002
711798.3824999998
711816.8665
711828.5550000002
711848.1715000002
711974.4079999998
712006.142
712060.3280000002
712066.7815
712077.3424999998
712107.2455000002
712169.6009999998
712208.446
712224.9739999999
712227.4989999998
712228.4465000001
712227.7535000001
712226.7884999998
712266.8960000002
712374.4945
712393.6940000001
712418.6974999998
712437.2935000001
712607.7960000001
712733.1775000002
712749.423
712771.5049999999
712819.5975000001
712844.1745000002
712879.074
712913.7625000002
712918.5
712924.3769999999
712931.2045
712938.7940000002
712977.852
713069.702
713101.9175
713109.27
713153.9615000002
713158.2555
713161.8495
713164.5550000002
713166.2395000001
713168.8544999999
713172.4950000001
713177.0019999999
713182.1035000002
713205.219
713227.781
713266.3125
713314.7799999998
713332.3705000002
713361.179
713374.6499999999
713470.9300000002
713587.6299999999
713601.3865
713625.932
713656.1924999999
713660.0214999998
713680.3640000001
713689.4130000002
713715.4670000002
713751.8840000001
713824.4445000002
713855.3849999998
713873.6630000002
713886.2615
713885.9330000002
713909.1860000002
713901.5405000001
713965.6469999999
713965.9985000002
713980.0915000001
713985.5109999999
713978.2124999999
714003.6535
714015.4315
714034.2590000001
714063.6235000002
714082.909
714085.7684999998
714097.7919999999
714117.0720000002
714125.2080000001
714150.7489999998
714169.3994999998
714181.8675000002
714236.0984999998
714252.264
714297.8525
714349.6475
714401.23
714440.9904999998
714467.8790000002
714468.9405
714492.8050000002
714547.1965000001
714567.6885000002
714592.4500000002
714624.0085
714662.0134999999
714690.3250000002
714710.6575000002
714710.4215000002
714719.0419999999
714720.952
714716.7234999998
714722.0
714734.5734999999
714735.7634999999
714746.1745000002
714751.7825000002
714752.8735000002
714746.9440000001
714736.125
714760.9589999998
714782.415
714770.5869999998
714801.0784999998
714785.2855000002
714792.3300000001
714787.8964999998
714792.2905000001
714755.8080000002
714780.2740000002
714781.506
714792.9205
714786.3650000002
714790.8220000002
714813.284
714820.3234999999
714837.4934999999
714836.2925
714821.9334999998
714827.6815
714847.2570000002
714856.7925
714848.5715000001
714854.6065000002
714878.9685
714886.9950000001
714896.2264999999
714911.3640000001
714920.7815
714950.6434999998
714965.9145
714985.0240000002
715002.389
715001.3539999998
715041.216
715029.6719999998
715050.8859999999
715075.5995
715066.8790000002
715076.1529999999
715101.2220000001
715084.1634999998
715084.6815
715085.8034999999
715087.531
715089.8390000002
715094.798
715100.8500000001
715129.7760000001
715144.983
715133.9909999999
715128.852
715126.0559999999
715136.034
715143.8555000001
715167.463
715215.4775
715225.98
715237.4190000002
715251.0750000002
715270.9575
715288.2135000001
715333.6889999998
715353.5189999999
715358.6775000002
715379.0674999999
715404.0444999998
715431.4624999999
715443.8799999999
715459.8514999999
715480.7475
715499.506
715507.46
715515.9215000002
715528.9525000001
715547.2385
715594.9720000001
715635.7590000001
715683.4530000002
715665.0595
715665.9644999998
715694.6499999999
715678.986
715701.9545
715646.5784999998
715627.6159999999
715601.6039999998
715629.7404999998
715704.9654999999
715834.5079999999
715875.9134999998
715898.6290000002
715921.7599999998
715933.3875000002
715984.3330000001
715999.6724999999
716018.2195000001
716033.5595
716043.9049999998
716040.6905
716031.1855000001
716006.2855000002
716021.5074999998
716042.8914999999
716015.4555000002
716079.7604999999
716091.6754999999
716111.5975000001
716137.798
716248.2455000002
716256.8454999998
716290.4844999998
716313.6235000002
716403.7645
716477.1864999998
716532.6014999999
716535.8280000002
716575.9964999999
716585.551
716608.3465
716632.9550000001
716656.5495000002
716668.0825
716710.0065000001
716732.3029999998
716686.7004999998
716670.4369999999
716590.3824999998
716550.6529999999
716541.8080000002
716542.6069999998
716530.2064999999
716471.1919999998
716444.6434999998
716401.4730000002
716378.3659999999
716277.3914999999
716200.1349999998
716168.0120000001
716052.6660000002
715991.2094999999
715927.6949999998
715905.2620000001
715877.3025000002
715856.4569999999
715797.1085000001
715732.494
715723.0469999998
715699.4564999999
715641.6740000001
715598.2069999999
715570.6200000001
715478.8050000002
715409.7059999998
715388.1905
715364.8999999999
715323.048
715302.5090000001
715290.3360000001
715274.7215
715269.8034999999
715247.3390000002
715198.5644999999
715176.4254999999
715128.605
715098.4240000001
715040.7335000001
715047.7450000001
715041.2115000002
715039.3199999998
715045.9739999999
715042.6945000002
715048.1570000001
715055.0575000001
715055.6830000002
715130.622
715178.2795000002
715251.693
715245.4870000002
715256.0425
715279.96
715280.6165
715266.6069999998
715282.1074999999
715295.8355
715282.4849999999
715293.122
715316.3220000002
715316.861
715348.1974999998
715380.5894999998
715405.7540000002
715444.2220000001
715463.7544999998
715509.2740000002
715553.4989999998
715593.1425000001
715634.0134999999
715701.0255
715741.1345000002
715759.111
715789.8165000002
715805.0425
715827.4709999999
715875.1625000001
715919.2374999998
715966.1775000002
715990.1839999999
716043.1275
716105.7905000001
716144.1910000001
716185.2050000001
716232.5044999998
716287.0534999999
716333.2315000002
716312.5819999999
716286.8385000001
716299.7659999998
716287.3620000002
716253.7185
716233.9065
716214.9010000001
716193.7790000001
716174.1444999999
716170.3125
716246.1124999998
716309.3330000001
716308.378
716300.861
716301.7310000001
716308.3034999999
716297.1200000001
716293.5235000001
716359.8089999999
716373.8095
716396.4945
716419.7905000001
716451.7165000001
716493.8365000002
716433.7255000002
716393.5090000001
716351.1634999998
716326.835
716297.8475000001
716276.4515
716212.7429999998
716193.9164999998
716179.6970000002
716176.4709999999
716168.3480000002
716165.6710000001
716149.4909999999
716140.3360000001
716123.409
716118.6209999998
716113.3059999999
716107.71
716102.0265000002
716076.4019999998
716037.3849999998
715987.4865000001
715842.9545
715832.7615
715832.196
715832.7239999999
715834.3204999999
715836.9624999999
715856.8424999998
715883.5350000001
715884.176
715884.27
715883.872
715876.2170000002
715875.9879999999
715887.6170000001
715900.2905000001
715906.8245000001
715922.4725000001
715927.4019999998
715933.6630000002
715958.852
715962.2590000001
715965.0014999998
715966.9725000001
715972.5580000002
715981.4509999999
716003.628
716011.2650000001
716014.3605
716013.764
716012.5614999998
716008.5145
716008.0630000001
716008.815
716010.7749999999
716023.2544999998
716021.1175000002
716024.696
716025.1395
716024.463
716024.0065000001
716026.0384999998
716030.4589999998
716045.6009999998
716048.2344999998
716051.0789999999
716057.4024999999
716056.5395
716056.6294999998
716057.4855
716059.0830000001
716061.3964999998
716088.0465000002
716112.7749999999
716127.105
716126.1340000001
716122.9585000002
716117.7209999999
716110.6214999999
716090.2710000002
716076.094
716072.5899999999
716071.2034999998
716071.8204999999
716073.9394999999
716073.6639999999
716071.3735000002
716058.0210000002
716054.9169999999
716054.4005
716057.7790000001
716056.7075
716053.9545
716041.0444999998
716038.571
716036.7725
716035.6524999999
716035.3224999998
716035.3110000002
716033.361
716033.6940000001
716034.6290000002
716037.0134999999
716040.5580000002
716053.0405000001
716056.3190000001
716060.0194999999
716064.0605000001
716068.2795000002
716076.2935000001
716083.8450000002
716090.6625000001
716096.6124999998
716107.1979999999
716124.1954999999
716048.4615000002
715969.2310000001
715988.3339999998
716020.074
716078.1505
716210.8824999998
716297.6340000001
716330.9885
716352.9870000002
716368.0164999999
716411.1919999998
716424.1294999998
716445.9194999998
716462.0474999999
716458.3314999999
716489.6154999998
716517.5274999999
716502.1359999999
716488.8355
716556.1800000002
716553.3059999999
716790.2815
716798.551
716800.7434999999
716802.1179999998
716804.4160000002
717028.6775000002
717266.4334999998
717275.0965
717292.503
717296.3059999999
717296.6499999999
717305.2864999999
717442.861
717573.7174999998
717751.4095000001
717856.3859999999
717858.2949999999
717865.3480000002
717873.8539999998
717885.0090000001
717893.2940000002
717897.1924999999
717898.8895
718038.1864999998
718198.9715
718204.031
718292.2340000002
718292.446
718421.6825000001
718470.6179999998
718518.014
718559.7204999998
718618.4785000002
718685.4615000002
718719.3785000001
718730.9049999998
718736.7884999998
718755.5825
718783.9334999998
718783.96
718796.3305000002
718911.1490000002
718911.5115
718975.9575
720572.9580000001
720976.9700000002
722255.8195000002
722273.1145000001
722517.5844999999
722590.6335
722744.6675
722813.2215
722832.8629999999
722899.7599999998
723058.3865
723145.7025000001
723146.8700000001
723147.5644999999
723182.6749999998
723192.9114999999
723201.0894999998
723235.1915000002
723237.7535000001
723263.264
723264.6575000002
723304.8659999999
723311.3029999998
723318.2694999999
723349.1614999999
723371.031
723379.5839999998
723386.7905000001
723400.3815000001
723404.1554999999
723409.6784999999
723421.0260000001
723433.2740000002
723434.3670000001
723438.6834999998
723446.5869999998
723447.9035
723448.6605000002
723478.2009999999
723503.0159999998
723524.3705000002
723550.3695
723562.6425000001
723574.0010000002
723593.7719999999
723603.0219999999
723625.1099999999
723642.3165000002
723649.557
723669.3234999999
723680.6699999999
723691.3725
723702.6634999998
723713.5584999998
723727.1179999998
723747.4989999998
723838.9240000001
723897.2719999999
723929.7154999999
724108.1715000002
724447.7124999999
724519.952
724526.2195000001
724629.7445
724755.4855
724993.844
725018.1669999999
725139.0605000001
725400.1235000002
725487.8330000001
725579.0965
725635.6675
725719.9585000002
725980.1710000001
725972.199
725963.8169999998
726000.7935000001
726042.4240000001
726160.182
726162.2940000002
726497.1809999999
726536.1690000002
726762.4185000001
727219.1214999999
727798.6694999998
728254.9169999999
728505.409
728621.6195
728725.1795000001
728903.8050000002
729322.2785
729683.1575000002
730684.9915
730812.3029999998
731324.1600000001
731391.4019999998
731392.9665000001
731468.9685
731679.6579999998
732361.7464999999
732663.6124999998
732813.2245
732849.4345
732812.4929999998
732814.9295000001
732814.0550000002
732813.3300000001
732813.9764999999
732814.443
732816.1340000001
732816.2735000001
732817.8665
732800.56
732802.8065
732805.4644999998
732835.0070000002
732826.1384999999
732825.6519999998
732825.1035000002
732824.9539999999
732825.0430000001
732828.5389999999
732832.4484999999
732833.7434999999
732834.3199999998
732836.0049999999
732840.9275000002
732843.0115
732847.9405
732847.949
732856.6595000001
732835.3875000002
732895.6834999998
732912.2960000001
732920.0129999998
732921.1384999999
732920.9024999999
732912.7795000002
732888.2684999998
732880.7459999998
732870.4564999999
732859.2749999999
732849.034
732828.7625000002
732821.9789999998
732811.3775
732799.534
732795.6510000001
732793.5444999998
732795.091
732798.4325000001
732803.7319999998
732810.7039999999
732825.3335000002
732835.2710000002
732843.1885000002
732848.2315000002
732851.1035000002
732851.1395
732849.435
732839.3509999998
732837.3080000002
732836.6660000002
732837.2110000001
732841.6584999999
732842.0010000002
732833.1195
732832.7620000001
732833.3955000001
732831.2464999999
732828.7209999999
732828.3004999999
732829.4594999999
732822.1535
732811.4624999999
732809.7910000002
732801.1740000001
732796.4695000001
732784.2790000001
732781.3325
732778.7140000002
732779.9895000001
732780.236
732779.9895000001
732778.8374999999
732777.0954999998
732764.9955000002
732750.7659999998
732738.7305000001
732731.7585
732704.341
732701.7525
732697.7740000002
732694.017
732690.5789999999
732689.341
732689.1765000001
732691.4725000001
732691.4509999999
732688.5545000001
732690.2009999999
732697.5950000002
732699.56
732699.406
732701.3195000002
732702.0
732700.7464999999
732694.6159999999
732681.7195000001
732673.1225
732671.1505
732660.1715000002
732659.6775000002
732659.6549999998
732662.9295000001
732662.3309999998
732664.3080000002
732667.8505000002
732672.3845000002
732672.6244999999
732673.2124999999
732678.2030000002
732677.8139999998
732670.7829999998
732667.8820000002
732667.1485000001
732670.0074999998
732669.4764999999
732686.1200000001
732702.6150000002
732712.4794999999
732719.7795000002
732723.6775000002
732742.1579999998
732748.1384999999
732751.3415000001
732767.1455000001
732767.1105
732781.784
732780.628
732798.3190000001
732803.5825
732813.9045000002
732825.6905
732839.8854999999
732859.6935
732870.5019999999
732885.449
732900.8355
732916.503
732923.9270000001
732949.9515
732963.7119999998
732993.7625000002
733029.0384999998
733059.8569999998
733035.2489999998
733003.3025000002
732993.6090000002
732985.5724999998
732970.1690000002
732963.27
732957.7485000002
732947.8985000001
732941.9054999999
732940.6475
732944.2574999998
732948.2919999999
732927.0085
732922.2000000002
732910.8454999998
732912.7285000002
732906.6409999998
732890.0625
732888.0099999998
732890.5334999999
732900.1690000002
732900.0635000002
732910.6830000002
732927.0265000002
732927.6749999998
732941.2949999999
732951.3615000001
732983.4700000002
732991.162
733056.2374999998
733062.5924999998
733062.9419999998
733065.0065000001
733064.0304999999
733057.0455
733070.8679999998
733069.4219999998
733056.6225
733097.6694999998
733138.0355000002
733158.5085
733160.5274999999
733162.2030000002
733163.395
733163.9635000001
733163.1575000002
733161.3284999998
733158.6885000002
733155.5874999999
733138.2905000001
733136.5809999998
733137.4989999998
733139.2174999998
733141.8045000001
733145.1745000002
733152.6244999999
733155.0074999998
733156.2774999999
733156.429
733155.156
733152.23
733147.8884999999
733142.3700000001
733120.602
733101.9315
733084.4035
733080.2875000001
733082.8794999998
733041.3744999999
732813.5164999999
732787.6035000002
732672.7570000002
732664.4495000001
732665.6565
732662.1735
732656.0410000002
732647.1395
732637.7710000002
732630.5809999998
732657.9065
732660.068
732661.6365
732662.5274999999
732662.7370000002
732662.2069999999
732660.9890000001
732640.2494999999
732637.7615
732637.0055
732637.9994999999
732638.2385
732637.4640000002
732635.7825000002
732633.1905
732612.4515
732603.6145000001
732604.8590000002
732605.6324999998
732601.8875000002
732580.1894999999
732569.7535000001
732550.3794999998
732524.5175000001
732501.315
732469.159
732465.0040000002
732461.4125000001
732458.5469999998
732456.5405000001
732455.5010000002
732430.9575
732427.176
732402.0814999999
732389.46
732365.2595000002
732315.565
732295.9345
732279.5734999999
732240.1885000002
732230.6129999999
732192.19
732170.2999999998
732152.6124999998
732101.3169999998
732094.9649999999
732092.7629999998
732063.8629999999
732037.7829999998
732008.4040000001
731962.29
731944.7740000002
731911.7845000001
731897.8574999999
731886.06
731865.4815000002
731806.8730000001
731768.7009999999
731703.682
731644.0150000001
731598.31
731584.73
731550.7110000001
731546.2080000001
731545.2555
731542.2940000002
731537.6444999999
731533.1800000002
731528.148
731523.8760000002
731520.2209999999
731516.781
731514.804
731513.7379999999
731512.3004999999
731509.2655000002
731504.5460000001
731498.5430000001
731481.9750000001
731471.7965000002
731465.0355000002
731454.6255000001
731442.1979999999
731428.2124999999
731413.1005000002
731387.7944999998
731352.8495
731324.5644999999
731270.946
731243.1519999998
731228.3730000001
731208.0789999999
731188.3155
731162.5924999998
731101.4835000001
731072.8739999998
731046.372
731017.4734999998
730990.0894999998
730955.7659999998
730928.4704999998
730895.8815000001
730861.6735
730820.4904999998
730768.0019999999
730752.5805000002
730715.8824999998
730692.4235
730635.781
730608.3204999999
730579.483
730543.3934999998
730488.3480000002
730462.2230000002
730433.7429999998
730403.7344999998
730373.4360000002
730348.8875000002
730325.4959999998
730291.3964999998
730247.6905
730183.0435000001
730148.4339999999
730128.1535
730107.3360000001
730090.9190000002
730038.1970000002
729994.506
729970.8224999998
729929.0345000001
729896.9075000002
729149.0630000001
729962.3599999999
730556.1329999999
730598.7940000002
730621.3190000001
730639.449
730680.3555000001
730763.2280000001
730808.0014999998
730860.2349999999
730877.2650000001
730953.5350000001
730984.8605
731034.9500000002
731050.236
731083.6779999998
731116.3190000001
731160.713
731167.895
731175.0805000002
731186.6639999999
731205.9235
731235.7785
731259.0295000002
731276.5469999998
731337.3744999999
731362.196
731379.0614999998
731382.9474999998
731386.7650000001
731390.4580000001
731393.9445000002
731420.2344999998
731443.7565000001
731477.2475
731575.548
731645.8829999999
731682.9810000001
731723.9084999999
731772.4635000001
731808.9525000001
731846.5814999999
731888.898
731910.6275
731958.318
731996.9815000002
732063.5435000001
732115.3879999998
732126.4180000001
732135.2755
732141.2335000001
732157.2324999999
732160.7925
732165.1855000001
732170.244
732175.8300000001
732190.4295000001
732237.8990000002
732247.5765
732258.7719999999
732339.855
732407.8114999998
732424.7004999998
732428.8695
732433.5189999999
732438.5134999999
732443.7170000002
732478.7105
732541.5295000002
732581.8465
732638.2815
732655.7310000001
732671.5225
732683.2344999998
732686.9720000001
732690.2555
732692.9500000002
732697.2234999998
732700.4955000002
732704.6069999998
732709.3684999999
732740.1605000002
732750.5455
732755.44
732759.8525
732763.648
732783.0070000002
732813.9534999998
732879.2420000001
732886.8854999999
732886.9815000002
732887.5715000001
732888.7124999999
732890.2965000002
732892.3530000001
732894.747
732929.6529999999
732942.9534999998
732971.409
732990.4700000002
732998.4219999998
733017.9569999999
733024.5565
733030.5595
733035.8325
733040.2400000002
733057.2069999999
733069.949
733087.5759999999
733091.0534999999
733094.9585000002
733117.463
733131.7045
733150.2239999999
733222.5729999999
733236.7985
733240.5765
733256.3234999999
733292.4445000002
733299.2919999999
733305.5935
733311.2135000001
733315.9095000001
733318.3365000002
733321.3755000001
733324.9734999998
733328.9950000001
733358.4794999999
733383.9029999999
733394.2579999999
733437.5150000001
733455.5010000002
733476.0010000002
733494.4375
733498.7289999998
733505.0485
733512.8404999999
733556.8330000001
733591.6485000001
733630.4580000001
733654.244
733687.5274999999
733703.0800000001
733721.1524999999
733773.2220000001
733807.4440000001
733859.8309999998
733862.4010000001
733864.4125000001
733865.7319999998
733867.7000000002
733870.0584999998
733872.7549999999
733898.8875000002
733917.7555
733991.0729999999
734073.6740000001
734104.7064999999
734131.0559999999
734202.5950000002
734219.6945000002
734231.9810000001
734244.4959999998
734268.0750000002
734275.0255
734276.9035
734279.6425000001
734283.1354999999
734337.4410000001
734373.5890000002
734446.892
734493.5520000001
734545.3254999998
734561.5345000001
734599.7259999998
734599.1815
734609.5720000002
734619.6529999999
734632.7629999998
734646.9569999999
734665.2535000001
734675.3845000002
734732.2115000002
734736.298
734739.6195
734740.8914999999
734742.4075000002
734765.4474999998
734773.0869999998
734782.7349999999
734793.8895
734805.9964999999
734825.1490000002
734827.1359999999
734831.892
734846.0320000001
734916.1269999999
734929.2335000001
734938.6565
734947.4835000001
734955.5210000002
734967.0690000001
734972.5194999999
735032.3895
735086.2080000001
735094.5290000001
735102.7055000002
735110.4929999998
735122.5405000001
735127.8615000001
735133.4190000002
735166.3054999998
735181.1195
735193.9334999998
735200.7675000001
735208.3799999999
735216.2815
735224.0619999999
735258.1579999998
735296.1414999999
735307.4380000001
735318.8594999998
735391.0525000002
735438.8025000002
735459.9095000001
735469.6995000001
735477.3309999998
735483.5630000001
735490.415
735497.2255000002
735503.1724999999
735508.3705000002
735538.7204999998
735588.7144999998
735590.3174999999
735596.6255000001
735605.7264999999
735616.2335000001
735625.3289999999
735641.227
735693.4789999998
735705.6554999999
735716.0449999999
735724.1875
735731.8199999998
735757.2085000002
735779.6830000002
735790.2400000002
735807.5159999998
735838.139
735866.5954999998
735880.3905000002
735897.4185000001
735910.9615000002
735932.619
735942.6379999998
735952.662
735966.5465000002
735973.3525
735980.2615
735986.244
735999.4199999999
736006.7910000002
736020.8160000001
736025.5550000002
736027.5040000002
736028.7625000002
736029.8365000002
736031.4525000001
736031.6634999998
736030.8629999999
736025.8095
736038.909
736042.9805000001
736047.7289999998
736053.5320000001
736060.6094999998
736067.6675
736076.841
736083.7110000001
736088.5855
736116.1965000001
736127.1299999999
736132.4775
736138.5355000002
736142.9240000001
736153.1724999999
736156.8739999998
736171.7154999999
736189.6935
736202.2015
736211.111
736229.4005
736262.3574999999
736287.318
736326.4449999998
736355.0025
736372.7144999998
736410.4249999998
736450.3135000002
736463.7085000002
736510.1979999999
736538.3870000001
736548.8764999998
736565.6694999998
736579.6715000002
736586.372
736597.605
736617.8399999999
736630.3725
736637.9084999999
736643.1630000002
736647.5279999999
736651.969
736655.8790000002
736669.3670000001
736669.2995000002
736668.6919999998
736667.6625000001
736664.3394999998
736663.0605000001
736663.2889999999
736664.9010000001
736667.7400000002
736683.8369999998
736687.6455000001
736692.2039999999
736706.3739999998
736724.5005000001
736757.8514999999
736766.0580000002
736774.2400000002
736781.5625
736795.0414999998
736816.1800000002
736829.3470000001
736836.602
736852.7714999998
736856.5380000002
736859.8355
736862.119
736863.7455000002
736864.8020000001
736865.2855000002
736865.0959999999
736863.1115000001
736861.7719999999
736858.767
736857.73
736857.8760000002
736858.8480000002
736860.3514999999
736862.3975
736865.6150000002
736868.81
736879.7119999998
736889.3454999998
736909.4959999998
736923.5104999999
736930.8684999999
736937.4070000001
736940.9715
736945.7144999998
736949.7225000001
736965.2459999998
736969.2930000001
736957.4725000001
736984.1974999998
737029.69
737092.6765000001
737091.9824999999
737103.3459999999
737111.2985
737123.3530000001
737127.5299999998
737130.247
737131.4764999999
737132.5575000001
737134.5704999999
737140.9049999998
737150.3229999999
737153.685
737157.3675000002
737160.4484999999
737166.2714999998
737170.4619999998
737172.3815000001
737172.6885000002
737168.7590000001
737166.1069999998
737155.6570000001
737145.2400000002
737136.8530000001
737135.1475
737133.9895000001
737132.5545000001
737132.7485000002
737133.4900000002
737138.8909999998
737148.5874999999
737148.713
737146.5874999999
737144.2220000001
737142.6239999998
737138.4470000002
737136.8435
737135.6025
737135.46
737136.3999999999
737139.0929999999
737148.8790000002
737153.2154999999
737153.3424999998
737152.1565
737149.3824999998
737158.7965000002
737165.1935
737168.1740000001
737171.6124999998
737178.7459999998
737190.6860000002
737192.9185000001
737194.4160000002
737195.3229999999
737195.1060000001
737194.5460000001
737193.3454999998
737190.1655000001
737209.227
737211.9435
737213.8424999998
737215.7949999999
737217.1815
737218.5989999999
737219.9465000001
737222.6290000002
737231.6335
737232.0780000002
737231.5545000001
737231.696
737232.4224999999
737233.7480000001
737249.0414999998
737261.1609999998
737269.5364999999
737273.324
737279.4920000001
737288.304
737294.4785000002
737298.6924999999
737307.3565000002
737312.0874999999
737315.8675000002
737321.7220000001
737328.6869999999
737343.165
737345.4904999998
737347.1055000001
737349.2080000001
737351.9610000001
737354.9410000001
737359.3284999998
737364.3404999999
737374.327
737386.736
737392.4955000002
737398.5765
737405.4559999998
737413.1910000001
737420.2215
737427.7790000001
737433.4484999999
737440.216
737448.6510000001
737454.2404999998
737462.827
737469.2105
737473.0090000001
737480.6305
737484.6099999999
737489.6690000002
737496.372
737502.2149999999
737509.2349999999
737528.0635000002
737543.7055000002
737550.5844999999
737558.2714999998
737564.9685
737571.1675
737589.3325
737600.0244999998
737613.1000000001
737618.4515
737649.7615
737735.4019999998
737739.4435
737741.6839999999
737726.429
737727.5249999999
737757.6085000001
737580.9315
737533.5
737492.2220000001
737482.6545000002
737462.3475000001
737456.372
737438.4840000002
737436.6044999999
737424.1690000002
737432.531
737417.949
737455.0899999999
737454.2264999999
737466.3514999999
737469.0345000001
737461.818
737464.9509999999
737459.9545
737478.25
737502.3470000001
737518.9789999998
737527.2650000001
737527.2294999999
737497.2719999999
737488.4704999998
737484.7259999998
737486.031
737465.6184999999
737446.5079999999
737434.2714999998
737428.003
737427.5355000002
737429.2259999998
737421.9700000002
737409.3659999999
737360.6359999999
737344.9915
737315.5844999999
737326.2230000002
737334.8369999998
737338.2820000001
737342.2880000002
737360.4279999998
737381.4745
737403.3114999998
737452.125
737534.537
737545.8859999999
737548.5584999998
737548.1740000001
737537.0984999998
737536.8450000002
737542.8645000001
737563.0440000002
737573.889
737572.3435
737518.4755000002
737521.3390000002
737454.7009999999
737452.1540000001
737447.71
737375.8284999998
737372.3305000002
737368.2340000002
737340.1260000002
737333.2629999998
737322.1490000002
737318.4445000002
737327.0515000001
737306.6090000002
737303.8325
737303.6444999999
737294.1285000001
737290.0575000001
737291.9309999999
737303.1285000001
737335.5145
737340.3760000002
737343.6614999999
737389.2574999998
737401.9275000002
737426.7955
737438.7370000002
737440.7995000002
737471.534
737482.9715
737543.094
737547.744
737561.6460000002
737561.3165000002
737558.2995000002
737542.0095000002
737480.3144999999
737463.6005000002
737363.7239999999
737141.3265
736922.1464999998
736887.9810000001
736863.2259999998
736858.1605000002
736852.5970000001
736859.4635000001
736866.7165000001
736880.9500000002
736874.5839999998
736889.0019999999
736891.3374999999
736882.3560000001
736869.7105
736869.645
736871.594
736882.9109999998
736905.5809999998
736910.5304999999
736908.9904999998
736904.7225000001
736872.4879999999
736858.0584999998
736850.6919999998
736853.6754999999
736876.9389999998
736962.6340000001
736964.8215000001
736977.5784999998
737003.0099999998
737004.5874999999
737027.8475000001
737038.3185
737050.8969999999
737060.4759999998
737128.6179999998
737095.0035000001
737092.8454999998
737095.835
737098.9095000001
737087.2505000001
737082.9635000001
737171.2725
737189.8204999999
737216.3865
737247.9084999999
737323.1179999998
737356.6809999999
737375.9950000001
737416.3799999999
737547.8854999999
737616.7664999999
737740.0125000002
737756.0019999999
737762.8994999998
737829.7165000001
737878.4219999998
737908.4275000002
737942.1235000002
737947.3470000001
737958.2239999999
737976.443
737975.9874999998
737993.3480000002
737997.9805000001
738031.6625000001
738035.2714999998
738042.3900000001
738033.0285
738035.4624999999
738034.3599999999
738043.3845000002
738029.9865000001
738046.0155000002
738046.2689999999
738031.8459999999
738045.46
738049.0334999999
738074.6044999999
738085.4054999999
738088.2395000001
738086.6305
738119.5410000002
738130.5844999999
738130.5384999998
738138.452
738103.0419999999
738074.29
738034.4619999998
738019.5155000002
737989.2050000001
737980.4725000001
737966.6694999998
738008.2694999999
738065.27
738072.4075000002
738069.8275000001
738062.4980000001
738060.7349999999
737952.815
737923.6065000002
737905.9454999999
737892.7969999998
737888.2765000002
737878.9325000001
737885.2880000002
737885.2875000001
737882.9865000001
737874.085
737778.6970000002
737710.1885000002
737604.5844999999
737581.7940000002
737565.389
737554.5965
737540.7785
737528.1919999998
737497.9815000002
737474.3985000001
737433.5904999999
737422.2025000001
737373.2914999998
737369.0954999998
737362.8015000001
737347.0805000002
737335.4925000002
737319.6979999999
737311.8059999999
737302.1924999999
737296.4849999999
737278.6834999998
737276.2519999999
737275.892
737261.9849999999
737244.1055000001
737236.3859999999
737226.5945000001
737205.5800000001
737180.7990000001
737139.5885000001
737090.3840000001
737057.69
737016.9909999999
736988.9024999999
736960.105
736929.503
736920.6940000001
736903.7075
736860.0899999999
736813.5865000002
736805.7974999999
736777.0079999999
736742.2009999999
736712.0830000001
736649.5819999999
736632.8015000001
736624.0885000001
736592.0809999998
736583.8914999999
736571.6919999998
736542.1830000002
736527.9835000001
736506.6979999999
736490.406
736466.5894999998
736451.4840000002
736429.906
736408.602
736358.6970000002
736351.8059999999
736323.4849999999
736286.9950000001
736256.4879999999
736214.1830000002
736211.2485000002
736205.8854999999
736208.6809999999
736207.685
736203.8059999999
736193.4835000001
736162.2995000002
736128.6005000002
736127.7370000002
736124.7969999998
736115.3054999998
736112.3835
736105.4994999999
736099.5055
736092.2785
736091.0159999998
736083.2884999998
736070.9895000001
736065.605
736069.9909999999
736051.9959999998
736036.304
735999.4879999999
735958.0014999998
735924.8854999999
735905.8835
735892.6919999998
735883.8960000002
735873.7149999999
735857.1915000002
735846.9775
735829.5819999999
735806.2965000002
735758.3799999999
735725.6800000002
735691.9835000001
735684.5860000001
735684.7769999998
735677.6809999999
735668.5860000001
735667.3875000002
735656.2880000002
735643.0920000002
735627.5715000001
735613.7755
735604.574
735584.9920000001
735589.8835
735584.2845000001
735547.1005000002
735508.2845000001
735490.1855000001
735461.2999999998
735458.6804999998
735448.4739999999
735443.5499999998
735425.1800000002
735417.8709999998
735412.5975000001
735399.0655
735383.9745
735336.9759999998
735340.1979999999
735349.2884999998
735329.0389999999
735311.1809999999
735303.5795
735303.983
735296.4844999998
735268.9915
735235.0869999998
735215.6519999998
735074.1809999999
735038.1425000001
735036.5025
735026.3960000002
735004.5865000002
734926.9019999998
734911.298
734911.0285
734892.7025000001
734845.9824999999
734771.1444999999
734751.9484999999
734733.0120000001
734719.2689999999
734700.7505000001
734698.1535
734685.7004999998
734657.656
734651.7940000002
734645.4545
734643.1945000002
734641.5099999998
734624.736
734614.6485000001
734591.1949999998
734582.5325000002
734559.29
734521.9474999998
734457.3590000002
734442.3530000001
734425.52
734408.3585000001
734400.5920000002
734370.0545000001
734359.6439999999
734341.1795000001
734325.6425000001
734302.8385000001
734297.7949999999
734291.3289999999
734260.852
734254.1395
734244.3215000001
734227.5924999998
734222.685
734207.2914999998
734154.2089999998
734131.9185000001
734114.0299999998
734095.8859999999
734089.378
734088.0109999999
733999.4824999999
733967.202
733921.7030000002
733894.1614999999
733876.3325
733857.7390000001
733843.2094999999
733812.8360000001
733802.9575
733785.8110000002
733760.4100000001
733742.5419999999
733722.815
733675.2510000002
733638.6055000001
733606.9695000001
733604.5975000001
733602.1715000002
733585.44
733564.0219999999
733545.9134999998
733514.0860000001
733495.5
733486.5715000001
733457.872
733447.7795000002
733424.352
733400.8495
733397.1855000001
733389.9530000002
733386.1324999998
733386.1315000001
733383.3475000001
733379.0695000002
733364.6375000002
733210.8875000002
733198.5189999999
733098.5520000001
732970.5104999999
732907.1724999999
732883.341
732536.4819999998
731868.6340000001
731299.3654999998
731204.8500000001
731137.3530000001
731023.8840000001
730993.4270000001
730965.9654999999
730949.6519999998
730928.0584999998
730913.5095000002
730885.4315
730849.5534999999
730826.2790000001
730802.6919999998
730757.213
730696.1645
730671.4959999998
730975.0575000001
730963.9355000001
730958.5559999999
730934.892
730920.6205000002
730913.0924999998
730889.2985
730866.2400000002
730858.1809999999
730851.9874999998
730833.5825
730820.5364999999
730814.2755
730799.7895
730792.5699999998
730772.5210000002
730743.3820000002
730729.5924999998
730703.4245000002
730682.8560000001
730661.7204999998
730655.3679999998
730633.5699999998
730628.0
730607.2845000001
730601.6575000002
730586.8254999998
730554.6085000001
730547.3930000002
730529.8234999999
730523.7914999998
730503.014
730495.4445000002
730473.4405
730453.6765000001
730447.8220000002
730424.5150000001
730382.2850000001
730375.7540000002
730369.273
730350.8539999998
730343.5989999999
730324.8360000001
730318.4010000001
730311.0984999998
730303.3569999998
730299.7585
730287.9900000002
730284.3259999999
730279.9720000001
730275.1154999998
730272.2434999999
730267.31
730251.173
730244.3705000002
730226.798
730220.0134999999
730211.0784999998
730204.6175000002
730199.6345000002
730196.0980000002
730182.2215
730170.091
730164.2220000001
730152.1795000001
730127.148
730120.9360000002
730114.5184999998
730112.8275000001
730104.8029999998
730102.4955000002
730094.0210000002
730076.4904999998
730055.1214999999
730049.8190000001
730048.0855
730047.1129999999
730046.6984999999
730046.8744999999
730046.0965
730047.1935
730048.75
730052.426
730056.8135000002
730059.6735
730053.7880000002
730049.8905000002
730041.1949999998
730036.4095000001
730032.8790000002
730037.9870000002
730040.2820000001
730041.696
730042.1924999999
730040.3054999998
730036.3670000001
730021.0244999998
730010.0950000002
730004.108
729975.4504999998
729971.4665000001
729964.73
729962.7475
729943.1685000001
729931.9900000002
729920.7659999998
729914.1845
729909.3105000001
729900.8909999998
729894.4024999999
729889.1894999999
729872.4084999999
729860.0295000002
729856.4054999999
729854.77
729852.4665000001
729849.3905000002
729840.5635000002
729838.4849999999
729837.9155000001
729838.6460000002
729842.3624999998
729845.3114999998
729847.4035
729851.0830000001
729848.6129999999
729846.6179999998
729840.2884999998
729837.1320000002
729829.6375000002
729821.0520000001
729815.4929999998
729799.247
729777.2185
729770.554
729763.0630000001
729760.9024999999
729758.9895000001
729758.432
729759.81
729761.9849999999
729762.7604999999
729766.7050000001
729770.0674999999
729772.6804999998
729773.6690000002
729775.02
729773.8195000002
729771.5565
729769.8569999998
729765.631
729713.0225
729661.6919999998
729635.986
729565.6745000002
729427.3755000001
729402.4805000001
729298.6949999998
729281.2574999998
729268.7719999999
729252.6800000002
729232.0704999999
729225.514
729210.8695
729204.0495000002
729180.2540000002
729164.3309999998
729150.7445
729145.7264999999
729139.0814999999
729133.98
729118.1979999999
729112.0495000002
729097.4010000001
729091.1370000001
729072.3829999999
729065.6105
729043.2289999998
729027.3450000002
729018.6000000001
729004.7725
728984.4235
728978.8939999999
728963.4334999998
728939.6294999998
728933.0440000002
728916.9615000002
728901.8330000001
728896.9095000001
728892.0145
728882.1475
728877.8514999999
728864.1469999999
728857.5219999999
728839.5194999999
728790.9215000002
728787.3525
728784.1209999998
728762.3859999999
728756.6845
728747.3445000001
728738.6384999999
728730.8815000001
728726.4100000001
728719.9704999998
728715.9035
728715.2459999998
728715.5235000001
728699.8054999998
728689.506
728682.6614999999
728677.0474999999
728672.9785000002
728668.0874999999
728648.3220000002
728633.4190000002
728623.6529999999
728619.7025000001
728625.7565000001
728625.3925000001
728608.2409999999
728602.4855
728581.7450000001
728565.1804999998
728549.412
728532.2450000001
728517.6074999999
728513.0970000001
728501.2255000002
728467.8424999998
728463.4415000002
728445.1455000001
728409.5830000001
728404.6524999999
728398.003
728391.8020000001
728376.9989999998
728358.0610000002
728350.9950000001
728333.3990000002
728317.7555
728311.679
728303.8445000001
728297.9500000002
728275.909
728255.1690000002
728243.8265
728234.3424999998
728226.48
728214.0210000002
728207.6524999999
728198.5575000001
728189.466
728181.9345
728174.6434999998
728165.3525
728146.4810000001
728137.7629999998
728121.4160000002
728116.9309999999
728091.3760000002
728085.3815000001
728080.5414999998
728059.193
728048.128
728041.5325000002
728012.6299999999
728007.5005000001
728004.27
728004.6570000001
728003.1984999999
728001.0980000002
727998.0929999999
727993.173
727979.2239999999
727973.0619999999
727951.5274999999
727930.6754999999
727923.0430000001
727904.4249999998
727877.0844999999
727864.9785000002
727839.3325
727825.0775000001
727785.9605
727766.358
727734.6919999998
727728.4345
727719.6299999999
727719.744
727721.2744999998
727704.6545000002
727690.5414999998
727683.4619999998
727676.3365000002
727675.0970000001
727675.7144999998
727675.2935000001
727675.6875
727673.6464999998
727666.1365
727662.8990000002
727660.699
727659.0244999998
727639.3229999999
727621.8994999998
727616.3879999998
727610.929
727565.4235
727564.4605
727413.7135000001
727066.9169999999
727030.7935000001
726986.2004999998
726954.4980000001
726756.7744999998
726412.5789999999
726381.8399999999
726377.7599999998
726372.9394999999
726366.5959999999
726360.6150000002
726356.6595000001
726339.2080000001
726333.8415000001
726321.9065
726315.355
726298.4315
726291.4155000001
726282.5010000002
726277.3859999999
726274.2829999998
726271.8799999999
726268.3465
726263.7075
726254.7510000002
726253.369
726248.3794999998
726246.8565000002
726243.7425000002
726241.6475
726237.0800000001
726230.4764999999
726229.3470000001
726226.8905000002
726225.7050000001
726224.327
726224.4385000002
726225.9780000001
726230.565
726234.4855
726236.514
726239.5655
726241.4824999999
726245.5734999999
726249.7595000002
726251.5375000001
726255.4870000002
726256.1614999999
726259.7319999998
726259.835
726267.0125000002
726239.6995000001
726233.872
726212.4040000001
726196.0660000001
726153.4915
726146.7675000001
726131.0285
726124.9644999998
726116.494
726102.128
726086.2645
726071.0469999998
726056.3879999998
726041.7585
726037.1475
726026.0935
726018.855
726000.6354999999
725993.0869999998
725983.1105
725962.6809999999
725955.5665000002
725934.1565
725912.7760000001
725879.6954999999
725872.6529999999
725863.5835000002
725846.105
725816.9695000001
725800.0055
725780.5550000002
725753.2944999998
725739.1400000001
725733.3994999998
725726.0490000001
725718.5299999998
725697.2365000001
725683.4575
725668.0729999999
725661.3114999998
725641.3565000002
725634.23
725621.0115
725613.8025000002
725597.8870000001
725591.7115000002
725586.1370000001
725577.46
725570.656
725547.9909999999
725535.108
725529.2255000002
725513.744
725507.2604999999
725488.7485000002
725481.7755
725476.6214999999
725467.8484999998
725448.9615000002
725434.7680000002
725430.2825000002
725424.6384999999
725412.2735000001
725406.56
725368.5449999999
725354.0304999999
725346.946
725332.5414999998
725325.0120000001
725311.1664999998
725304.0545000001
725291.915
725264.3505000002
725252.2089999998
725244.9309999999
725235.7525
725220.4534999998
725203.8705000002
725196.1595000001
725180.0655
725171.8065
725156.6639999999
725149.3835
725130.148
725116.7919999999
725108.8284999998
725096.1159999999
725087.372
725070.2144999998
725059.4019999998
725051.5104999999
725044.7055000002
725031.9934999999
725024.9945
725015.4130000002
725008.7220000001
725001.1085000001
724980.04
724965.7225000001
724960.5660000001
724947.6455000001
724940.6609999998
724922.7234999998
724911.381
724906.4780000001
724894.1845
724888.2349999999
724873.3565000002
724865.3654999998
724851.1305
724843.8670000001
724828.889
724823.943
724808.6315000001
724793.4185000001
724784.923
724779.3065
724773.0194999999
724764.7089999998
724749.7615
724742.804
724736.9215000002
724729.3624999998
724721.5525000002
724716.3555000001
724697.7170000002
724678.1984999999
724671.3650000002
724662.298
724656.4309999999
724648.7179999999
724637.7655000002
724631.5055
724613.8865
724608.2034999998
724594.6540000001
724588.7025000001
724570.8900000001
724563.5405000001
724546.1875
724538.5745000001
724524.5765
724519.2684999998
724512.199
724497.767
724482.7579999999
724477.588
724460.5674999999
724453.8624999998
724416.986
724410.736
724396.4665000001
724391.2395000001
724376.5660000001
724356.5669999998
724348.5610000002
724325.9764999999
724311.1065000002
724288.1715000002
724281.5734999999
724264.5904999999
724257.3220000002
724245.3250000002
724238.6154999998
724222.2889999999
724214.5745000001
724200.2289999998
724194.835
724180.9375
724174.3130000001
724157.5235000001
724151.9865000001
724137.0984999998
724130.8245000001
724123.1889999998
724119.3769999999
724111.5205000001
724102.477
724097.7075
724077.1549999998
724061.9435
724055.5795
724033.6124999998
724017.2374999998
723994.3815000001
723953.1625000001
723756.7834999999
723684.3875000002
723452.4585000002
723442.574
723389.69
723376.9440000001
723337.3305000002
723279.0315
723254.9750000001
723208.2069999999
723185.3670000001
723041.5269999998
722961.1705
722933.1664999998
722910.068
722854.1065000002
722787.6074999999
722726.9955000002
722663.074
722591.9275000002
722528.9114999999
722500.9389999998
722486.7960000001
722485.9070000001
722491.8574999999
722484.7450000001
722472.6485000001
722454.4890000001
722458.869
722443.551
722451.54
722435.0610000002
722433.7864999999
722480.6984999999
722504.3884999999
722517.4325000001
722561.6150000002
722562.1395
722589.077
722581.0855
722569.5449999999
722540.6995000001
722478.1645
722411.8259999999
722325.645
722182.5584999998
722143.7774999999
722111.747
722074.0945000001
722041.557
721953.7050000001
721932.912
721901.9160000002
721909.0695000002
721904.0010000002
721853.0120000001
721832.7349999999
721816.9194999998
721788.9079999998
721731.554
721720.4709999999
721680.9424999999
721682.3835
721673.3245000001
721674.8760000002
721698.818
721702.881
721706.6880000001
721714.1915000002
721709.4994999999
721716.537
721733.185
721711.6645
721536.2455000002
721505.8489999999
721402.3594999998
721369.9275000002
721356.1175000002
721210.5240000002
721070.4015000002
720975.6035000002
720771.3034999999
720673.1979999999
720495.3029999998
719850.5809999998
719078.1845
718923.4720000001
718856.1570000001
718797.301
718744.6120000002
718674.8365000002
718479.0734999999
718424.034
718355.4015000002
718244.5044999998
718214.6905
718170.2124999999
718126.4785000002
718078.3289999999
717976.3075000001
717930.7574999998
717894.5225
717835.8054999998
717778.017
717698.756
717668.7689999999
717625.2875000001
717585.8930000002
717550.4070000001
717496.2455000002
717440.5920000002
717404.7250000001
717344.0835000002
717296.0625
717196.1765000001
717163.0605000001
717068.6875
717009.1740000001
716972.7094999999
716923.1285000001
716816.7620000001
716799.5575000001
716720.6365
716645.3029999998
716574.872
716551.3569999998
716536.8305000002
716491.3645000001
716414.7905000001
716363.8289999999
716300.5180000002
716238.9325000001
716195.2744999998
715953.0499999998
715921.852
715892.6150000002
715864.841
715839.6055000001
715819.0775000001
715725.2620000001
715668.1025
715633.7910000002
715619.6699999999
715613.2319999998
715577.378
715542.4155000001
715512.0959999999
715481.48
715443.7015
715420.6710000001
715404.0605000001
715384.7144999998
715327.7340000002
715301.9585000002
715185.4449999998
715161.3470000001
715111.7859999998
715093.869
715035.9375
714976.2684999998
714948.4474999998
714933.1664999998
714836.5674999999
714796.4380000001
714780.1035000002
714740.426
714725.6384999999
714716.0325000002
714710.156
714707.4805000001
714650.0805000002
714637.9745
714622.4515
714570.318
714518.5765
714383.2110000001
714343.1554999999
714310.6945000002
714272.2740000002
714258.2004999998
714213.7910000002
714192.2245
714156.2725
714136.7820000001
714071.0444999998
714004.5665000002
713906.2149999999
713877.8185
713833.1830000002
713786.2485000002
713760.7050000001
713755.0085
713747.7089999998
713736.3254999998
713720.756
713705.1370000001
713690.6464999998
713668.9964999999
713627.3195000002
713595.4530000002
713553.7864999999
713531.0795
713501.5899999999
713363.2135000001
713315.8845000002
713233.1195
713194.2355
713150.2880000002
713109.5830000001
713085.4315
712939.6579999998
712959.9109999998
712960.5460000001
712954.5915000001
712941.4164999998
712920.2185
712882.6515000002
712823.2045
712781.2740000002
712766.2335000001
712725.9405
712715.574
712694.8215000001
712648.2505000001
712626.7760000001
712626.8259999999
712633.4449999998
712631.574
712574.247
712572.5904999999
712577.5839999998
712580.7710000002
712623.0835000002
712652.0660000001
712653.1979999999
712644.2455000002
712643.0835000002
712659.9975
712666.8590000002
712672.8994999998
712673.1664999998
712668.5525000002
712666.906
712672.3925000001
712687.7170000002
712700.7680000002
712716.6600000001
712732.034
712734.8900000001
712728.943
712714.9945
712706.0734999999
712692.0134999999
712687.4585000002
712684.7714999998
712664.1035000002
712662.2310000001
712668.0214999998
712658.3135000002
712656.1945000002
712628.6255000001
712610.6315000001
712639.0299999998
712650.1299999999
712652.3165000002
712649.4185000001
712641.7995000002
712622.8445000001
712617.298
712615.73
712619.2124999999
712633.8245000001
712652.2009999999
712660.5780000002
712665.6815
712665.7000000002
712600.8245000001
712550.4199999999
712492.8420000002
712421.4589999998
712394.7174999998
712378.3805
712366.8675000002
712345.7895
712315.4500000002
712283.8525
712279.7374999998
712211.2245
712174.466
712152.8020000001
712129.8785000001
712098.5759999999
712048.7650000001
712044.9125000001
712004.2135000001
711958.3785000001
711867.7694999999
711826.5545000001
711803.514
711721.3944999999
711610.5695000002
711556.4470000002
711528.7675000001
711526.7625000002
711540.1320000002
711551.727
711544.8955000001
711528.8994999998
711464.5189999999
711422.5715000001
711402.21
711342.5625
711297.0249999999
711140.1745000002
711098.756
711073.5610000002
710991.7710000002
710968.5625
710940.7990000001
710928.5495000002
710902.5695000002
710865.6395
710826.5189999999
710806.9649999999
710790.7370000002
710740.1894999999
710644.8955000001
710591.6055000001
710519.2944999998
710461.0970000001
710393.4019999998
710302.3045000001
710275.9134999998
710229.432
710181.037
710163.7200000002
710157.3259999999
710155.7489999998
710102.7455000002
710065.4300000002
710022.7420000001
709976.8994999998
709951.656
709913.6880000001
709902.2059999998
709900.9070000001
709835.2135000001
709776.6340000001
709762.5430000001
709686.3969999999
709657.3565000002
709707.537
709999.7689999999
710093.7829999998
709738.2434999999
709639.3865
709568.926
709526.602
709536.5455
709523.8025000002
709540.7875000001
709531.3169999998
709488.358
709465.9015000002
709486.9169999999
709494.9190000002
709468.9644999998
709462.9870000002
709433.0219999999
709424.5315
709409.0554999998
709343.5965
709273.6519999998
709325.6970000002
709384.8335000002
709445.7634999999
709479.361
709504.4479999999
709556.4985000002
709579.4755000002
709622.2340000002
709705.4284999999
709765.4550000001
709817.9355000001
709864.9835000001
709906.344
710000.6025
710051.196
710122.3135000002
710182.054
710237.5839999998
710278.6634999998
710306.3319999999
710328.3250000002
710405.8615000001
710501.8275000001
710537.264
710550.27
710538.906
710603.875
710685.5040000002
710773.6505
710797.1494999998
710839.3739999998
710927.7089999998
710969.4874999998
711025.0115
711121.446
711125.8484999998
711166.8709999998
711174.0685
711207.8250000002
711222.1795000001
711249.2510000002
711383.8220000002
711381.3445000001
711398.4005
711396.3615000001
711439.0734999999
711469.2595000002
711454.29
711489.0395
711489.7664999999
711552.9075000002
711597.1375000002
711649.8824999998
711660.5455
711721.0765
711807.1584999999
711860.1039999998
711893.5244999998
711992.9275000002
712008.4715
712060.3445000001
712108.2395000001
712133.7039999999
712147.628
712194.3590000002
712238.7544999998
712289.4249999998
712363.0444999998
712374.6275
712406.5269999998
712474.5414999998
712515.7039999999
712541.5954999998
712641.4649999999
712692.9295000001
712755.3790000002
712787.5890000002
712821.1579999998
712908.6294999998
712999.315
713022.548
713068.4734999998
713186.744
713212.8925000001
713251.0359999998
713455.1209999998
713519.2105
713565.7425000002
713614.9160000002
713647.1579999998
713696.5904999999
713731.2115000002
713772.8080000002
713823.1880000001
713856.3705000002
713898.3769999999
713964.0610000002
713987.5249999999
714014.835
714013.2370000002
714069.716
714110.6784999999
714133.3190000001
714151.8535000002
714225.4105000002
714276.0474999999
714292.9670000002
714336.4775
714366.6779999998
714394.432
714434.3034999999
714467.7969999998
714474.04
714507.1150000002
714539.96
714587.7344999998
714635.9755000002
714667.3454999998
714694.9539999999
714738.8939999999
714743.372
714786.827
714820.7565000001
714861.5580000002
714873.0380000002
714880.2645
714894.2335000001
714902.4640000002
714939.7069999999
714970.5800000001
715009.2535000001
715023.7075
715067.736
715102.1074999999
715140.8544999999
715242.906
715660.6894999999
715795.7144999998
715779.5055
715702.6889999998
715737.6830000002
715649.8785000001
715652.1005000002
715518.0954999998
715467.2765000002
715479.4670000002
715374.9855
715397.8670000001
715415.3645000001
715377.0984999998
715362.4405
715347.5109999999
715325.1974999998
715290.9224999999
715224.2825000002
715132.0240000002
715078.1400000001
