684643.4730000002
684511.6345000002
684414.1055000001
684354.5625
684351.1724999999
684310.2579999999
684255.4759999998
684210.2655000002
684162.764
684115.4065
684114.5935
684067.3805
684062.8895
684037.8450000002
684014.5109999999
683993.4334999998
683975.0780000002
683961.284
683778.5750000002
683740.1770000001
683712.1584999999
683695.3319999999
683690.2395000001
683690.9100000001
683671.2259999998
683620.3259999999
683596.7974999999
683533.0754999998
683493.0115
683390.3130000001
683243.9610000001
683112.3314999999
682994.56
682997.5809999998
683000.0145
683060.6025
683081.929
683096.6554999999
683105.4759999998
683113.3755000001
683121.0440000002
683126.0455
683131.8045000001
683135.4249999998
683136.9279999998
683146.7765000002
683155.2294999999
683174.7015
683178.8900000001
683181.8525
683185.3555000001
683187.7264999999
683196.5070000002
683204.0295000002
683210.952
683217.6244999999
683224.0320000001
683230.9624999999
683240.3135000002
683251.3224999998
683258.9045000002
683266.7055000002
683271.4550000001
683278.0830000001
683283.9755000002
683316.659
683321.5435000001
683340.1830000002
683350.9525000001
683383.5350000001
683367.943
683356.4585000002
683346.1299999999
683299.0189999999
683312.9909999999
683345.8629999999
683351.3909999998
683355.0079999999
683356.5844999999
683356.0189999999
683352.5554999998
683348.6494999998
683340.9824999999
683333.2620000001
683259.6069999998
683203.6090000002
683193.8895
683178.6680000001
683167.9205
683157.577
683147.4304999998
683137.8944999999
683129.1269999999
683121.8769999999
683107.8665
683089.8394999998
683071.7174999998
682976.3169999998
682917.4185000001
682906.5320000001
682876.3775
682847.369
682834.7069999999
682817.5890000002
682797.665
682751.2694999999
682737.0214999998
682623.463
682570.9185000001
682561.7089999998
682551.8739999998
682497.2740000002
682488.253
682489.3805
682483.2420000001
682478.0049999999
682486.0095000002
682491.3790000002
682567.5695000002
682633.2684999998
682635.2880000002
682620.3829999999
682623.8925000001
682626.0559999999
682632.2034999998
682646.9994999999
682657.7510000002
682665.946
682668.6815
682668.6069999998
682671.8139999998
682677.5894999998
682677.6379999998
682677.702
682718.2905000001
682737.8119999999
682813.5375000001
682852.3574999999
682872.2050000001
682851.6880000001
682837.2735000001
682820.3585000001
682803.0950000002
682775.52
682725.7464999999
682693.6880000001
682666.162
682652.236
682637.7110000001
682612.3265
682606.0410000002
682604.1014999999
682607.1630000002
682604.9844999998
682571.5485
682568.5129999998
682565.1124999998
682561.6179999998
682558.2185
682555.2404999998
682552.8480000002
682551.2069999999
682550.4550000001
682547.0325000002
682542.0465000002
682541.1795000001
682539.5299999998
682537.2089999998
682534.9849999999
682532.3045000001
682529.3865
682526.2590000001
682513.798
682502.6239999998
682492.264
682481.8344999999
682470.5290000001
682465.7340000002
682455.3879999998
682450.4564999999
682446.8760000002
682451.378
682453.6885000002
682456.9105000002
682457.9580000001
682371.0350000001
682404.8539999998
682409.5214999998
682414.2209999999
682417.9065
682428.6099999999
682464.8254999998
682527.0175000001
682546.2075
682559.4989999998
682564.9989999998
682585.0189999999
682628.077
682626.8369999998
682609.7655000002
682596.2400000002
682591.6184999999
682584.9164999998
682579.1505
682574.3155
682570.6825000001
682571.7895
682567.3305000002
682548.4870000002
682545.7089999998
682497.8369999998
682543.0129999998
682624.0844999999
682623.716
682633.0194999999
682634.2565000001
682708.0235000001
682759.747
682798.3204999999
682838.2485000002
682888.2255000002
682916.5554999998
682972.2705000001
683105.4840000002
683162.3229999999
683195.5214999998
683249.5240000002
683341.0225
683410.5559999999
683422.054
683485.7365000001
683577.5235000001
683625.7585
683662.4844999998
683727.4139999999
683807.5334999999
683840.3234999999
683874.9904999998
683917.5724999998
683977.6740000001
683984.6519999998
684001.7505000001
684014.3535000002
684022.1754999999
684029.0970000001
684029.3574999999
684021.091
684019.8955000001
684022.449
684026.3250000002
684032.2280000001
684039.5855
684056.2510000002
684081.3204999999
684091.4100000001
684112.3535000002
684119.1200000001
684132.5789999999
684140.7459999998
684183.6575000002
684217.6869999999
684250.733
684319.9334999998
684359.341
684401.7664999999
684473.4160000002
684563.9515
684633.9610000001
684687.1710000001
684835.3659999999
684907.1630000002
684992.6405000002
685069.5065000001
685171.5145
685200.5159999998
685250.0384999998
685363.8939999999
685456.5345000001
685605.432
685661.676
685803.8824999998
685916.8215000001
686025.3020000001
686025.3284999998
686035.2914999998
686062.0405000001
686062.1464999998
686087.6069999998
686119.4164999998
686121.4334999998
686155.9989999998
686156.0520000001
686160.2429999998
686228.6209999998
686278.3004999999
686344.9955000002
686417.8365000002
686514.9010000001
686599.0765
686676.7990000001
686676.7985
686682.7889999999
686678.8769999999
686673.6460000002
686673.0734999999
686709.1905
686719.1179999998
686719.1444999999
686732.1889999998
686747.199
686753.9005
686755.5074999998
686783.375
686866.429
687012.088
686981.0214999998
686976.3360000001
686972.2429999998
686916.5444999998
686913.5589999999
686911.3605
686910.1605000002
686909.5019999999
686909.3309999998
686909.6745000002
686910.5325000002
686911.9040000001
686913.7895
686916.1614999999
686920.6779999998
686926.8169999998
686960.5825
686964.8859999999
686965.4410000001
686968.2450000001
686970.5010000002
686971.946
686972.602
686971.9950000001
686969.5995
686965.4125000001
686959.514
686951.9019999998
686942.6285000001
686931.7459999998
686925.2940000002
686918.4315
686913.9205
686898.4070000001
686860.6124999998
686815.4210000001
686775.2930000001
686754.4495000001
686688.1305
686583.5180000002
686399.5669999998
686310.392
686115.7255000002
685948.3905000002
685919.1214999999
685773.4210000001
685677.7250000001
685669.9279999998
685643.9685
685641.5279999999
685647.9789999998
685684.4685
685719.0935
685754.4205
685757.6349999998
685863.9915
685883.1869999999
685886.4130000002
685884.0474999999
685879.9065
685878.1150000002
685871.4435
685862.6630000002
685858.9185000001
685842.6475
685823.1090000002
685800.8105000001
685792.1705
685776.4240000001
685750.5669999998
685714.463
685699.5724999998
685512.9415000002
685461.6749999998
685443.003
685378.5225
685322.2689999999
685276.6239999998
685247.1430000002
685181.0989999999
685130.4640000002
685105.9504999998
685083.5529999998
685072.9715
684979.8565000002
684957.1340000001
684888.0805000002
684842.494
684831.2094999999
684778.5490000001
684732.6614999999
684643.4730000002
682253.7579999999
682254.1609999998
682257.3700000001
682242.7930000001
682237.0255
682235.5184999998
682226.3705000002
682225.1699999999
682223.7089999998
682193.298
682184.5329999998
682158.2315000002
682155.19
682155.1630000002
682140.19
682136.8020000001
682136.8025000002
681993.1099999999
681928.1749999998
681749.7230000002
681478.7549999999
681401.2880000002
681290.4904999998
681171.6885000002
681113.9130000002
681083.0780000002
681039.5610000002
680937.4024999999
680792.9700000002
680758.7069999999
680749.0145
680742.2050000001
680722.2085000002
680683.1085000001
680635.4040000001
680600.395
680594.1809999999
680578.4169999999
680560.8454999998
680551.0639999998
680551.0639999998
680515.2069999999
680504.5070000002
680427.1625000001
680375.9824999999
680368.7914999998
680357.3369999998
680266.625
680184.4029999999
680095.9594999999
679986.3824999998
679887.2200000002
679802.7845000001
679772.2969999998
679746.2119999998
679721.0759999999
679714.7919999999
679727.227
679727.227
679727.2004999998
679729.9635000001
679763.8300000001
679727.5729999999
679686.6365
679653.9649999999
679638.9959999998
679590.9934999999
679575.4315
679543.361
679517.5534999999
679491.6919999998
679470.5460000001
679464.4810000001
679456.7379999999
679425.7105
679376.9075000002
679320.6090000002
679300.5005000001
679286.2895
679280.0830000001
679269.0729999999
679247.4904999998
679252.9994999999
679272.3960000002
679273.3139999998
679273.3155
679279.0869999998
679285.5809999998
679287.577
679288.6940000001
679287.0874999999
679303.4695000001
679280.0485
679302.2200000002
679331.841
679184.8999999999
679160.804
679130.2004999998
679074.4435
679044.8775
678973.4190000002
678975.7000000002
678976.0150000001
678989.1529999999
678976.2179999999
678967.105
678946.588
678909.2069999999
678886.4440000001
678853.6685000001
678833.2820000001
678806.5104999999
678712.8119999999
678697.7850000001
678640.5425
678640.4879999999
678640.4885
678578.79
678497.4035
678460.8884999999
678445.395
678436.0830000001
678430.139
678421.3095
678388.3105000001
678371.997
678358.1565
678352.4284999999
678380.4100000001
678380.4360000002
678380.4624999999
678392.8925000001
678403.2859999998
678410.7684999998
678410.7880000002
678410.7930000001
678383.6660000002
678375.7404999998
678337.1485000001
678337.094
678311.9049999998
678291.2634999999
678276.9819999998
678272.2834999999
678171.7119999998
678067.6894999999
677972.6880000001
677926.5619999999
677863.1995000001
677788.8605
677770.2895
677718.4994999999
677718.8465
677719.2659999998
677723.9715
677749.8185
677788.5265000002
677879.9739999999
677965.9649999999
678053.5495000002
678087.3739999998
678079.4180000001
678079.4180000001
678079.4185000001
678078.7710000002
678078.7445
678077.9665000001
678064.6940000001
678064.48
677968.7015
677885.7955
677864.0240000002
677860.8144999999
677860.7880000002
677772.0044999998
677701.5005000001
677617.588
677602.4550000001
677579.1414999999
677585.7135000001
677587.4649999999
677587.4654999999
677588.3705000002
677647.3960000002
677706.3735000002
677803.7025000001
677890.2940000002
677943.0515000001
678043.5240000002
678109.9199999999
678083.9045000002
678083.9045000002
678073.5899999999
678023.1209999998
677977.2344999998
677935.2960000001
677816.6905
677814.6384999999
677791.986
677776.1475
677776.148
677770.202
677769.6864999998
677715.8739999998
677670.5789999999
677573.9934999999
677529.0839999998
677506.0025
677451.4035
677393.1995000001
677365.8909999998
677348.6894999999
677285.3964999998
677239.4985000002
677219.8909999998
677199.9874999998
677193.1834999998
677145.6699999999
677132.784
677112.4980000001
677093.6855000001
677021.3934999998
677021.3930000002
677021.3369999998
677071.2055000002
677126.6379999998
677183.9224999999
677183.9739999999
677184.8089999999
677224.4929999998
677266.6085000001
677254.6974999998
677181.7064999999
677180.219
677177.1614999999
677161.5125000002
677147.4635000001
677144.3204999999
677057.2935000001
677031.6025
677027.179
677003.6869999999
676990.7455000002
676912.5885000001
676832.7025000001
676774.9865000001
676774.8794999998
676767.2015
676751.2064999999
676731.0520000001
676723.0044999998
676722.9775
676693.5874999999
676666.7755
676590.0935
676595.2990000001
676601.7544999998
676531.4870000002
676518.6455000001
676506.7985
676434.1065000002
676379.0759999999
676340.7245
676256.3835
676198.702
676140.994
676105.4644999998
676020.656
675903.9465000001
675880.0040000002
675615.003
675452.9915
675278.0074999998
675203.0005000001
675178.0025
675159.1869999999
675154.9909999999
675148.6370000001
675113.0104999999
674964.994
674918.0120000001
674863.0
674713.0019999999
674602.9955000002
674482.9994999999
674382.7949999999
674300.1910000001
674197.997
674094.9925000002
673978.006
673500.0035000001
673330.0
673202.9929999998
673172.5074999998
673131.1979999999
673058.7124999999
673033.4679999999
672942.4695000001
672834.2094999999
672808.7119999998
672795.0159999998
672742.4704999998
672669.4484999999
672619.4665000001
672624.5184999998
672632.7944999998
672643.2055000002
672645.8560000001
672653.4649999999
672688.2034999998
672809.4585000002
672829.963
672866.9720000001
672898.2025000001
672998.0125000002
673170.0010000002
673299.9915
673387.9934999999
673394.5625
673394.9904999998
673418.0085
673444.9945
673451.861
673460.0120000001
673503.0104999999
673520.0090000001
673542.9964999999
673559.2935000001
673560.0109999999
673644.9959999998
673733.0129999998
673733.0129999998
673741.1924999999
673744.2760000001
673745.9654999999
673608.04
673592.8764999998
673568.0844999999
673545.983
673489.9180000001
673440.1880000001
673352.6324999998
673327.9794999999
673277.0469999998
673226.0885000001
673142.7925
673109.0345000001
673070.2749999999
672953.0970000001
672872.2075
672748.8930000002
672660.0819999999
672660.0545000001
672650.787
672621.4789999998
672606.7829999998
672600.5835000002
672597.8590000002
672594.997
672560.8879999998
672528.2505000001
672528.2769999998
672514.5894999998
672534.2850000001
672584.5430000001
672648.3420000002
672708.4824999999
672768.9559999998
672775.2015
672867.6655000001
672969.622
673092.5265000002
673227.6030000001
673267.8934999998
673299.148
673303.5580000002
673303.6630000002
673352.7034999998
673399.2604999999
673403.2215
673420.5444999998
673420.571
673434.4610000001
673494.6940000001
673589.4300000002
673662.4640000002
673826.4945
673858.7480000001
673932.8475000001
673975.0194999999
674049.1150000002
674106.3799999999
674196.7905000001
674277.8080000002
674362.4029999999
674444.6749999998
674476.6795000001
674524.4045000002
674541.142
674570.4925000002
674583.1005000002
674630.1749999998
674681.7144999998
674742.3755000001
674778.926
674875.1179999998
674922.7795000002
674995.2599999998
675098.2884999998
675186.04
675206.9500000002
675206.977
675265.213
675282.3925000001
675256.435
675236.906
675197.2195000001
675168.1455000001
675168.1455000001
675151.5435000001
675161.3815000001
675173.7919999999
675255.173
675371.6664999998
675426.5980000002
675533.571
675606.6039999998
675703.4309999999
675779.9484999999
675838.6830000002
675908.2884999998
675956.5414999998
676047.5635000002
676101.8914999999
676166.4470000002
676254.9759999998
676258.46
676276.6379999998
676283.5
676234.7154999999
676201.3135000002
676201.3130000001
676218.6979999999
676227.5869999998
676235.0614999998
676223.0660000001
676323.4164999998
676403.0669999998
676402.0759999999
676407.4695000001
676388.1519999998
676349.4904999998
676333.1105
676275.5665000002
676207.4385000002
676146.6915000002
676094.2555
676069.2480000001
676069.2475
676069.1935
676066.2889999999
676009.5065000001
675972.2905000001
675948.506
675915.4054999999
675891.7905000001
675890.5440000002
675889.2710000002
675877.56
675855.4610000001
675846.6970000002
675868.889
675890.8875000002
675907.2599999998
675916.8105000001
676002.9270000001
676064.213
676199.7340000002
676264.3245000001
676278.8450000002
676278.8450000002
676293.4994999999
676285.3799999999
676284.5844999999
676283.7059999998
676279.5019999999
676276.0665000002
676270.3319999999
676260.1400000001
676251.9070000001
676277.7305000001
676282.8095
676302.9415000002
676309.6069999998
676309.659
676309.6855000001
676314.6124999998
676315.0874999999
676315.4564999999
676326.9295000001
676329.9989999998
676331.1535
676337.1595000001
676338.7664999999
676339.6035000002
676336.5945000001
676330.1055000001
676316.0954999998
676312.1724999999
676310.5639999998
676300.8599999999
676297.3050000002
676291.7960000001
676291.7960000001
676291.8305000002
676293.2785
676297.3665
676298.1055000001
676299.0894999998
676303.5765
676303.5765
676310.5005000001
676313.6065000002
676324.7404999998
676336.2165000001
676344.0355000002
676349.9654999999
676353.8480000002
676379.7135000001
676405.5065000001
676405.719
676406.7285000002
676416.1554999999
676442.1290000002
676484.665
676510.5070000002
676690.5899999999
676695.6724999999
676715.2030000002
676721.5655
676730.4245000002
676736.0894999998
676758.4360000002
676777.7664999999
676794.9394999999
676813.3305000002
676986.5405000001
677004.7645
677020.804
677037.2740000002
677052.7875000001
677065.1135
677076.6494999998
677088.3470000001
677092.889
677098.2755
677107.361
677115.577
677122.8969999999
677129.2944999998
677131.5414999998
677135.2075
677137.6345000002
677140.0619999999
677146.2779999999
677165.1715000002
677175.1085000001
677179.3489999999
677182.3445000001
677183.4109999998
677184.9465000001
677189.3199999998
677190.1384999999
677190.1379999998
677192.8250000002
677194.7599999998
677206.1115000001
677206.6800000002
677222.2694999999
677241.9364999998
677263.0665000002
677285.6839999999
677311.1554999999
677326.0780000002
677348.2710000002
677371.0874999999
677385.6565
677510.7990000001
677526.8760000002
677559.5860000001
677586.2154999999
677642.2200000002
677645.7075
677753.6260000002
677817.9015000002
677879.8484999998
677931.818
677986.094
678017.3969999999
678035.6609999998
678093.1175000002
678132.0655
678132.1455000001
678142.699
678174.2985
678183.06
678194.196
678195.3075000001
678195.307
678211.0465000002
678214.659
678226.8480000002
678247.3670000001
678271.5
678300.0499999998
678333.5440000002
678369.5109999999
678421.0644999999
678433.5655
678453.5920000002
678561.523
678735.9885
678767.4435
678773.6839999999
678832.6529999999
678885.7344999998
678973.7349999999
679041.0924999998
679115.1554999999
679136.7675000001
679176.1845
679215.2884999998
679298.6225
679347.9640000002
679350.7719999999
679422.429
679437.3615000001
679602.0414999998
679731.2884999998
679816.5125000002
679878.3605
679954.3985000001
680207.5260000001
680277.2609999999
680327.3679999998
680329.5715000001
680435.9835000001
680524.9325000001
680664.6660000002
680788.6519999998
680828.9649999999
680867.9445000002
680918.1354999999
681020.9835000001
681077.3875000002
681082.3695
681082.4219999998
681097.6145000001
681141.4580000001
681199.6154999998
681259.0219999999
681314.7820000001
681401.2535000001
681401.2799999998
681427.8845000002
681468.7620000001
681483.5865000002
681484.6945000002
681484.6945000002
681536.3169999998
681689.5
681758.0449999999
681857.2255000002
681861.2455000002
681861.3799999999
681921.5724999998
681921.6804999998
681984.8404999999
682010.7585
682010.7855000002
682049.6230000001
682099.9904999998
682220.7540000002
682401.7459999998
682578.0795
682648.0265000002
682825.7949999999
682964.9474999998
683074.3900000001
683216.4410000001
683322.9175
683431.4484999999
683507.5809999998
683651.6965000001
683765.5575000001
683836.7680000002
683913.4334999998
683971.1060000001
684042.9509999999
684094.9015000002
684160.6609999998
684189.3004999999
684234.6354999999
684292.7480000001
684301.2785
684281.591
684271.0090000001
684265.1540000001
684266.1494999998
684266.1494999998
684504.531
684527.8125
684626.2315000002
684703.0954999998
684767.7995000002
684821.6159999999
684952.6770000001
685094.182
685341.3870000001
685312.4109999998
685296.4619999998
685267.662
685264.0614999998
685259.6875
685248.6065000002
685234.4704999998
685231.5929999999
685223.7905000001
685183.0610000002
685157.4945
685118.0945000001
685114.5534999999
685123.7855000002
685128.5534999999
685133.9824999999
685138.7940000002
685145.247
685145.81
685150.9134999998
684938.7880000002
684817.969
684686.2475
684588.3429999999
684434.7050000001
684300.1949999998
684228.7455000002
684228.7174999998
684228.6910000001
684180.875
684180.8744999999
684174.5395
684179.6685000001
684186.6499999999
684193.9070000001
684198.0040000002
684200.71
684201.9640000002
684202.8110000002
684203.7034999998
684206.0959999999
684200.8934999998
684197.0970000001
684193.7935000001
684192.7015
684192.7015
684191.1055000001
684193.4015000002
684195.372
684199.9654999999
684202.8629999999
684203.1974999998
684198.5035000001
684198.503
684205.3714999999
684235.6919999998
684237.4730000002
684290.2115000002
684377.3220000002
684446.0805000002
684601.4419999998
684667.3394999998
684779.3730000001
684913.781
684985.2119999998
685027.341
685122.7475
685136.9925000002
685146.0315
685165.6285000001
685186.5920000002
685204.4679999999
685169.3994999998
685169.4024999999
685163.2055000002
685165.4145
685167.6230000001
685167.7574999998
685167.7579999999
685167.7579999999
685215.841
685256.6135
685376.5115
685503.5565
685593.9674999998
685832.8165000002
686005.3265
686087.8034999999
686183.8300000001
686274.4550000001
686395.7705000001
686477.5819999999
686775.318
686849.3114999998
686875.1970000002
687069.6170000001
687359.3075000001
687570.0699999998
687717.8599999999
687862.75
688052.2845000001
688059.7779999999
688204.5444999998
688291.0419999999
688406.4445000002
688426.4685
688403.7059999998
688390.5460000001
688361.0090000001
688360.4580000001
688360.4315
688358.5325000002
688433.2749999999
688529.6630000002
688678.2880000002
688614.6175000002
688572.7514999998
688570.807
688568.773
688567.1154999998
688564.7144999998
688542.9445000002
688498.21
688493.4900000002
688493.4900000002
688449.8960000002
688384.21
688327.8854999999
688305.7370000002
688276.5279999999
688249.6005000002
688249.5734999999
688249.5469999998
688212.7335000001
688200.1425000001
688182.0595
688167.852
688167.5589999999
688189.4679999999
688214.8799999999
688299.537
688335.94
688366.3300000001
688424.4610000001
688451.0929999999
688457.7379999999
688453.9764999999
688524.6889999998
688597.5290000001
688690.3760000002
688799.0260000001
688780.6625000001
688777.5134999999
688777.4885
688730.6584999999
688723.8130000001
688699.8939999999
688663.9589999998
688659.5194999999
688634.0945000001
688629.4309999999
688628.5869999998
688559.4934999999
688540.5125000002
688515.5180000002
688516.7000000002
688516.7110000001
688516.9594999999
688516.9594999999
688520.9789999998
688571.4615000002
688659.2804999999
688678.4550000001
688692.8365000002
688791.7259999998
688946.696
689020.5639999998
689085.6275
689153.4955000002
689200.7094999999
689284.7889999999
689453.3084999998
689521.6200000001
689574.0695000002
689612.7045
689620.2105
689789.4915
689847.1609999998
689885.7875000001
689985.8374999999
690109.9964999999
690156.449
690183.1055000001
690207.8755000001
690245.7485000002
690403.0550000002
690446.0765
690459.6225
690531.9835000001
690604.6329999999
690619.2370000002
690619.2365000001
690630.2960000001
690491.9024999999
690488.1444999999
690484.1375000002
690461.1195
690756.9959999998
690922.6609999998
691004.0205000001
691023.9759999998
690968.196
690951.0279999999
690916.693
690883.9874999998
690847.8760000002
690817.4240000001
690771.5465000002
690731.6735
690695.1055000001
690670.4394999999
690670.4389999998
690658.7905000001
690661.2779999999
690662.9624999999
690667.7250000001
690726.0814999999
690726.1069999998
690726.1060000001
690729.202
690745.9585000002
690761.8815000001
690792.9909999999
690792.4870000002
690786.2555
690777.7250000001
690769.3964999998
690728.994
690719.9975
690585.4495000001
690568.6099999999
690561.9130000002
690507.7025000001
690474.4100000001
690437.5129999998
690439.5950000002
690441.4530000002
690442.369
690445.77
690446.6614999999
690447.5070000002
690453.0819999999
690453.1074999999
690453.2264999999
690488.8629999999
690510.5699999998
690515.3020000001
690513.4130000002
690510.8944999999
690510.8934999998
690518.7974999999
690526.2000000002
690526.227
690535.034
690679.3525
690683.412
690687.7799999998
690688.0935
690677.6885000002
690677.7144999998
690677.2285000002
690692.9920000001
690728.8385000001
690822.6510000001
690905.9065
690953.2324999999
691005.5249999999
691084.014
691179.8385000001
691269.1264999998
691340.8374999999
691386.5040000002
691453.7604999999
691534.7525
691533.0235000001
691515.494
691513.3374999999
691513.338
691396.5874999999
691376.0945000001
691325.7059999998
691332.6460000002
691332.6464999998
691458.8034999999
691548.3089999999
691628.7165000001
691693.0775000001
691769.0814999999
691916.3454999998
691922.719
691949.1129999999
692002.0619999999
692037.3805
692094.4190000002
692142.5090000001
692232.6915000002
692282.5844999999
692360.202
692482.7165000001
692536.2944999998
692614.8284999998
692674.2009999999
692707.3799999999
692715.19
692746.5565
692784.361
692784.361
692791.9109999998
692797.693
692812.1869999999
692832.9265000001
692844.9054999999
692906.2149999999
692969.1984999999
692994.8245000001
693038.7710000002
693063.6669999999
693104.1225
693065.1315000001
693032.844
693142.0419999999
693209.3799999999
693186.9895000001
693165.3470000001
693177.3990000002
693235.9874999998
693286.1719999998
693284.4709999999
693254.1370000001
693258.8360000001
693283.8119999999
693301.3204999999
693362.1924999999
693440.5295000002
693529.8034999999
693577.6775000002
693641.3900000001
693696.324
693681.7684999998
693650.8125
693650.4915
693622.2620000001
693618.7034999998
693574.4224999999
693574.2094999999
693574.2094999999
693467.5079999999
693419.6889999998
693395.2995000002
693341.8234999999
693323.9985000002
693333.5789999999
693353.463
693353.4635000001
693371.5665000002
693395.9235
693395.9789999998
693410.0729999999
693410.0465000002
693500.1540000001
693512.085
693575.077
693585.1030000001
693629.9635000001
693643.9210000001
693643.9495000001
693644.0635000002
693644.2094999999
693661.8914999999
693657.6239999998
693656.2110000001
693659.0975000001
693660.9145
693660.9145
693677.3199999998
693674.1949999998
693691.5485
693691.5759999999
693691.6035000002
693708.7919999999
693707.0669999998
693701.199
693718.7025000001
693723.2744999998
693729.3339999998
693836.1984999999
693961.6784999999
694042.5079999999
694122.2305000001
694190.3339999998
694215.5795
694226.3925000001
694227.0019999999
694236.8870000001
694243.2799999998
694243.3325
694243.3590000002
694249.4929999998
694249.4920000001
694249.4915
694272.2940000002
694272.321
694273.5890000002
694336.2880000002
694368.7455000002
694379.7880000002
694405.8429999999
694405.8429999999
694405.8695
694410.7645
694437.9730000002
694453.6014999999
694459.781
694462.557
694462.557
694470.2985
694507.6800000002
694506.9720000001
694569.435
694626.1664999998
694681.4474999998
694690.5890000002
694736.2250000001
694819.023
694863.2034999998
694920.6885000002
694912.4205
695004.7119999998
695090.659
695282.5869999998
695316.8695
695452.0830000001
695554.9810000001
695618.0375000001
695819.4205
695968.9180000001
696048.4564999999
696170.7760000001
696235.122
696339.3654999998
696331.0474999999
696331.0745000001
696310.9865000001
696319.1639999999
696450.4114999999
696617.4114999999
696729.8640000001
696883.2790000001
696859.8775
696859.8775
696806.9010000001
696806.6099999999
696805.6600000001
696788.8535000002
696788.7744999998
696782.3794999998
696747.8404999999
696748.8224999998
696750.6230000001
696848.4539999999
696915.4474999998
696933.0965
696965.5869999998
697011.4440000001
697101.2264999999
697108.0924999998
697206.5584999998
697315.0304999999
697405.3585000001
697455.0669999998
697582.733
697595.827
697671.7455000002
697658.9580000001
697648.5095000002
697701.3535000002
697631.5950000002
697561.8394999998
697469.3900000001
697397.1970000002
697247.2895
697199.2409999999
697166.9569999999
697088.6894999999
696987.2599999998
696961.173
696923.0899999999
696860.9955000002
696746.216
696701.318
696658.9175
696648.5025
696593.5924999998
696370.2990000001
696302.8130000001
696222.844
696182.1145000001
696161.1140000001
696154.5079999999
696153.2264999999
696124.494
696107.5129999998
696107.5134999999
696046.1290000002
695892.3050000002
695795.648
695725.8045000001
695706.7340000002
695707.7919999999
695679.9734999998
695674.994
695674.9679999999
695654.895
695596.1179999998
695576.8204999999
695561.0975000001
695548.8990000002
695547.5440000002
695508.5690000001
695489.9615000002
695489.9619999998
695463.3114999998
695485.1494999998
695498.966
695512.6140000001
695602.7574999998
695666.577
695744.3539999998
695767.6565
695788.6290000002
695830.2940000002
695861.7045
695884.0325000002
695923.9585000002
695987.6754999999
696054.6175000002
696139.7069999999
696233.6864999998
696258.0115
696374.7319999998
696437.8295
696504.8280000002
696496.7110000001
696576.6809999999
696766.4410000001
696818.7434999999
696869.2429999998
696964.9885
697047.6485000001
697125.1205000002
697196.0750000002
697317.8204999999
697375.2409999999
697306.2910000002
697273.5244999998
697231.4345
697207.8930000002
697102.5320000001
697075.3105000001
697055.1150000002
697049.2795000002
697052.815
697024.6995000001
696996.2009999999
696977.202
696986.557
696998.3025000002
696983.7085000002
696980.6444999999
696964.2974999999
696869.0025
696812.5044999998
696809.6044999999
696809.5014999998
696782.6645
696760.19
696726.9890000001
696698.3394999998
696675.5225
696708.4745
696753.179
696796.6984999999
696595.7595000002
696399.8114999998
696351.3675000002
696212.719
696038.3735000002
695961.142
695958.8805
695897.571
695527.5534999999
695536.6475
695513.9465000001
695341.4249999998
695114.415
694982.7390000001
694773.9005
694521.1919999998
694462.8739999998
694032.9105000002
693884.7714999998
693936.7305000001
693937.2779999999
693639.3204999999
693451.9619999998
693245.1255000001
693155.6570000001
693180.4109999998
693257.6605000002
692993.926
692653.1124999998
692512.7990000001
692000.5219999999
692116.4345
692688.4029999999
692838.3445000001
692906.835
692740.7340000002
692743.9019999998
692732.5005000001
692703.7489999998
692650.8195000002
692619.7914999998
692415.784
692294.3084999998
692321.2225000001
692199.0474999999
691949.1165
691683.5890000002
691588.5
691593.6570000001
691691.5414999998
691686.662
691890.8514999999
692002.807
692005.977
691960.1239999998
691939.2680000002
691824.3020000001
691771.9959999998
691702.6979999999
691618.565
691541.7404999998
691439.3105000001
691401.8969999999
691373.3114999998
691356.0120000001
691309.2804999999
691296.054
691271.4219999998
691229.9900000002
691168.085
691133.9385000002
691117.3050000002
691091.915
691071.7225000001
691055.9885
691046.6804999998
691017.7714999998
690967.932
690916.5619999999
690804.2225000001
690756.1915000002
690740.1085000001
690635.7064999999
690628.9909999999
690612.1660000002
690603.2395000001
690576.0269999998
690551.341
690527.7659999998
690474.781
690471.8220000002
690466.4474999998
690431.6924999999
690389.7140000002
690347.1804999998
690312.5359999998
690299.9545
690282.1195
690261.9315
690258.0970000001
690244.7705000001
690204.4235
690189.1014999999
690171.8245000001
690138.5559999999
690101.8050000002
690039.3909999998
689973.7015
689863.0044999998
689843.7834999999
689783.6425000001
689725.52
689686.0315
689611.2115000002
689601.176
689493.7955
689459.878
689417.2650000001
689353.3990000002
689341.8139999998
689329.5809999998
689291.4240000001
689256.2004999998
689233.8659999999
689223.9755000002
689217.5630000001
689210.0899999999
689207.5984999998
689194.2324999999
689179.7675000001
689173.4610000001
689167.7050000001
689163.0860000001
689160.611
689143.165
689120.5435000001
689074.0359999998
689047.3065
689035.3884999999
689031.9114999999
689012.3480000002
689004.685
688996.7825000002
688994.2659999998
688999.9224999999
689001.3700000001
689014.3325
689016.2905000001
689024.6455000001
689045.9345
689052.2705000001
689087.2455000002
689087.878
689111.56
689140.7445
689145.0090000001
689158.2620000001
689160.0495000002
689166.5610000002
689175.9534999998
689181.9175
689191.4900000002
689201.2825000002
689209.358
689235.2740000002
689243.9109999998
689254.0040000002
689258.6464999998
689261.8994999998
689258.6894999999
689250.0950000002
689244.5345000001
689230.801
689219.9785000002
689197.5855
689188.7379999999
689149.085
689143.2655000002
689125.3050000002
689095.5924999998
689085.4130000002
689060.3470000001
689017.5249999999
689013.4734999998
688998.7415
688960.4755000002
688884.3999999999
688779.1269999999
688764.6094999998
688755.6464999998
688719.9394999999
688682.165
688644.1839999999
688638.9415000002
688607.73
688578.0389999999
688552.0789999999
688532.1370000001
688516.6809999999
688490.9109999998
688484.7459999998
688482.3215000001
688481.7004999998
688481.5534999999
688480.679
688478.5915000001
688475.321
688471.0044999998
688464.6639999999
688459.6740000001
688440.8450000002
688393.0695000002
688389.5244999998
688385.3679999998
688380.736
688375.7379999999
688331.3065
688327.2034999998
688322.9190000002
688319.4575
688299.9180000001
688291.074
688280.1584999999
688267.9095000001
688255.1409999998
688242.6645
688231.2884999998
688221.764
688214.7319999998
688192.9334999998
688173.7760000001
688083.6105
688024.0915000001
688005.9029999999
687991.2085000002
687987.4759999998
687973.7179999999
687960.8454999998
687945.4550000001
687944.8369999998
687852.8050000002
687853.145
687852.966
687851.2785
687848.0899999999
687833.1605000002
687829.4945
687827.1145000001
687827.1145000001
687800.77
687769.3465
687713.4389999998
687697.0580000002
687686.7425000002
687697.1255000001
687698.0814999999
687691.5715000001
687681.8714999999
687663.0125000002
687667.6915000002
687668.4495000001
687668.4759999998
687670.2379999999
687678.4759999998
687678.4755000002
687687.5665000002
687705.4515
687705.2429999998
687705.0945000001
687717.1135
687691.7925
687479.0899999999
687442.6005000002
687440.0044999998
687389.111
687345.1685000001
687323.1970000002
687309.5279999999
687268.4929999998
687245.1724999999
687229.04
687178.4545
687158.0255
687154.702
687120.8185
687067.3960000002
687067.0295000002
687057.1540000001
687007.4569999999
686954.1439999999
686944.8799999999
686918.7025000001
686909.963
686903.2925
686898.0095000002
686895.5044999998
686872.7450000001
686859.818
686859.7914999998
686823.1860000002
686776.2340000002
686757.7319999998
686757.7055000002
686754.0
686726.7385
686580.8705000002
686273.9900000002
685758.548
685754.1069999998
685645.7080000001
685600.071
685600.0440000002
685560.9035
685522.0795
685442.8300000001
685365.0984999998
685354.091
685270.4975
685230.9495000001
685199.065
685114.1834999998
685110.537
685101.0085
685101.0079999999
685100.9550000001
685071.8605
685049.0605000001
685048.0115
685041.9024999999
685038.0515000001
685038.0244999998
685037.9980000001
685026.5685
685016.2004999998
684968.5610000002
684950.182
684936.8785000001
684936.8514999999
684918.6060000001
684908.5455
684908.5189999999
684891.179
684859.7179999999
684768.131
684745.7039999999
684723.3050000002
684723.3045000001
684723.2774999999
684689.693
684584.7820000001
684527.0575000001
684481.4594999999
684499.1639999999
684409.9010000001
684365.807
684350.9915
684324.8435
684286.4355000001
684240.2204999998
684199.4010000001
684180.5405000001
684163.9169999999
684092.5965
683986.3160000001
683986.2889999999
683980.0355000002
683923.8615000001
683883.5304999999
683801.0010000002
683661.1384999999
683640.9160000002
683579.9405
683549.8135000002
683444.6885000002
683301.4024999999
683301.3755000001
683301.3484999998
683276.0389999999
683254.6009999998
683242.2179999999
683234.7834999999
683183.6515000002
683179.2409999999
683179.2144999998
683179.1875
682995.4959999998
682897.2434999999
682799.1425000001
682722.6974999998
682721.2765000002
682719.1935
682717.3544999999
682710.7629999998
682710.7165000001
682707.7999999998
682690.0055
682643.0504999999
682644.4815000002
682669.0109999999
682665.5610000002
682688.0789999999
682714.4559999998
682730.3034999999
682769.2365000001
682799.9479999999
682801.9640000002
682848.2089999998
682842.0754999998
682864.6694999998
682862.5695000002
682829.2195000001
682819.5554999998
682819.5285
682813.3025000002
682802.8769999999
682802.8220000002
682754.4920000001
682636.9909999999
682601.7255000002
682585.8220000002
682483.3259999999
682481.287
682463.3799999999
682411.4855
682319.2004999998
682261.8875000002
682265.3125
682265.3119999999
682269.0754999998
682269.1025
682269.5874999999
682292.4934999999
682285.4640000002
682237.2069999999
682192.5965
682164.6475
682085.7089999998
682045.7785
681985.9095000001
681938.5869999998
681898.6154999998
681821.4585000002
681752.0995
681756.5145
681779.8914999999
681807.2075
681836.6239999998
681918.1795000001
681989.4704999998
681981.2590000001
681981.2864999999
681944.7944999998
681915.7075
681915.767
681915.7415
681924.9139999999
682002.8355
682058.1405000002
682119.6965000001
682115.5529999998
682135.0164999999
682224.4635000001
682260.2234999998
682257.1005000002
682282.2774999999
682340.2165000001
682346.4180000001
682332.4805000001
682332.3199999998
682328.4945
682295.0014999998
682277.7200000002
682273.7215
682270.2949999999
682256.304
682254.2505000001
682252.148
682253.5214999998
682253.7574999998
682253.7579999999
706830.415
706827.3314999999
706825.7455000002
706822.0970000001
706804.2769999998
706771.8875000002
706750.4764999999
706745.3574999999
706764.8629999999
706634.9145
706162.648
706159.8224999998
706155.0049999999
706149.8355
706147.5210000002
706073.6984999999
706041.5359999998
705989.5469999998
705829.0155000002
705800.0189999999
705770.477
705754.0625
705772.9994999999
705704.6575000002
705727.9364999998
705749.9715
705747.5129999998
705826.642
705858.0655
705859.031
705790.031
705793.7579999999
705842.5435000001
705929.2039999999
705949.6145000001
705996.1469999999
706149.091
706144.8065
706151.611
706176.9484999999
706181.6715000002
706183.841
706186.4270000001
706187.8495
706225.9240000001
706241.1060000001
706285.605
706294.6745000002
706359.1625000001
706360.3095
706350.6949999998
706335.2845000001
706314.7105
706263.8330000001
706253.4474999998
706227.3615000001
706208.7990000001
706174.6384999999
706157.5175000001
706087.1595000001
706026.1414999999
705907.4730000002
705839.3215000001
705791.639
705495.6945000002
705446.756
705430.7965000002
705402.6630000002
705399.8305000002
705358.267
705324.2570000002
705313.9219999998
705299.565
705257.7604999999
705234.2845000001
705231.2995000002
705227.6105
705217.702
705211.7799999998
705210.8914999999
705198.5290000001
705183.5614999998
705176.3034999999
705169.2680000002
705138.3065
705094.4185000001
705086.855
705077.9114999999
705060.8360000001
705014.256
704934.8739999998
704863.2185
704763.7085000002
704678.0525000002
704586.6005000002
704538.3975
704486.031
704403.9065
704319.3815000001
704316.2999999998
704282.7004999998
704246.3254999998
704211.1244999999
704177.9130000002
703719.997
703529.8505000002
703466.2905000001
703401.4105000002
703336.699
703299.8110000002
703273.5049999999
702970.7955
702926.3080000002
702880.9654999999
702837.122
702797.0049999999
702681.3050000002
702645.0869999998
702606.2365000001
702600.8394999998
702583.591
702535.1540000001
702463.3679999998
702416.1830000002
702395.5194999999
702336.1499999999
702325.2080000001
702293.3930000002
702174.8365000002
702146.5079999999
702142.8075000001
702114.2855000002
702072.8640000001
702070.4755000002
701993.7165000001
701937.1159999999
701937.088
701936.3805
701936.0970000001
701934.5389999999
701912.7930000001
701892.0950000002
701867.0074999998
701830.0049999999
701746.9870000002
701742.0090000001
701750.2725
701751.9985000002
701767.0005000001
701791.9945
701804.4515
701806.9879999999
701832.003
701834.375
701836.9945
701852.0
701910.6715000002
701911.9964999999
701926.9900000002
701925.4810000001
701925.0129999998
701952.0040000002
701955.3185
701967.0125000002
701974.9925000002
701961.9865000001
701970.0065000001
701985.0070000002
702025.6209999998
702035.0104999999
702064.9959999998
702097.0085
702183.1749999998
702189.9885
702184.9870000002
702206.9890000001
702315.0044999998
702425.0040000002
702515.003
702607.0019999999
702664.9975
702774.9885
702844.9915
702960.0095000002
702921.9890000001
702877.006
702842.0125000002
702810.0074999998
702774.994
702750.0010000002
702667.0109999999
702590.0044999998
702490.003
702290.0074999998
702161.9904999998
702085.0090000001
702011.9964999999
702050.0125000002
702058.9895000001
702061.9994999999
702074.9879999999
702080.0129999998
702064.9964999999
702064.9975
702042.0109999999
702005.0005000001
701996.9879999999
701940.0074999998
701890.0095000002
701869.9865000001
701851.9929999998
701812.006
701741.9950000001
701722.003
701706.8934999998
701696.392
701685.8914999999
701639.8875000002
701630.6869999999
701623.0734999999
701599.1430000002
701582.71
701571.997
701544.4075000002
701528.5855
701481.094
701449.5975000001
701429.0014999998
701399.6825000001
701384.3785000001
701374.5575000001
701348.2965000002
701324.1869999999
701304.3025000002
701274.673
701242.4865000001
701232.287
701169.8110000002
701114.804
701035.6675
700982.9010000001
700950.4330000002
700933.3080000002
700899.003
700835.5865000002
700797.7910000002
700753.9185000001
700710.4385000002
700658.5959999999
700475.2259999998
700448.6745000002
700336.8095
700238.7030000002
700171.4024999999
700129.2875000001
700094.2985
700049.0129999998
700045.7735000001
700029.6055000001
699959.0260000001
699930.8110000002
699896.9065
699881.1519999998
699871.835
699885.2815
699899.4084999999
699902.1039999998
699902.1000000001
699900.3934999998
699897.1834999998
699897.179
699891.7864999999
699964.9300000002
700006.6414999999
700006.6400000001
700027.0025
700020.466
700005.1214999999
700002.7930000001
700004.8845000002
700004.8840000001
700009.9045000002
700019.412
700019.412
700019.9095000001
700055.4775
700124.0414999998
700085.2149999999
700066.4879999999
699996.75
699975.7689999999
699975.3585000001
699943.9739999999
699943.9734999998
699928.9240000001
699951.156
699951.1554999999
699956.9100000001
699979.5104999999
699978.3854999999
699977.2834999999
699914.2735000001
699914.2735000001
699900.6074999999
699913.4959999998
699921.8964999998
699914.2760000001
699880.8454999998
699877.5839999998
699879.8709999998
699880.6545000002
699881.0129999998
699908.5699999998
700063.8905000002
700075.1494999998
700075.2030000002
700102.1014999999
700141.7779999999
700141.8050000002
700244.8709999998
700257.8895
700331.557
700385.7719999999
700430.2215
700430.2749999999
700445.9709999999
700358.0844999999
700364.7540000002
700512.7434999999
700598.6165
700607.8594999998
700701.4224999999
700759.6094999998
700810.1880000001
700813.2000000002
700813.1995000001
700813.1995000001
700824.6845
700865.8730000001
700895.2009999999
700891.0795
700890.2489999998
700879.6264999998
700931.3875000002
700912.5759999999
700912.6025
700907.9210000001
700983.949
700957.8530000001
700995.5784999998
701130.2154999999
701231.5504999999
701255.8859999999
701259.1085000001
701262.2370000002
701284.6575000002
701435.5920000002
701482.9745
701516.4015000002
701681.7420000001
701804.1905
701957.236
702043.963
702049.9994999999
702049.9989999998
702073.199
702067.855
702067.8544999999
702064.8160000001
702062.0074999998
702006.997
701954.4870000002
701864.9980000001
702105.0070000002
702072.0095000002
702452.3684999999
702462.0049999999
702452.0010000002
702509.9975
702501.9989999998
702615.0074999998
702616.4865000001
702685.0035000001
702654.9874999998
702684.9925000002
702747.0025
702770.0125000002
702900.0019999999
703017.0129999998
703040.0070000002
703017.625
702945.0079999999
702996.9980000001
702997.0085
702982.2069999999
702947.0095000002
702870.0104999999
702757.0025
702651.994
702557.006
702511.9904999998
702509.5279999999
702505.0025
702776.994
702942.0044999998
703084.9909999999
703159.9929999998
703279.9945
703381.9895000001
703468.6664999998
703472.0129999998
703498.1875
703535.0010000002
703550.6014999999
703749.9885
703836.9980000001
703937.0005000001
704051.9945
704116.9959999998
704069.9890000001
703932.0019999999
703866.9989999998
703817.0005000001
703744.9879999999
703577.0019999999
703589.994
703659.9985000002
703821.9980000001
703914.9980000001
703904.0874999999
703879.9904999998
703909.8875000002
703947.0120000001
704086.9964999999
704260.0
704414.861
704421.994
704414.6694999998
704407.0014999998
704536.9885
704681.9994999999
704714.9904999998
704815.003
704990.0109999999
705214.997
705239.9975
705402.0
705591.9879999999
705605.176
705612.0065000001
705632.0014999998
705666.9975
705689.7429999998
705712.0
705754.4635000001
705780.014
705786.7725
705797.6614999999
705807.1035000002
705906.9145
705934.6175000002
705981.3445000001
706002.5079999999
706054.608
706078.7525
706104.8080000002
706138.7855000002
706180.7089999998
706281.5495000002
706306.3775
706347.3505000002
706411.7045
706468.2834999999
706513.5775000001
706535.1060000001
706576.6294999998
706644.3714999999
706696.9515
706757.9145
706799.6894999999
706831.4180000001
706866.594
706892.7404999998
706943.8530000001
706991.3560000001
707061.5865000002
707104.912
707131.7999999998
707173.1979999999
707205.1745000002
707243.5180000002
707276.128
707300.4985000002
707326.6510000001
707351.8624999998
707371.699
707407.2850000001
707450.611
707482.1540000001
707482.3960000002
707482.7455000002
707483.1230000001
707484.4685
707484.4955000002
707520.8459999999
707520.8465
707521.5134999999
707551.1055000001
707551.4065
707565.1209999998
707603.3785000001
707636.6069999998
707653.3565000002
707653.4109999998
707653.4109999998
707653.4114999999
707636.8769999999
707605.4904999998
707587.7645
707587.7374999998
707571.446
707412.4160000002
707439.5669999998
707511.0159999998
707539.852
707540.8144999999
707551.5019999999
707564.855
707597.4720000001
707661.1529999999
707724.3119999999
707804.8314999999
707907.0095000002
707913.6124999998
707900.7154999999
707900.6889999998
707861.3909999998
707846.3659999999
707823.4210000001
707804.7705000001
707800.2645
707800.2124999999
707785.1030000001
707711.2105
707706.8165000002
707706.7895
707650.0005000001
707626.6039999998
707587.6014999999
707531.8990000002
707512.3854999999
707491.1009999998
707468.4284999999
707435.6719999998
707388.6159999999
707362.4525000001
707344.2995000002
707327.3955000001
707275.7075
707260.8675000002
707205.6444999999
707171.787
707155.9070000001
707109.9049999998
707077.8905000002
707030.648
706981.9240000001
706950.3360000001
706950.3355
706950.3089999999
706925.824
706908.693
706909.6264999998
706914.764
707002.983
707002.9824999999
707009.713
706994.7535000001
706994.7804999999
706989.6305
707091.9284999999
707130.0605000001
707169.1979999999
707128.7059999998
707061.0665000002
706938.8599999999
706933.855
706907.6165
706889.0405000001
706875.6090000002
706875.6094999998
706872.3105000001
706872.284
706872.2574999998
706846.1414999999
706821.3119999999
706766.1055000001
706749.2875000001
706749.2344999998
706742.9794999999
706711.148
706711.9249999998
706712.4010000001
706707.5839999998
706705.1894999999
706655.0729999999
706607.2390000001
706547.3045000001
706505.8095
706496.8840000001
706456.6140000001
706385.713
706306.7310000001
706263.0534999999
706214.1000000001
706157.4394999999
706136.2799999998
706112.5055
706098.5044999998
706058.2069999999
706061.1244999999
706076.7045
706076.7059999998
706082.9794999999
706046.6269999999
706018.8939999999
706008.6000000001
706005.932
706007.0635000002
706009.1230000001
706009.1499999999
706009.1775000002
706009.9079999998
706018.6285000001
706029.1475
706070.2965000002
706144.815
706144.8420000002
706144.9504999998
706152.8045000001
706154.4495000001
706154.4764999999
706189.2914999998
706248.3884999999
706305.0904999999
706357.2365000001
706389.9925000002
706419.571
706454.5194999999
706486.966
706532.4605
706527.003
706525.56
706511.5800000001
706511.554
706511.5279999999
706488.6825000001
706477.037
706472.8429999999
706470.4389999998
706470.4130000002
706467.8624999998
706453.2420000001
706438.003
706396.7999999998
706420.3119999999
706420.3394999998
706420.341
706437.4334999998
706412.8815000001
706401.642
706401.642
706394.5329999998
706361.9134999998
706321.7220000001
706279.2804999999
706220.202
706219.5715000001
706207.9075000002
706199.7455000002
706196.9674999998
706196.5915000001
706186.69
706166.8865
706185.9145
706212.1329999999
706174.1655000001
706157.4010000001
706144.139
706139.9945
706139.9674999998
706139.9679999999
706115.1699999999
706103.835
706049.2385
706050.4084999999
706051.6924999999
706038.2135000001
706032.3730000001
706030.6090000002
706030.537
706026.2795000002
706023.9539999999
706013.5885000001
706087.631
706097.5184999998
706006.023
706008.9815000002
706011.3394999998
706018.2089999998
706035.4330000002
706035.4330000002
706083.1979999999
706102.0765
706137.1205000002
706139.5074999998
706152.2884999998
706189.2769999998
706245.6264999998
706359.966
706418.2015
706449.1014999999
706496.551
706585.673
706678.673
706700.3465
706771.9900000002
706788.7799999998
706826.531
706912.0554999998
706983.0035000001
707066.8265
707330.2480000001
707352.2310000001
707369.1634999998
707428.3195000002
707466.4134999998
707487.0180000002
707546.2710000002
707626.8190000001
707758.3114999998
707779.3530000001
707788.1804999998
707795.3925000001
707793.6545000002
707805.8739999998
707830.9024999999
707849.3574999999
707854.0440000002
707861.148
707884.8224999998
707956.2144999998
707983.1030000001
707934.8289999999
707934.5049999999
707934.1804999998
707934.6669999999
707935.5419999999
707935.0315
707934.7089999998
707935.5929999999
707935.6135
707936.2895
707936.2625000002
707937.9495000001
707624.8835
707500.9644999998
707451.835
707392.966
707264.2689999999
707185.4545
707139.2859999998
706991.6294999998
706991.767
706990.9929999998
706966.727
706936.6005000002
706916.1600000001
706889.8840000001
706865.8569999998
706842.3964999998
706840.6320000002
706836.9180000001
706830.415
