746235.3535000002
746200.6425000001
746176.4594999999
746119.1409999998
746091.665
746049.6614999999
746047.3605
746020.6395
745946.1414999999
745912.2390000001
745895.1494999998
745882.1365
745869.5440000002
745862.5380000002
745837.5565
745825.6434999998
745748.4840000002
745710.2555
745687.7604999999
745683.7609999999
745648.5345000001
745618.7425000002
745565.7355
745559.6370000001
745542.6570000001
745525.642
745506.6444999999
745477.6565
745443.6464999998
745421.1579999998
745399.6395
745347.6549999998
745326.631
745307.5410000002
745236.6299999999
745214.0449999999
745112.6469999999
745091.6515000002
745049.1460000002
745011.4515
744984.1365
744956.1515000002
744905.8265
744875.9100000001
744854.1455000001
744837.6359999999
744792.9249999998
744771.838
744752.7230000002
744718.7395000001
744701.5405000001
744667.3284999998
744628.7319999998
744590.935
744574.4440000001
744525.1305
744514.8330000001
744473.2259999998
744449.9454999999
744376.6430000002
744306.2409999999
744265.841
744209.1184999999
744197.1414999999
744175.625
744164.7774999999
744160.5980000002
744173.2165000001
744108.1214999999
744074.6255000001
744080.631
744083.6349999998
744072.6264999998
744049.6269999999
744038.6340000001
744017.628
744016.6184999999
743614.1335
743602.6244999999
743597.6375000002
743572.6464999998
743532.6345000002
743510.648
743499.6475
743493.6499999999
743491.6315000001
743485.6275
743457.6384999999
743445.6359999999
743428.145
743426.648
743427.6285000001
743401.1499999999
743369.6540000001
743363.6540000001
743374.6340000001
743381.6294999998
743384.1529999999
743379.1340000001
743378.6340000001
743376.6375000002
743358.1379999998
743350.2294999999
743321.9295000001
742596.8530000001
742568.6575000002
742562.0040000002
742542.6860000002
742535.31
742499.0010000002
742489.0660000001
742449.8015000001
742450.8569999998
742444.3075000001
742439.9789999998
742434.1124999998
742421.2719999999
742382.8125
742347.6005000002
742320.8190000001
742290.0345000001
742287.7599999998
742270.0055
742256.2765000002
742239.8470000001
742227.9479999999
742230.3799999999
742225.5734999999
742218.662
742221.7324999999
742215.338
742210.4945
742213.852
742228.5644999999
742225.3955000001
742228.1425000001
742222.7599999998
742196.3234999999
742183.4095000001
742181.5364999999
742184.9010000001
742188.2650000001
742192.8865
742200.7489999998
742202.6329999999
742197.0685
742191.4575
742169.4890000001
742145.4435
742153.8555000001
742138.7119999998
742142.0929999999
742137.3905000002
742125.1945000002
742106.8755000001
742080.5355000002
742045.2335000001
742045.6255000001
742042.3700000001
742033.4235
742007.5534999999
741998.139
741989.9015000002
741980.915
741962.1335
741953.8185
741939.9474999998
741922.8709999998
741910.7409999999
741906.077
741903.6710000001
741895.8990000002
741890.6260000002
741888.477
741883.4284999999
741880.3355
741877.3594999998
741878.0904999999
741878.7464999999
741879.6845
741880.5765
741882.6354999999
741878.5435000001
741862.5550000002
741844.3815000001
741830.733
741815.6699999999
741812.6970000002
741812.6315000001
741812.2785
741811.9355000001
741810.6765000001
741806.75
741798.1065000002
741806.031
741798.9169999999
741818.3574999999
741817.5690000001
741811.852
741804.1494999998
741792.9454999999
741782.3769999999
741763.7910000002
741748.94
741736.6094999998
741741.0005000001
741753.0120000001
741748.0844999999
741746.1979999999
741746.8229999999
741758.858
741752.0325000002
741754.9240000001
741746.284
741758.352
741759.7464999999
741754.2825000002
741770.131
741773.6685000001
741771.4509999999
741768.6719999998
741768.023
741759.5935
741762.9254999999
741766.5355000002
741769.8820000002
741786.9564999999
741817.0115
741836.9270000001
741845.685
741850.4040000001
741864.9855
741878.7400000002
741880.9304999998
741872.037
741872.253
741880.0805000002
741877.5635000002
741880.8369999998
741880.5299999998
741894.2744999998
741918.0099999998
741938.6150000002
741949.98
741961.54
741959.9975
741964.0610000002
741966.8574999999
741973.7859999998
741969.1379999998
741975.3755000001
741975.7089999998
741976.4279999998
741981.3849999998
742000.7080000001
742002.477
742008.318
742025.2935000001
742044.1510000001
742053.8514999999
742053.6260000002
742009.1384999999
741913.6230000001
741879.5095000002
741886.4619999998
741894.9309999999
741904.6800000002
741920.8870000001
741930.1770000001
741937.3560000001
741943.9309999999
741949.608
741983.338
742006.3790000002
742040.5214999998
742115.7519999999
742124.4640000002
742115.6745000002
742100.142
742093.0660000001
742060.8884999999
742045.8139999998
742036.7719999999
742025.2585
742011.3884999999
741997.7000000002
741977.6880000001
741965.4345
741946.682
741932.2779999999
741905.5554999998
741903.69
741898.4844999998
741924.6320000002
741961.7634999999
741971.8914999999
741959.5625
741951.2659999998
741921.3884999999
741901.2179999999
741892.8339999998
741958.4045000002
741980.1044999999
741999.7370000002
742009.6535
742007.9300000002
741991.969
741986.5444999998
741982.8095
741977.9934999999
741972.8650000002
741962.0745000001
741961.2919999999
741953.6625000001
741951.355
741938.5759999999
741935.0805000002
741928.0490000001
741930.5899999999
741930.2820000001
741931.821
741924.355
741922.0449999999
741923.7969999998
741920.5210000002
741918.7245
741918.0554999998
741918.6724999999
741913.1664999998
741914.818
741910.9389999998
741904.75
741899.6290000002
741894.6864999998
741886.1065000002
741883.6060000001
741875.6924999999
741875.4745
741870.7889999999
741850.1639999999
741849.1455000001
741833.9635000001
741828.9745
741820.2379999999
741802.9594999999
741799.6770000001
741797.307
741785.077
741781.4360000002
741781.2859999998
741777.4759999998
741772.8594999998
741772.398
741774.9065
741772.3760000002
741768.0175000001
741762.0814999999
741754.8119999999
741747.0405000001
741760.719
741759.0920000002
741763.7525
741767.54
741776.9035
741778.8530000001
741782.4235
741779.0175000001
741780.9315
741777.8339999998
741766.3925000001
741762.301
741755.9844999998
741753.6035000002
741742.4440000001
741734.9915
741673.9775
741633.2000000002
741605.0565
741589.6724999999
741577.1815
741540.895
741526.895
741493.1359999999
741461.2960000001
741448.4704999998
741451.6269999999
741447.898
741446.4730000002
741446.574
741445.091
741441.8700000001
741442.8089999999
741450.463
741451.3994999998
741449.7744999998
741450.4339999999
741451.8654999998
741450.2940000002
741451.7625000002
741449.5959999999
741451.6815
741462.5869999998
741474.1354999999
741476.4700000002
741473.406
741467.4155000001
741471.4640000002
741484.1400000001
741493.0104999999
741500.0235000001
741502.0715000001
741508.0109999999
741512.9405
741512.9915
741522.0869999998
741526.31
741526.7940000002
741531.3080000002
741529.5465000002
741529.5809999998
741531.784
741531.8879999998
741535.7790000001
741548.764
741549.3824999998
741550.8065
741573.2650000001
741581.7069999999
741783.1044999999
741770.6784999999
741854.9015000002
741910.1600000001
741906.2259999998
742047.7859999998
742091.7195000001
742110.2634999999
742143.3459999999
742159.5970000001
742202.9079999998
742268.031
742317.5835000002
742354.4330000002
742371.6039999998
742364.9315
742409.1409999998
742424.5395
742443.2555
742477.3654999998
742536.8484999998
742549.9210000001
742584.256
742601.2494999999
742617.4805000001
742615.9785000002
742632.2075
742651.9029999999
742691.685
742701.0329999998
742730.3335000002
742872.3900000001
742895.8960000002
743180.2459999998
743274.2629999998
743300.5225
743341.716
743365.06
743398.2795000002
743436.7875000001
743459.4840000002
743475.7365000001
743541.0455
743624.7535000001
743795.6170000001
743894.5975000001
743940.8234999999
744007.5065000001
744095.7209999999
744140.298
744116.3234999999
744110.7540000002
744099.071
744088.5085
744086.006
744081.7585
744077.0954999998
744075.3944999999
744072.2875000001
744075.3204999999
744076.8495
744070.9989999998
744071.5269999998
744064.3250000002
744060.0104999999
744059.2755
744059.8530000001
744052.3964999998
744047.719
744033.8705000002
744025.3415000001
744022.1784999999
744022.3245000001
744027.2820000001
744024.6384999999
744026.1074999999
744022.676
744017.7305000001
744017.6255000001
744013.284
744013.8599999999
744010.9950000001
744010.5065000001
744004.4885
744007.1579999998
743999.435
743998.2264999999
743993.0155000002
743991.3130000001
743985.966
743987.8739999998
743986.4559999998
743987.5954999998
743988.9504999998
743984.0395
743977.6715000002
743967.8555000001
743963.9385000002
743956.4254999999
743951.3404999999
743945.4015000002
743935.5915000001
743932.7165000001
743927.5894999998
743918.0355000002
743913.3284999998
743911.9594999999
743907.6395
743902.0490000001
743902.145
743897.04
743898.355
743896.4504999998
743898.5720000002
743907.0795
743910.744
743908.8785000001
743910.2055000002
743914.119
743913.077
743908.3489999999
743908.0035000001
743901.4759999998
743899.923
743899.6770000001
743903.0775000001
743907.5449999999
743912.5115
743910.5554999998
743904.5720000002
743906.2039999999
743910.48
743909.4989999998
743913.56
743911.3900000001
743915.7149999999
743914.4695000001
743918.5435000001
743924.7650000001
743929.0765
743923.2765000002
743927.1685000001
743923.0389999999
743927.3670000001
743926.4369999999
743937.2659999998
743943.2250000001
743950.9879999999
743962.7459999998
743978.5835000002
743983.5690000001
743993.7365000001
743999.6724999999
744006.6175000002
744012.3280000002
744014.588
744012.8144999999
744025.4240000001
744027.2825000002
744033.9874999998
744047.6974999998
744059.7910000002
744067.2080000001
744077.3029999998
744086.2170000002
744089.6694999998
744098.1085000001
744110.804
744116.8620000002
744120.0255
744141.7119999998
744152.5965
744155.8670000001
744167.0855
744173.3925000001
744185.301
744198.1529999999
744222.2085000002
744237.75
744255.1630000002
744284.2140000002
744313.1675
744320.71
744329.9734999998
744343.5635000002
744358.5255
744364.2930000001
744376.2595000002
744381.7765000002
744389.4304999998
744429.1519999998
744439.48
744460.9640000002
744467.3900000001
744478.7429999998
744480.841
744485.7799999998
744494.8730000001
744498.0980000002
744495.2450000001
744498.4794999999
744510.426
744518.318
744525.8280000002
744533.483
744544.2919999999
744561.98
744572.9249999998
744592.2144999998
744600.4035
744606.5814999999
744616.3635
744632.4915
744658.8025000002
744666.9275000002
744680.446
744692.8105000001
744709.3760000002
744714.9945
744731.1754999999
744748.46
744754.8605
744765.7395000001
744766.9270000001
744783.7634999999
744799.3004999999
744814.6910000001
744824.6529999999
744833.8045000001
744844.199
744853.6405000002
744876.0625
744891.2655000002
744895.412
744904.4925000002
744914.6675
744916.0554999998
744929.3955000001
744934.6239999998
744938.3509999998
744938.0269999998
744953.9615000002
744965.1370000001
744977.7689999999
744985.5219999999
744993.5839999998
745008.0180000002
745016.1549999998
745026.6255000001
745031.8500000001
745036.0315
745050.0320000001
745061.3075000001
745063.0405000001
745057.4585000002
745064.4885
745069.952
745075.3909999998
745082.381
745090.3560000001
745099.077
745109.9360000002
745116.7609999999
745122.5115
745129.0554999998
745143.409
745158.4235
745185.273
745195.0924999998
745204.2859999998
745216.3335000002
745228.3374999999
745236.2804999999
745246.0019999999
745254.5935
745259.952
745275.5984999998
745286.324
745293.2905000001
745298.0924999998
745293.7719999999
745293.3539999998
745301.7760000001
745313.5194999999
745320.8034999999
745328.0359999998
745336.7615
745342.7030000002
745350.5715000001
745356.3325
745363.5180000002
745375.8369999998
745391.1005000002
745404.1740000001
745440.6159999999
745440.5954999998
745446.3650000002
745494.7135000001
745529.744
745547.7370000002
745530.9539999999
745513.7675000001
745503.4199999999
745506.4470000002
745489.7069999999
745466.3125
745457.6444999999
745454.8620000002
745440.9759999998
745407.6529999999
745344.5989999999
745316.2230000002
745306.4219999998
745287.9375
745259.2655000002
745230.1984999999
745208.0729999999
745188.3144999999
745179.145
745155.5375000001
745145.1255000001
745143.7124999999
745153.3590000002
745177.8254999998
745213.773
745220.3355
745226.9975
745218.5780000002
745191.9545
745180.588
745145.662
745108.4300000002
745070.6135
745052.9275000002
745044.0625
745031.6115000001
745019.6770000001
744962.6354999999
744964.0565
744974.1655000001
744990.1645
744972.5534999999
744943.7935000001
744914.0745000001
744883.554
744870.2034999998
744866.3215000001
744868.074
744890.1230000001
744915.3215000001
744945.4975
744972.4789999998
744981.5455
744992.6839999999
745020.182
745053.3505000002
745061.7310000001
745058.2064999999
745045.1315000001
745043.6634999998
745036.6365
745029.1154999998
745019.5380000002
745019.1535
745022.4945
745021.9210000001
745036.2785
745037.3714999999
745032.3944999999
745021.8635
745010.1200000001
745005.8454999998
744998.1414999999
744997.622
744988.0249999999
744993.4304999998
744994.7400000002
744990.7390000001
744978.0225
744960.9424999999
744934.5384999998
744914.0830000001
744883.6535
744874.3569999998
744871.1455000001
744853.125
744826.4339999999
744818.852
744813.0150000001
744785.5449999999
744775.2549999999
744750.554
744725.2370000002
744681.5350000001
744667.0219999999
744654.7144999998
744634.0359999998
744619.3665
744609.744
744597.6460000002
744561.0389999999
744542.9300000002
744523.6540000001
744497.2815
744479.8594999998
744443.807
744422.0395
744409.9780000001
744395.4465000001
744375.3930000002
744362.1120000002
744354.3859999999
744336.3095
744375.7195000001
744419.4075000002
744448.6605000002
744463.1359999999
744477.378
744502.3025000002
744524.4885
744538.2760000001
744548.4709999999
744572.3484999998
744585.4545
744597.7434999999
744609.8650000002
744629.0014999998
744643.1400000001
744648.8199999998
744653.9745
744658.4605
744669.0795
744680.46
744689.3250000002
744691.8725
744701.057
744715.0350000001
744729.9764999999
744751.9644999998
744760.1690000002
744775.3065
744787.3990000002
744798.4199999999
744807.0920000002
744813.679
744822.0534999999
744827.9964999999
744845.074
744857.0674999999
744862.1060000001
744866.9605
744864.3725
744868.0269999998
744868.7875000001
744881.6510000001
744884.1090000002
744891.6025
744905.7124999999
744950.8025000002
744969.5460000001
744985.1885000002
744994.7510000002
745005.5565
745019.0244999998
745038.8560000001
745045.287
745065.3305000002
745073.9959999998
745083.5109999999
745088.8054999998
745100.1395
745112.7485000002
745148.1464999998
745175.3335000002
745197.6845
745211.8849999998
745236.2969999998
745252.6379999998
745273.8565000002
745279.8679999998
745308.9065
745337.5795
745366.1379999998
745393.5995
745413.1175000002
745452.0830000001
745455.5980000002
745484.5589999999
745507.0180000002
745510.6154999998
745535.9849999999
745565.9435
745601.6765000001
745624.852
745670.8895
745682.0685
745683.8295
745691.6834999998
745703.3530000001
745718.5359999998
745734.2385
745771.5465000002
745776.9484999999
745791.4355000001
745844.2195000001
745869.2935000001
745905.2905000001
745966.8314999999
746003.3415000001
746021.639
746038.0269999998
746046.5405000001
746069.4789999998
746078.0545000001
746033.2905000001
746030.2974999999
746060.2234999998
746115.6984999999
746153.3119999999
746159.0980000002
746210.4615000002
746218.0295000002
746248.5435000001
746265.9415000002
746325.7119999998
746349.4045000002
746362.1949999998
746385.8110000002
746388.5325000002
746400.6815
746417.7075
746434.5115
746446.3075000001
746485.1889999998
746505.2480000001
746521.4024999999
746530.8429999999
746532.5180000002
746534.1150000002
746537.4309999999
746537.3480000002
746541.1974999998
746534.977
746520.5565
746493.9959999998
746491.5155000002
746501.7940000002
746512.0380000002
746530.6710000001
746534.1825000001
746527.3755000001
746517.287
746499.0125000002
746479.5129999998
746470.6609999998
746446.3105000001
746440.9734999998
746431.7799999998
746434.6074999999
746434.9389999998
746450.148
746492.0334999999
746530.6804999998
746583.7880000002
746620.0070000002
746658.023
746679.335
746698.9164999998
746729.5249999999
746746.781
746763.2004999998
746796.6485000001
746837.6869999999
746859.2390000001
746884.7629999998
746927.2889999999
746955.7395000001
746977.4249999998
747014.1175000002
747034.4849999999
747036.6379999998
747035.6795000001
747024.0775000001
747017.2595000002
747028.9339999999
747035.9975
747049.3335000002
747067.3119999999
747084.3065
747097.7944999998
747113.2825000002
747143.9215000002
747156.9019999998
747172.7694999999
747189.3909999998
747207.9564999999
747226.2659999998
747263.4900000002
747290.5589999999
747305.7785
747334.6065000002
747385.5970000001
747405.1719999998
747425.4534999998
747437.1074999999
747447.0865000002
747470.1570000001
747495.8820000002
747520.8895
747534.5625
747571.4575
747600.8050000002
747621.9410000001
747669.406
747676.1915000002
747702.5890000002
747741.4580000001
747762.1784999999
747777.4715
747777.4190000002
747765.8934999998
747771.7740000002
747789.0529999998
747829.0419999999
747850.2914999998
747873.3429999999
747904.5805000002
747929.8020000001
747960.8259999999
747974.2725
747975.051
747965.0070000002
747942.2055000002
747938.0734999999
747938.685
747946.378
747975.2889999999
748013.9084999999
748026.994
748051.6910000001
748070.7974999999
748093.4440000001
748115.8654999998
748142.6519999998
748168.202
748187.3605
748203.4785000002
748206.1765000001
748205.2034999998
748200.5704999999
748190.0430000001
748185.3125
748180.6035000002
748175.9049999998
748161.3509999998
748144.3050000002
748135.4424999999
748136.0704999999
748140.6715000002
748145.0425
748156.4890000001
748161.7204999998
748183.6815
748189.5980000002
748225.3360000001
748239.5989999999
748241.1200000001
748259.7570000002
748275.2154999999
748291.7930000001
748307.9075000002
748311.8905000002
748318.7055000002
748322.0315
748330.8325
748346.3454999998
748348.7680000002
748358.727
748379.5844999999
748378.5159999998
748374.8484999998
748365.8849999998
748356.9295000001
748339.9550000001
748332.1120000002
748321.4555000002
748307.3475000001
748283.5145
748275.0244999998
748268.3964999998
748262.1239999998
748259.6439999999
748260.165
748263.1179999998
748273.1669999999
748287.9720000001
748293.5580000002
748299.2925
748304.878
748315.4624999999
748322.8300000001
748333.7634999999
748338.7135000001
748347.0040000002
748349.3790000002
748362.2255000002
748364.2025000001
748366.7834999999
748378.8840000001
748399.8679999998
748423.6490000002
748437.8879999998
748448.4449999998
748458.7615
748461.7395000001
748488.3459999999
748493.3204999999
748514.3764999998
748533.9870000002
748544.5520000001
748566.4525000001
748568.6685000001
748593.0410000002
748604.6074999999
748598.4114999999
748571.2705000001
748576.2030000002
748582.5120000001
748598.4040000001
748583.6554999999
748617.6184999999
748664.9755000002
748716.6400000001
748688.7039999999
748700.9300000002
748721.2349999999
748737.372
748756.1699999999
748763.091
748766.6540000001
748767.196
748781.3975
749032.6269999999
749233.0959999999
749236.5449999999
749237.381
749255.0350000001
749271.0899999999
749288.1784999999
749297.1209999998
749300.0844999999
749428.0095000002
749471.0605000001
749487.6030000001
749507.6230000001
749517.9049999998
749553.3840000001
749589.162
749630.7655000002
749647.7905000001
749700.148
749706.5460000001
749724.7124999999
749731.2914999998
749740.2864999999
749763.179
749794.8590000002
749812.6294999998
749839.3275000001
749840.3624999998
749847.7294999999
749855.9445000002
749863.5830000001
749872.8565000002
749902.3530000001
749927.696
749941.4345
750004.9339999999
750036.1864999998
750065.21
750068.6005000002
750085.9005
750104.6460000002
750142.858
750198.8709999998
750259.088
750280.784
750322.2179999999
750353.2944999998
750376.79
750398.4345
750419.6940000001
750419.6529999999
750433.054
750465.5440000002
750479.7089999998
750476.8484999998
750466.5945000001
750455.7390000001
750443.9605
750430.0150000001
750428.7579999999
750457.369
750472.4824999999
750480.6804999998
750486.6000000001
750491.23
750493.5184999998
750501.9279999998
750505.1154999998
750517.7119999998
750517.452
750508.9240000001
750480.0989999999
750477.8454999998
750466.0800000001
750447.6809999999
750454.8994999998
750453.4275000002
750459.8360000001
750453.892
750476.9890000001
750495.5655
750500.8390000002
750491.5235000001
750495.4194999998
750500.2785
750511.6025
750533.3730000001
750563.645
750569.3160000001
750581.6384999999
750586.3450000002
750586.3034999999
750580.6609999998
750579.5460000001
750580.423
750583.6170000001
750591.3495
750600.4704999998
750612.9644999998
750624.0194999999
750630.5690000001
750640.4309999999
750648.5419999999
750650.7680000002
750835.935
750934.1775000002
751034.0660000001
751194.3730000001
751228.7535000001
751259.7220000001
751349.7140000002
751372.3574999999
751373.4665000001
751379.4435
751388.7494999999
751401.6660000002
751402.9745
751409.5044999998
751417.4755000002
751432.5724999998
751442.5395
751453.4045000002
751457.6935
751459.9445000002
751497.4380000001
751506.0414999998
751518.3289999999
751549.4679999999
751549.7379999999
751550.7815
751553.7055000002
751561.0455
751573.1239999998
751608.1535
751612.8514999999
751616.7204999998
751623.2045
751640.477
751653.642
751666.9840000002
751673.2799999998
751680.1485000001
751681.4569999999
751683.6260000002
751693.565
751715.0899999999
751722.679
751752.4730000002
751775.4435
751786.7475
751811.4874999998
751815.3325
751823.7050000001
751832.3574999999
751892.0950000002
751892.5055
751904.256
751911.9810000001
751924.2264999999
751937.7595000002
751945.0575000001
751949.3769999999
751951.838
752012.054
752025.0485
752085.8739999998
752157.815
752177.8319999999
752178.9934999999
752252.622
752311.2174999998
752403.744
752700.4610000001
752977.5780000002
753163.7955
753251.1475
753325.9819999998
753627.3739999998
754180.1214999999
754769.0244999998
755968.0260000001
755983.7725
755983.8450000002
755986.6845
755987.2735000001
755988.5460000001
755988.4835000001
755996.4695000001
755999.2749999999
756005.7195000001
755995.7694999999
755972.5630000001
755953.3560000001
755936.1444999999
755944.9720000001
755934.7760000001
755919.8480000002
755929.7779999999
755939.3790000002
755949.1705
755936.5109999999
755961.1414999999
755966.966
755946.0214999998
755967.7990000001
755971.5954999998
755969.6705
755946.0184999998
755908.6949999998
755910.2940000002
755949.9605
755941.2974999999
755935.5495000002
755934.9615000002
755938.2940000002
755952.375
755963.3204999999
755900.8790000002
755875.8555000001
755855.8560000001
755850.9989999998
755831.2999999998
755824.3895
755822.3939999999
755826.2944999998
755845.0295000002
755857.6979999999
755890.3480000002
755871.6694999998
755839.8450000002
755806.4040000001
755789.6090000002
755783.7239999999
755788.6765000001
755814.8514999999
755847.3114999998
755822.3735000002
755797.1499999999
755780.8640000001
755774.2590000001
755773.9325000001
755770.7585
755767.7275
755756.9700000002
755709.4750000001
755709.7135000001
755708.25
755709.0860000001
755711.3034999999
755708.1094999998
755711.5440000002
755684.7445
755691.7489999998
755692.648
755684.6645
755667.2055000002
755658.4815000002
755620.1694999998
755582.9870000002
755585.5780000002
755567.267
755552.7850000001
755567.923
755587.9855
755607.7740000002
755597.6115000001
755558.5495000002
755490.4755000002
755463.0235000001
755433.7689999999
755413.3054999998
755397.696
755370.463
755346.9589999998
755337.7595000002
755333.4635000001
755319.3769999999
755308.1694999998
755308.5134999999
755293.926
755282.8805
755287.4169999999
755292.6094999998
755302.3514999999
755309.6869999999
755316.6634999998
755323.8160000001
755320.0800000001
755318.2895
755332.7714999998
755342.7119999998
755352.9534999998
755386.8399999999
755413.1275
755438.1864999998
755463.1340000001
755484.4835000001
755491.5844999999
755514.0219999999
755534.7825000002
755544.1910000001
755552.2884999998
755559.182
755568.0954999998
755586.2969999998
755487.179
755469.9375
755445.1384999999
755430.6320000002
755419.5874999999
755391.2779999999
755374.6675
755347.1299999999
755323.0435000001
755309.4079999998
755302.7245
755289.7760000001
755278.1370000001
755268.8535000002
755257.756
755244.5285
755224.1145000001
755211.9654999999
755202.821
755197.8824999998
755179.19
755182.0644999999
755171.1444999999
755158.4435
755152.5180000002
755151.7855000002
755142.3105000001
755124.2445
755109.3084999998
755095.6365
755084.2629999998
755080.8624999998
755046.8650000002
755039.6275
755098.6239999998
755126.8415000001
755129.639
755152.2315000002
755180.2655000002
755167.3045000001
755143.9530000002
755156.4449999998
755174.4515
755161.46
755173.1660000002
755157.9295000001
755132.6000000001
755128.102
755100.0425
755107.1370000001
755086.5005000001
755095.415
755022.8110000002
754967.8500000001
754918.7030000002
754911.861
754995.7965000002
754995.2755
754942.2609999999
754904.2620000001
754798.8695
754724.7510000002
754676.6970000002
754656.7464999999
754636.0805000002
754605.5989999999
754583.8475000001
754544.6740000001
754502.2604999999
754487.733
754482.8620000002
754469.719
754450.1524999999
754446.0945000001
754447.869
754421.4755000002
754423.503
754420.1970000002
754410.034
754336.6490000002
754331.8234999999
754333.3569999998
754330.818
754318.6260000002
754300.6065000002
754291.9835000001
754281.5550000002
754258.7025000001
754240.69
754212.236
754184.8050000002
754178.8369999998
754177.3155
754171.2434999999
754148.3475000001
754139.0959999999
754141.443
754139.855
754146.8705000002
754147.23
754136.1519999998
754092.2365000001
754066.1915000002
754030.7494999999
754011.1875
753976.2925
753978.9569999999
753990.3374999999
753965.2135000001
753936.4215000002
753919.4550000001
753923.8820000002
753897.3020000001
753875.5155000002
753849.1515000002
753826.9164999998
753795.1919999998
753776.9755000002
753767.3489999999
753739.8289999999
753733.8424999998
753727.608
753702.7995000002
753684.5364999999
753653.7385
753583.7544999998
753570.6230000001
753530.6340000001
753485.1669999999
753448.6724999999
753444.2459999998
753442.9734999998
753437.432
753416.4130000002
753386.5334999999
753336.0469999998
753327.077
753320.9715
753312.2485000002
753305.1935
753285.2404999998
753288.7689999999
753223.2990000001
753153.1145000001
753119.3259999999
753105.733
753094.5865000002
753068.065
753059.2234999998
753027.5150000001
752977.6694999998
752938.983
752924.8300000001
752874.9920000001
752837.8835
752827.1719999998
752818.8565000002
752795.1970000002
752803.8709999998
752800.8355
752789.577
752766.895
752740.2170000002
752710.2450000001
752647.8080000002
752617.4454999999
752588.9134999998
752571.73
752525.517
752495.3300000001
752488.2505000001
752466.9589999998
752437.3585000001
752427.0665000002
752400.9224999999
752390.9559999998
752371.7625000002
752359.1945000002
752348.4199999999
752304.0959999999
752242.6669999999
752238.4605
752228.4945
752198.804
752181.0290000001
752158.6140000001
752117.4685
752035.3849999998
752038.9479999999
752040.926
752024.1855000001
752017.7785
751994.9304999998
751968.9454999999
751949.5825
751925.0180000002
751865.5635000002
751861.7995000002
751855.872
751849.8555000001
751830.6340000001
751808.6740000001
751798.6475
751748.1630000002
751737.5430000001
751716.199
751695.9470000002
751669.6129999999
751664.9980000001
751663.2209999999
751643.531
751641.2755
751633.3470000001
751564.5614999998
751536.9210000001
751518.0970000001
751481.9109999998
751467.6864999998
751458.0274999999
751413.639
751354.7264999999
751348.0575000001
751322.73
751323.298
751298.517
751271.5855
751253.3245000001
751239.7315000002
751117.6305
751083.3849999998
751071.7799999998
751061.5304999999
751049.4275000002
750979.4929999998
750960.5784999998
750947.8459999999
750922.9670000002
750897.7774999999
750875.2475
750844.5809999998
750811.5175000001
750805.2349999999
750800.7015
750777.8925000001
750766.8640000001
750750.3020000001
750724.3930000002
750705.852
750701.557
750698.8585000001
750671.622
750663.1365
750650.1834999998
750616.6329999999
750605.3824999998
750570.25
750544.23
750526.5079999999
750514.5970000001
750500.6510000001
750488.6839999999
750479.5980000002
750469.0150000001
750458.344
750345.1379999998
749903.2374999998
749786.1244999999
749737.1699999999
749680.7305000001
749649.3594999998
749594.855
749550.0049999999
749410.4915
749335.8640000001
749264.5049999999
749232.4685
749194.5355000002
749138.4810000001
749050.648
749026.611
748975.2450000001
748970.9199999999
748922.8934999998
748884.0079999999
748877.6880000001
748859.6845
748829.5715000001
748812.3695
748791.4925000002
748750.4449999998
748710.4394999999
748683.6775000002
748645.395
748484.9730000002
748415.3805
748311.7615
748212.676
748012.48
747904.6745000002
747828.9840000002
747720.9855
747678.1600000001
747644.6639999999
747595.4435
747521.6605000002
747461.3599999999
747371.6634999998
747309.6614999999
747147.6749999998
746871.6710000001
746653.6705
746602.6529999999
746516.6455000001
746480.9585000002
746458.6535
746411.9484999999
746378.1625000001
746364.2880000002
746340.6545000002
746316.949
746244.6405000002
746235.3535000002
763944.855
763950.1924999999
763953.1214999999
763958.8234999999
763964.98
763995.2999999998
764001.602
764002.8884999999
764004.4185000001
764003.5044999998
764008.5184999998
763990.9895000001
763986.9279999998
763935.8785000001
763928.8859999999
763919.9725000001
763929.8174999999
763938.5440000002
763944.855
756526.1609999998
756544.415
756577.4254999999
756595.7445
756622.145
756656.4934999999
756675.7655000002
756691.7880000002
756709.23
756726.3500000001
756745.2204999998
756759.1359999999
756797.9750000001
756817.3769999999
756830.227
756895.5669999998
756926.4235
756956.2850000001
756983.1565
757004.2645
757218.7464999999
757265.2385
757267.6235000002
757268.5194999999
757268.9525000001
757271.023
757273.4300000002
757275.3705000002
757279.335
757280.8764999998
757282.7540000002
757284.1000000001
757287.0924999998
757292.889
757295.9254999999
757304.7960000001
757304.6349999998
757307.5255
757311.9649999999
757316.2335000001
757319.1324999998
757320.585
757321.8854999999
757345.676
757347.1009999998
757350.0545000001
757380.7069999999
757412.2319999998
757547.2039999999
757613.5375000001
757636.1584999999
757687.412
757718.5655
757756.9745
757771.9885
757800.122
757849.3195000002
757853.7940000002
757858.5019999999
757873.1505
757874.196
757918.6154999998
757952.4929999998
757991.7944999998
758033.9589999998
758046.108
757958.2540000002
757925.486
757906.6205000002
757849.0350000001
757837.9559999998
757830.3849999998
757798.477
757765.744
757743.2420000001
757741.8925000001
757739.2355
757720.3224999998
757691.8909999998
757690.0125000002
757666.8325
757639.591
757637.784
757640.0529999998
757646.4844999998
757651.2995000002
757651.7170000002
757652.5249999999
757653.9890000001
757667.7930000001
757687.8309999998
757690.7884999998
757687.8975
757683.2154999999
757674.2905000001
757668.7455000002
757665.7620000001
757666.5044999998
757665.3744999999
757665.7140000002
757663.4615000002
757655.315
757644.9045000002
757640.1965000001
757641.3829999999
757632.9145
757622.5235000001
757605.5805000002
757542.6745000002
757516.0320000001
757508.2045
757467.9345
757459.1570000001
757458.9555000002
757459.8169999998
757448.5614999998
757375.2355
757368.3020000001
757347.784
757335.2355
757320.3404999999
757307.7009999999
757282.5044999998
757294.3879999998
757296.1675
757344.5660000001
757360.3805
757382.2174999998
757397.3859999999
757419.4895000001
757426.7749999999
757478.074
757524.119
757582.4075000002
757592.7725
757584.2289999998
757580.5359999998
757586.2910000002
757533.8229999999
757557.8525
757515.2025000001
757478.0729999999
757471.4415000002
757423.5734999999
757378.3714999999
757373.0455
757394.2544999998
757431.1370000001
757430.5595
757434.1605000002
757447.6825000001
757447.1434999998
757411.3075000001
757398.7544999998
757404.1710000001
757391.4610000001
757385.8484999998
757371.8815000001
757383.9569999999
757391.2285000002
757373.5989999999
757362.8355
757350.5734999999
757319.2305000001
757294.8045000001
757324.6175000002
757312.6475
757387.4980000001
757503.2050000001
757521.0164999999
757530.5989999999
757522.7464999999
757525.3185
757576.4895000001
757680.835
757675.0929999999
757722.9994999999
757739.7000000002
757753.9015000002
757757.9665000001
757771.3739999998
757811.6570000001
757854.0625
757861.304
757940.0444999998
757969.8620000002
757959.1170000001
757947.7974999999
757968.5619999999
757975.6984999999
758027.2749999999
758056.8015000001
758089.8165000002
758099.2604999999
758101.9635000001
758135.5784999998
758155.6715000002
758171.9670000002
758176.5074999998
758201.6809999999
758200.6460000002
758205.9504999998
758207.5899999999
758209.0469999998
758217.1285000001
758248.6639999999
758266.6214999999
758264.9394999999
758270.3960000002
758305.6485000001
758342.0304999999
758326.003
758320.2585
758315.5665000002
758313.8605
758347.8335000002
758410.3275000001
758432.1770000001
758455.1889999998
758452.0389999999
758452.7735000001
758454.4065
758455.4649999999
758457.5359999998
758457.5010000002
758460.5099999998
758463.7884999998
758459.9794999999
758459.952
758417.9134999998
758404.8355
758409.8199999998
758433.0584999998
758451.0014999998
758449.8964999998
758440.5460000001
758434.3275000001
758432.2385
758428.9465000001
758437.0295000002
758436.1285000001
758450.5194999999
758446.6014999999
758441.3744999999
758438.8424999998
758439.2855000002
758443.6839999999
758448.0320000001
758449.3204999999
758450.3684999999
758459.0554999998
758460.6414999999
758457.2919999999
758460.6919999998
758459.0595
758460.2760000001
758450.483
758442.0954999998
758440.8445000001
758441.0775000001
758439.5005000001
758436.6699999999
758432.4405
758427.4840000002
758422.3220000002
758421.5639999998
758421.5734999999
758420.031
758420.8555000001
758421.54
758419.8385000001
758419.3865
758421.9504999998
758425.9465000001
758428.9240000001
758432.6434999998
758439.52
758441.1770000001
758439.744
758437.6150000002
758435.6090000002
758437.869
758435.8319999999
758437.6255000001
758462.5575000001
758486.352
758524.3815000001
758528.4045000002
758524.9024999999
758548.1519999998
758598.4904999998
758611.5660000001
758636.3659999999
758659.409
758684.8360000001
758765.9015000002
758790.7204999998
758815.1860000002
758851.2349999999
758864.6614999999
758870.1660000002
758883.5954999998
758884.5355000002
758912.1490000002
758920.3990000002
758928.3399999999
758950.3029999998
758950.2234999998
758976.2030000002
758990.7275
759062.8125
759065.1519999998
759065.4855
759056.0989999999
759042.3325
759048.352
759047.6634999998
759051.6705
759064.6315000001
759090.2124999999
759150.7050000001
759182.7829999998
759174.0980000002
759189.4605
759290.3284999998
759315.6664999998
759327.44
759371.5290000001
759389.162
759406.2944999998
759427.3875000002
759445.966
759469.8399999999
759492.4355000001
759515.5205000001
759540.1275
759552.0780000002
759593.6085000001
759627.145
759645.7315000002
759647.0989999999
759648.8684999999
759650.6675
759651.7289999998
759657.2694999999
759659.9525000001
759666.3684999999
759668.9454999999
759665.0244999998
759663.1935
759656.5444999998
759636.006
759626.9449999998
759605.4745
759588.9065
759608.4095000001
759622.6120000002
759627.4780000001
759633.8139999998
759632.7834999999
759642.3755000001
759620.8199999998
759616.2140000002
759615.6860000002
759615.7009999999
759615.0775000001
759612.0290000001
759610.7000000002
759602.3999999999
759642.2250000001
759656.9440000001
759664.2930000001
759681.611
759697.9715
759712.1014999999
759736.7785
759716.0835000002
759720.713
759707.4010000001
759701.3714999999
759716.0639999998
759725.4955000002
759730.9879999999
759735.1214999999
759736.486
759740.6434999998
759744.0419999999
759746.2910000002
759754.219
759756.1225
759757.4835000001
759763.1469999999
759765.196
759767.2170000002
759769.3309999998
759771.6179999998
759771.9100000001
759774.0225
759778.1630000002
759779.7404999998
759780.2385
759780.5759999999
759780.3020000001
759778.2280000001
759774.3374999999
759771.0835000002
759770.9874999998
759769.4134999998
759768.2370000002
759767.2544999998
759767.6970000002
759764.0685
759795.4904999998
759835.0134999999
759867.2659999998
759886.8854999999
759915.2310000001
759982.5304999999
759992.2940000002
759988.3665
759982.8925000001
759979.8840000001
759997.5189999999
760011.9704999998
760021.6184999999
760027.7230000002
760036.5065000001
760040.7719999999
760046.8034999999
760051.0465000002
760061.9904999998
760069.9525000001
760075.1425000001
760080.0384999998
760090.0619999999
760108.2599999998
760116.0345000001
760144.3514999999
760152.3865
760155.8659999999
760163.2344999998
760188.5975000001
760195.6685000001
760207.0750000002
760212.4550000001
760221.6860000002
760239.3695
760245.2555
760247.6970000002
760251.7179999999
760257.2659999998
760258.5805000002
760261.4644999998
760270.6815
760281.0285
760288.9865000001
760297.5
760303.2370000002
760307.088
760317.0720000002
760319.6145000001
760343.5869999998
760359.5055
760386.6115000001
760393.9075000002
760419.1269999999
760447.0665000002
760480.1205000002
760532.1995000001
760553.7089999998
760573.4265000001
760585.3635
760596.9794999999
760611.821
760626.3870000001
760670.574
760712.8815000001
760736.5025
760768.7039999999
760793.0935
760815.1184999999
760855.6845
760909.6315000001
760931.7990000001
760953.2124999999
760999.2429999998
761012.3199999998
761044.2995000002
761060.3695
761144.4874999998
761191.9874999998
761221.6775000002
761262.2094999999
761277.4435
761300.5304999999
761300.7740000002
761301.7459999998
761307.5274999999
761300.8220000002
761282.5975000001
761263.6365
761258.6634999998
761247.6165
761237.4109999998
761265.6505
761260.6085000001
761260.3884999999
761260.1680000001
761258.8859999999
761255.6439999999
761252.5265000002
761248.4785000002
761246.6409999998
761244.4040000001
761232.8224999998
761228.5419999999
761225.8730000001
761214.9440000001
761211.7015
761206.0995
761199.3305000002
761184.5750000002
761182.3280000002
761136.0780000002
761097.344
761074.2324999999
761050.4789999998
761002.2735000001
761004.7390000001
761007.73
761013.9114999999
761017.5950000002
761020.7004999998
761047.3624999998
761076.6779999998
761105.0550000002
761110.6915000002
761112.5145
761118.7925
761121.8435
761128.5384999998
761130.702
761139.5299999998
761147.4985000002
761145.4445000002
761135.0959999999
761122.9715
761114.5279999999
761120.2480000001
761130.7289999998
761141.8815000001
761137.3914999999
761134.6324999998
761131.5655
761128.7140000002
761105.8465
761103.3054999998
761093.131
761071.4755000002
761062.6499999999
761059.7085000002
761057.5355000002
761054.4759999998
761049.676
761045.5104999999
761038.8530000001
761012.969
760990.2990000001
760975.0155000002
760971.8224999998
760955.3969999999
760953.2684999998
760948.7140000002
760916.0855
760889.1705
760869.9844999998
760839.6239999998
760827.1749999998
760808.0724999998
760786.8224999998
760767.4810000001
760755.5214999998
760732.0035000001
760707.3325
760696.8265
760676.3199999998
760632.4035
760609.9985000002
760585.9155000001
760578.8829999999
760567.7420000001
760552.3665
760546.1795000001
760530.9199999999
760496.9929999998
760477.1384999999
760474.0145
760468.5359999998
760467.5129999998
760464.8755000001
760456.3539999998
760454.0304999999
760453.469
760450.8590000002
760451.338
760446.0364999999
760439.6735
760434.6609999998
760428.4199999999
760427.6554999999
760423.3415000001
760412.7549999999
760408.6830000002
760405.5894999998
760405.4484999999
760405.8160000001
760400.5559999999
760394.6584999999
760397.9199999999
760393.733
760392.0414999998
760391.7540000002
760386.733
760382.0765
760379.1320000002
760377.4615000002
760375.3835
760376.2464999999
760376.5904999999
760353.2080000001
760323.3865
760296.4615000002
760277.1209999998
760275.4909999999
760266.8355
760252.3015000001
760241.6784999999
760223.8824999998
760216.3435
760190.3314999999
760169.7949999999
760152.872
760132.5665000002
760112.7519999999
760052.7914999998
760035.9065
760014.8284999998
759988.9245000002
759977.3399999999
759940.716
759921.0364999999
759935.6809999999
759956.0729999999
759943.8020000001
759917.6055000001
759890.8845000002
759873.2834999999
759864.2955
759856.935
759847.3905000002
759832.5345000001
759791.8820000002
759766.3429999999
759756.9785000002
759742.6384999999
759726.7664999999
759697.9670000002
759674.8110000002
759642.3305000002
759622.3160000001
759588.2675000001
759560.0575000001
759549.0065000001
759524.2064999999
759524.3169999998
759538.2355
759541.5954999998
759555.3824999998
759564.7390000001
759552.0929999999
759544.4105000002
759521.7400000002
759549.8080000002
759543.3574999999
759511.5899999999
759475.1159999999
759472.0129999998
759469.2519999999
759467.6940000001
759434.7719999999
759424.6170000001
759412.7445
759407.8755000001
759404.7324999999
759385.3590000002
759372.6669999999
759353.2505000001
759339.6170000001
759317.5915000001
759299.8939999999
759270.6165
759245.1945000002
759202.3739999998
759166.5329999998
759143.9345
759115.6014999999
759088.1179999998
759059.8835
759026.1715000002
759005.2535000001
758981.9569999999
758953.0759999999
758932.202
758901.7245
758883.5120000001
758849.0240000002
758805.057
758768.7785
758782.0320000001
758802.6294999998
758798.5610000002
758835.0715000001
758840.2749999999
758853.5775000001
758865.1094999998
758872.4945
758878.8245000001
758892.1705
758894.9695000001
758902.2475
758904.3824999998
758914.3675000002
758918.2570000002
758924.6425000001
758928.8544999999
758935.3925000001
758939.69
758946.5855
758954.6430000002
758972.0384999998
758989.3309999998
759001.9275000002
759022.1000000001
759029.8355
759035.9824999999
759039.3135000002
759042.3095
759045.0580000002
759044.4950000001
759044.798
759047.9075000002
759046.139
759045.7204999998
759052.8675000002
759059.639
759066.4219999998
759077.0534999999
759083.2590000001
759090.077
759090.9369999999
759093.4739999999
759093.8854999999
759097.4309999999
759100.1949999998
759101.4180000001
759106.6605000002
759111.4725000001
759113.0954999998
759117.2250000001
759116.9589999998
759120.7825000002
759120.6575000002
759122.9484999999
759135.3190000001
759140.3900000001
759143.4649999999
759155.6965000001
759157.7429999998
759164.0014999998
759164.4010000001
759167.3484999998
759174.8424999998
759183.6294999998
759186.1069999998
759192.2335000001
759195.8385000001
759197.4160000002
759201.2694999999
759205.0639999998
759203.7895
759206.0304999999
759205.44
759207.9315
759209.256
759214.6690000002
759216.5970000001
759217.6984999999
759214.9575
759219.9345
759222.4019999998
759223.369
759226.5274999999
759227.1005000002
759233.5189999999
759246.7969999998
759251.3015000001
759251.4874999998
759255.176
759260.5389999999
759261.7799999998
759264.5085
759272.0070000002
759279.3045000001
759285.0345000001
759285.0814999999
759287.1230000001
759295.9219999998
759297.31
759298.8114999998
759298.2119999998
759302.3905000002
759304.085
759321.0184999998
759322.1660000002
759325.8204999999
759329.4199999999
759332.3934999998
759336.1584999999
759336.4745
759344.9975
759350.381
759359.4084999999
759363.1275
759368.4419999998
759372.2884999998
759373.9095000001
759379.406
759384.6554999999
759388.3659999999
759392.2404999998
759398.3960000002
759402.4695000001
759407.9160000002
759408.0440000002
759407.3045000001
759404.8185
759403.9750000001
759404.2310000001
759405.673
759418.406
759419.7075
759419.3769999999
759420.5425
759424.6540000001
759431.4909999999
759435.1800000002
759438.5975000001
759443.2034999998
759445.2785
759450.4509999999
759452.4224999999
759451.0070000002
759453.3480000002
759453.5180000002
759455.8585000001
759463.7429999998
759464.9435
759471.9470000002
759476.6469999999
759485.0
759489.9029999999
759501.5290000001
759503.3495
759508.4715
759521.4300000002
759526.9885
759527.858
759532.3670000001
759543.2185
759547.8360000001
759556.6354999999
759572.892
759581.395
759582.6209999998
759585.4904999998
759590.568
759590.8309999998
759592.0449999999
759591.9509999999
759590.8615000001
759592.2664999999
759595.8454999998
759598.3265
759603.2940000002
759609.5809999998
759615.4100000001
759615.9950000001
759614.52
759615.6239999998
759611.7119999998
759607.8590000002
759610.1749999998
759618.7259999998
759623.966
759627.3544999999
759631.1740000001
759639.3985000001
759640.577
759649.7475
759657.361
759665.639
759670.7940000002
759675.2000000002
759684.0070000002
759684.8144999999
759685.8900000001
759690.0784999998
759692.4029999999
759698.4295000001
759702.7335000001
759712.9640000002
759721.8879999998
759724.2179999999
759729.0079999999
759732.2935000001
759736.6175000002
759744.6379999998
759748.0145
759752.8489999999
759756.935
759769.5115
759771.4145
759776.9840000002
759777.4704999998
759781.0359999998
759785.4545
759785.7250000001
759784.4495000001
759781.869
759775.9219999998
759775.8709999998
759772.534
759756.8394999998
759755.3495
759751.9855
759751.6974999998
759736.568
759733.5265000002
759728.4890000001
759723.4139999999
759711.0720000002
759704.4010000001
759689.7140000002
759684.585
759677.5995
759670.7880000002
759663.6645
759665.284
759663.7400000002
759647.0575000001
759630.2455000002
759614.273
759672.602
759648.8670000001
759648.7940000002
759632.372
759581.2634999999
759549.4235
759545.5559999999
759528.6044999999
759525.9959999998
759513.9015000002
759529.0465000002
759509.8884999999
759500.8204999999
759484.7239999999
759467.5825
759450.426
759442.0040000002
759416.1784999999
759359.31
759335.176
759308.5334999999
759305.4465000001
759307.0384999998
759307.3505000002
759310.6269999999
759290.9130000002
759288.6269999999
759231.8125
759206.5240000002
759203.6804999998
759212.1170000001
759186.8845000002
759185.7935000001
759174.9075000002
759157.219
759094.6170000001
759091.3505000002
759080.9915
759075.79
759058.057
759036.2280000001
759027.2540000002
759020.6690000002
759023.7275
759010.5040000002
758966.7935000001
758927.5474999999
758879.3849999998
758867.5965
758880.5380000002
758891.898
758914.8265
758937.2535000001
758950.4835000001
758935.9679999999
758948.6005000002
758950.6074999999
758960.0865000002
758959.648
758959.4534999998
758967.4605
758976.9185000001
758997.9819999998
759003.6515000002
759021.6660000002
759007.497
758989.0440000002
758960.3250000002
758931.915
758902.0495000002
758863.9205
758854.0869999998
758847.1639999999
758849.2220000001
758846.4190000002
758845.9185000001
758850.5249999999
758828.9840000002
758806.4589999998
758799.1179999998
758785.5265000002
758758.0989999999
758688.744
758646.9334999998
758609.1225
758583.6784999999
758545.2429999998
758460.716
758357.6235000002
758353.1490000002
758300.5320000001
758230.1354999999
758196.9145
758115.4909999999
758057.3029999998
758023.7425000002
757977.1485000001
757935.9109999998
757827.994
757756.2365000001
757725.1570000001
757644.9755000002
757528.48
757408.815
757303.0844999999
757255.0134999999
757181.4534999998
757180.1584999999
757165.2489999998
757157.997
757151.6690000002
757152.0350000001
757155.1124999998
757151.1915000002
757144.3114999998
757111.5989999999
757083.719
757082.9679999999
757053.7714999998
757033.517
757032.4070000001
757025.767
757022.1915000002
757013.3144999999
757013.5894999998
757017.0554999998
757028.0145
757016.8859999999
757003.7185
756995.2034999998
756983.8344999999
756951.8289999999
756934.4385000002
756938.8484999998
756936.0915000001
756932.3300000001
756923.9275000002
756905.0855
756899.4339999999
756895.094
756867.4024999999
756858.605
756850.2220000001
756663.5465000002
756628.8760000002
756625.6005000002
756619.3790000002
756615.2119999998
756615.389
756574.196
756557.8004999999
756540.9534999998
756528.5465000002
756526.1719999998
756522.0435000001
756486.3169999998
756484.1584999999
756454.0249999999
756417.1869999999
756331.4199999999
756319.3709999998
756266.7765000002
756250.4585000002
756234.969
756234.3174999999
756226.9300000002
756228.4879999999
756231.2689999999
756248.1209999998
756286.8190000001
756325.1315000001
756365.361
756402.3505000002
756430.1639999999
756472.074
756483.6625000001
756530.7050000001
756526.162
756502.7880000002
756491.5765
756455.8280000002
756440.8870000001
756478.8590000002
756503.5164999999
756477.9279999998
756464.7949999999
756463.8169999998
756462.8480000002
756476.4160000002
756485.5724999998
756490.7344999998
756491.5844999999
756487.5520000001
756485.2220000001
756494.7609999999
756489.5440000002
756482.946
756492.6230000001
756500.1724999999
756512.8835
756507.2684999998
756490.7450000001
756484.7694999999
756476.8764999998
756474.3144999999
756464.372
756453.0839999998
756440.1600000001
756435.0440000002
756455.2535000001
756414.9525000001
756396.1285000001
756420.0099999998
756430.2034999998
756477.5614999998
756501.2225000001
756525.2039999999
756526.1609999998
761467.3684999999
761479.8429999999
761555.5070000002
761617.2629999998
761645.5235000001
761644.8199999998
761702.9405
761757.994
761762.1655000001
761800.9180000001
761828.2094999999
761884.0375000001
762012.9594999999
762125.8360000001
762152.6494999998
762177.625
762221.3735000002
762266.091
762324.6275
762343.4109999998
762397.6244999999
762430.2535000001
762450.219
762476.1660000002
762514.7634999999
762519.6894999999
762520.5315
762515.4134999998
762500.0550000002
762481.1529999999
762486.273
762486.56
762491.4445000002
762493.1345000002
762493.4895000001
762498.6200000001
762498.4024999999
762510.105
762509.341
762524.8815000001
762537.7549999999
762545.4874999998
762573.3635
762591.8025000002
762608.574
762624.5899999999
762639.1645
762682.5010000002
762694.6924999999
762722.1905
762747.9764999999
762777.4424999999
762843.0490000001
762867.1140000001
762889.5550000002
762923.2305000001
762961.8900000001
762994.7445
763016.5625
763035.142
763049.7995000002
763093.173
763145.9945
763166.841
763184.6414999999
763191.7955
763195.977
763210.7489999998
763228.7820000001
763256.9709999999
763273.5754999998
763293.6595000001
763318.2829999998
763342.415
763372.7919999999
763384.7374999998
763394.9695000001
763414.9369999999
763436.0869999998
763455.8879999998
763479.3999999999
763499.4794999999
763535.9879999999
763552.7445
763553.4989999998
763575.9240000001
763620.3105000001
763636.111
763652.8879999998
763666.497
763673.2154999999
763705.5825
763723.3994999998
763747.0515000001
763764.8355
763808.8714999999
763829.7585
763844.4355000001
763876.4750000001
763899.1400000001
763920.48
763942.8335000002
763967.9070000001
763995.6324999998
764031.8245000001
764051.2179999999
764066.6000000001
764094.2165000001
764119.9840000002
764142.5274999999
764185.1175000002
764196.7209999999
764208.2204999998
764230.0885000001
764246.702
764272.5644999999
764277.3620000002
764287.7310000001
764292.4385000002
764298.4245000002
764303.6299999999
764333.1965000001
764369.8165000002
764380.4865000001
764398.1405000002
764416.2179999999
764388.7225000001
764382.0430000001
764365.8394999998
764340.2415
764331.7570000002
764268.9265000001
764252.807
764256.9950000001
764244.2349999999
764163.7919999999
764135.3004999999
764150.3985000001
764156.3344999999
764106.2154999999
764086.3199999998
764077.6529999999
764069.8135000002
764064.8119999999
764065.5025
764056.6299999999
764046.3930000002
764026.9755000002
764019.9640000002
764002.1735
764012.1349999998
763959.9410000001
763935.372
763799.2710000002
763748.1995000001
763709.9079999998
763680.4745
763678.548
763658.3119999999
763653.0419999999
763645.9139999999
763631.3160000001
763629.5285
763624.7629999998
763627.4865000001
763582.4569999999
763571.1984999999
763597.9075000002
763586.9504999998
763560.4380000001
763531.3565000002
763514.0260000001
763419.9810000001
763399.2790000001
763390.389
763365.9470000002
763351.4300000002
763328.7335000001
763297.1984999999
763274.6595000001
763265.6324999998
763238.3785000001
763216.1945000002
763192.216
763186.5380000002
763155.3185
763140.5249999999
763127.7565000001
763109.327
763090.7629999998
763041.6605000002
763007.2485000002
762985.9334999998
762955.1085000001
762933.5885000001
762923.0460000001
762911.8594999998
762884.2039999999
762861.2080000001
762786.5035000001
762760.4945
762675.7204999998
762623.7075
762568.0965
762539.5669999998
762507.5720000002
762461.9994999999
762427.9029999999
762366.4415000002
762309.3705000002
762297.2804999999
762305.5965
762276.2505000001
762271.869
762215.5495000002
762195.5134999999
762195.7395000001
762180.5550000002
762180.0414999998
762176.4879999999
762181.1069999998
762194.8195000002
762207.3709999998
762201.9594999999
762204.2680000002
762215.1074999999
762221.9270000001
762233.6490000002
762228.196
762223.5959999999
762217.7850000001
762223.2289999998
762199.5329999998
762265.2659999998
762300.4105000002
762231.9049999998
762226.4580000001
762229.4909999999
762243.6120000002
762251.3489999999
762260.4674999998
762272.0099999998
762280.8435
762298.9254999999
762304.9295000001
762307.5584999998
762307.8799999999
762308.7215
762310.7310000001
762329.5734999999
762343.9915
762362.719
762392.7004999998
762600.9950000001
762626.5894999998
762608.5019999999
762600.449
762600.2985
762622.4844999998
762644.2105
762724.3295
762742.4330000002
762767.3615000001
762790.4405
762809.719
762819.4679999999
762843.006
762862.4909999999
762867.6269999999
762855.19
762837.0235000001
762809.2085000002
762827.2889999999
762794.4955000002
762782.4270000001
762771.0189999999
762807.483
762823.6809999999
762849.4155000001
762876.0129999998
762887.9904999998
762937.588
763002.5950000002
763028.6605000002
763047.8369999998
763058.5274999999
763071.406
763190.8735000002
763293.2925
763302.0085
763460.0669999998
763460.1889999998
763459.5244999998
763453.8360000001
763442.693
763430.3195000002
763420.9164999998
763408.7599999998
763398.0589999999
763395.7820000001
763374.1779999998
763363.1614999999
763338.8805
763336.3999999999
763321.7910000002
763289.608
763271.3760000002
763260.1705
763250.3820000002
763238.892
763229.574
763217.3484999998
763202.6140000001
763187.5240000002
763167.9164999998
763158.0499999998
763147.8155
763129.7185
763123.8374999999
763121.7855000002
763112.2179999999
763098.861
763090.006
763080.0304999999
763071.6715000002
763062.8015000001
763057.8259999999
763048.2585
763021.8305000002
763008.2565000001
762999.7080000001
762986.446
762963.4369999999
762945.9330000002
762912.9890000001
762901.6320000002
762877.3964999998
762854.682
762850.0299999998
762835.6444999999
762827.7374999998
762800.9900000002
762784.7124999999
762742.4734999998
762728.423
762711.0005000001
762676.2684999998
762653.0134999999
762641.0775000001
762615.6035000002
762578.7684999998
762563.5159999998
762540.2705000001
762503.4079999998
762482.3794999998
762458.3709999998
762430.0619999999
762417.8930000002
762400.4840000002
762391.3960000002
762389.2540000002
762382.7744999998
762371.7015
762363.1499999999
762349.5279999999
762340.4265000001
762326.5635000002
762319.9245000002
762310.713
762303.602
762296.983
762285.9105000002
762275.6434999998
762246.4644999998
762236.7489999998
762227.2760000001
762212.1464999998
762198.3415000001
762172.0490000001
762162.1290000002
762152.3289999999
762136.98
762108.0350000001
762094.2255000002
762078.7765000002
762049.2464999999
762026.7215
762006.3640000001
761970.5440000002
761916.4134999998
761884.682
761866.443
761832.9679999999
761829.4435
761825.051
761813.4224999999
761807.5784999998
761786.5729999999
761772.2319999998
761766.9210000001
761748.3565000002
761741.997
761735.0639999998
761722.0225
761696.1830000002
761681.6945000002
761676.1195
761663.733
761632.5904999999
761621.5625
761637.0984999998
761647.4215000002
761658.0830000001
761675.6949999998
761692.5055
761712.6575000002
761739.9029999999
761748.5874999999
761742.2755
761735.0184999998
761766.9095000001
761799.2055000002
761854.5819999999
761882.6834999998
761899.1444999999
761920.966
761949.6365
761967.4959999998
761989.1035000002
762014.6970000002
762030.7324999999
762032.256
762030.4084999999
762012.8829999999
761993.7245
761999.4109999998
762000.3245000001
761999.0074999998
761938.5685
761874.4855
761872.3435
761824.3840000001
761772.6035000002
761764.037
761733.4900000002
761729.2689999999
761710.52
761687.5285
761724.3654999998
761771.9895000001
761802.5775000001
761810.2140000002
761809.4114999999
761823.1170000001
761796.3560000001
761720.1269999999
761722.0465000002
761731.5699999998
761750.1354999999
761792.7985
761784.0025
761813.6565
761844.9315
761832.5175000001
761824.9920000001
761823.5419999999
761808.8305000002
761805.6680000001
761797.077
761788.6154999998
761778.0265000002
761777.7050000001
761769.9824999999
761765.8319999999
761762.7009999999
761756.6915000002
761751.7689999999
761745.7880000002
761738.713
761725.7615
761709.4114999999
761690.1209999998
761668.4249999998
761657.3360000001
761649.6460000002
761643.6660000002
761632.7855000002
761622.6074999999
761615.5469999998
761612.8509999998
761607.1165
761599.702
761591.2485000002
761568.4410000001
761555.889
761529.7374999998
761520.9024999999
761517.685
761511.0874999999
761507.0279999999
761502.7140000002
761496.6775000002
761495.3775
761488.3119999999
761488.7684999998
761472.4564999999
761455.0529999998
761442.7275
761428.5619999999
761402.4495000001
761387.2740000002
761375.7785
761367.3484999998
761345.997
761335.4300000002
761327.3480000002
761318.9235
761316.8174999999
761314.6485000001
761313.9015000002
761313.733
761309.0345000001
761296.8139999998
761279.7489999998
761271.8144999999
761260.8105000001
761234.1099999999
761220.176
761208.3675000002
761183.1074999999
761158.4284999999
761149.2680000002
761147.5244999998
761141.395
761140.2510000002
761127.0255
761114.071
761110.764
761098.9734999998
761083.0320000001
761071.1370000001
761063.9539999999
761057.7264999999
761047.6264999998
761032.5855
760998.6494999998
760988.6165
760982.7609999999
760978.6370000001
760973.5660000001
760963.9925000002
760960.2889999999
760952.3870000001
760942.0440000002
760930.068
760923.3450000002
760921.1349999998
760916.4394999999
760903.2855000002
760898.7995000002
760898.0325000002
760892.2719999999
760879.2179999999
760873.0844999999
760868.321
760858.5830000001
760850.8015000001
760842.5869999998
760830.0219999999
760811.8509999998
760794.9575
760791.6605000002
760782.7089999998
760769.8229999999
760762.1030000001
760741.1140000001
760734.4959999998
760731.1625000001
760724.1575000002
760719.5619999999
760715.1099999999
760703.0554999998
760698.5920000002
760691.0729999999
760687.7379999999
760687.2064999999
760684.4920000001
760682.4405
760678.7000000002
760672.557
760670.8465
760667.3735000002
760664.0674999999
760662.4304999998
760658.4474999998
760657.253
760643.9210000001
760638.2434999999
760632.5485
760627.3560000001
760622.3399999999
760615.6524999999
760605.5575000001
760665.2999999998
760663.341
760687.4589999998
760703.3585000001
760719.1524999999
760743.2080000001
760734.7965000002
760749.5655
760767.0355000002
760807.1060000001
760835.2949999999
760924.8775
760933.7910000002
760941.6175000002
760964.1625000001
760968.9125000001
760978.477
760985.3095
760991.7370000002
761002.8999999999
761014.5014999998
761025.4745
761075.0395
761074.9745
761073.9145
761074.7434999999
761076.2204999998
761073.4449999998
761071.4449999998
761071.9890000001
761071.7480000001
761068.0205000001
761063.7590000001
761061.8594999998
761057.6915000002
761055.4569999999
761052.0989999999
761052.5035000001
761046.44
761045.9054999999
761042.1535
761041.7390000001
761039.8385000001
761091.2850000001
761119.8730000001
761142.3404999999
761161.8635
761201.0010000002
761173.0460000001
761160.5835000002
761146.5274999999
761105.8925000001
761073.6605000002
761043.3960000002
761038.5860000001
760974.0720000002
760971.3130000001
760971.2429999998
760946.4410000001
760940.0809999998
760934.3739999998
760927.3045000001
760876.3794999998
760865.4440000001
760884.9605
760881.6235000002
760857.0639999998
760831.7025000001
760783.3705000002
760740.881
760741.1425000001
760747.9989999998
760763.0104999999
760745.9874999998
760737.8394999998
760693.5639999998
760692.9539999999
760662.0044999998
760653.8650000002
760643.6634999998
760621.4879999999
760612.8415000001
760527.9835000001
760405.156
760394.7549999999
760333.4775
760316.568
760216.307
760228.7889999999
760180.2855000002
760119.0474999999
760106.4534999998
760118.997
760123.071
760125.2850000001
760135.4449999998
760088.7475
760072.6869999999
760040.4180000001
760009.2365000001
759962.8585000001
759946.0205000001
759933.04
759916.3480000002
759942.5970000001
759916.8535000002
759907.0614999998
759923.1000000001
759896.29
759881.9304999998
759910.9734999998
759929.3020000001
759928.3480000002
759928.7855000002
759931.9734999998
759933.4794999999
759945.4530000002
759949.9065
759958.2514999998
759963.9644999998
759975.2390000001
759982.1400000001
759992.1549999998
759997.9959999998
760004.4950000001
760020.3169999998
760025.4635000001
760029.3429999999
760032.6505
760037.8314999999
760040.6094999998
760041.5364999999
760052.0079999999
760057.2744999998
760077.7905000001
760084.2645
760092.2310000001
760097.5685
760101.4955000002
760104.04
760107.0529999998
760113.1195
760115.3990000002
760117.7239999999
760120.2570000002
760123.3415000001
760129.7069999999
760138.6014999999
760147.0435000001
760154.3599999999
760151.2590000001
760153.605
760154.1885000002
760152.895
760150.517
760153.006
760157.1984999999
760150.8635
760144.2634999999
760141.9945
760143.7884999998
760151.111
760154.0669999998
760160.3295
760166.5225
760178.173
760193.7234999998
760195.2285000002
760204.1515000002
760206.1630000002
760212.3399999999
760234.8360000001
760246.0194999999
760275.2434999999
760327.4915
760335.5315
760341.9569999999
760349.0589999999
760367.2965000002
760385.0104999999
760371.6570000001
760369.1749999998
760374.8565000002
760373.3415000001
760376.4994999999
760380.2220000001
760378.3805
760375.273
760374.003
760369.7875000001
760368.6275
760364.2185
760361.0329999998
760361.5425
760360.2579999999
760357.3999999999
760351.2719999999
760352.7464999999
760349.9029999999
760349.7319999998
760349.6984999999
760351.6745000002
760351.8105000001
760362.7875000001
760374.2850000001
760415.426
760450.1570000001
760472.2025000001
760478.2094999999
760487.6230000001
760490.6264999998
760492.9750000001
760496.0745000001
760508.139
760508.406
760511.6575000002
760515.6889999998
760525.5180000002
760535.4330000002
760558.747
760562.7050000001
760565.3500000001
760571.0635000002
760574.9670000002
760581.4360000002
760585.8875000002
760588.7195000001
760594.9194999998
760606.6305
760610.1749999998
760615.6600000001
760619.5090000001
760625.7919999999
760629.75
760635.6099999999
760648.0995
760654.4649999999
760661.2395000001
760663.2790000001
760666.8955000001
760672.7760000001
760692.1855000001
760686.9440000001
760669.3700000001
760677.3544999999
760669.7250000001
760672.8640000001
760676.2940000002
760679.2910000002
760681.5660000001
760687.56
760691.4605
760696.0970000001
760694.4610000001
760701.057
760705.264
760711.4270000001
760714.5240000002
760720.3900000001
760729.4755000002
760738.9139999999
760743.3204999999
760750.0364999999
760751.8385000001
760755.6239999998
760759.4994999999
760758.2889999999
760759.4539999999
760759.7960000001
760766.9515
760817.9610000001
760802.0844999999
760787.1860000002
760767.8404999999
760764.3360000001
760766.557
760771.8665
760775.128
760781.4720000001
760790.5145
760808.5444999998
760812.2965000002
760820.4334999998
760873.8820000002
760912.1915000002
760925.7675000001
760986.1625000001
761043.9405
761119.9504999998
761170.3859999999
761195.3509999998
761188.7280000001
761232.9709999999
761251.6154999998
761253.5145
761254.889
761262.5860000001
761271.8229999999
761280.2590000001
761293.9045000002
761316.3650000002
761327.392
761329.5255
761338.2760000001
761353.8470000001
761406.5274999999
761478.0780000002
761467.3684999999
745254.1120000002
745273.4205
745311.0614999998
745274.494
745230.3155
745200.6490000002
745219.111
745229.6965000001
745230.6235000002
745234.1444999999
745239.693
745248.8914999999
745254.1120000002
