710712.909
710755.9040000001
710767.1025
710783.1864999998
710803.4210000001
710827.9945
710834.7955
710842.1979999999
710857.8059999999
710867.0655
710877.6554999999
710890.0304999999
710900.5619999999
710907.227
710926.4449999998
710946.3185
710955.9330000002
710973.7315000002
710991.0440000002
711013.4575
711035.7969999998
711062.8300000001
711079.0214999998
711097.2489999998
711106.9389999998
711117.3730000001
711125.0605000001
711133.1099999999
711145.5095000002
711157.1379999998
711176.5780000002
711182.676
711187.4619999998
711198.2785
711211.9759999998
711226.5134999999
711231.1044999999
711233.8095
711243.6269999999
711258.6305
711278.1009999998
711282.3875000002
711379.4114999999
711453.6365
711512.1954999999
711591.5095000002
711691.693
711760.4835000001
711788.7544999998
711822.1609999998
711825.5410000002
711828.7400000002
711831.6749999998
711874.091
711902.0440000002
711921.585
711953.8454999998
711962.3820000002
711958.5210000002
711945.9539999999
711932.9024999999
711923.611
712000.298
711995.4745
712033.9375
712033.642
712002.5249999999
712006.318
712031.6724999999
712085.9550000001
712126.3835
712179.3280000002
712203.2799999998
712224.7884999998
712233.9994999999
712242.5605000001
712251.588
712260.9169999999
712270.2735000001
712298.7919999999
712321.1105
712338.2540000002
712342.1499999999
712355.6255000001
712380.5070000002
712400.2489999998
712419.9219999998
712417.3429999999
712426.6845
712421.7590000001
712420.6499999999
712423.2395000001
712417.068
712415.1784999999
712414.69
712415.5970000001
712417.8675000002
712423.9389999998
712421.3629999999
712421.611
712424.6195
712430.3259999999
712469.5474999999
712495.9389999998
712506.7004999998
712513.4010000001
712527.0605000001
712572.398
712599.5235000001
712634.5575000001
712651.0980000002
712677.4720000001
712710.7999999998
712734.4844999998
712740.216
712742.8394999998
712743.8760000002
712748.5915000001
712760.4145
712771.7574999998
712789.9079999998
712810.7340000002
712829.8925000001
712864.5595
712875.9819999998
712884.4130000002
712904.6905
712930.1379999998
712938.25
712949.7974999999
713019.9270000001
713088.2420000001
713107.1494999998
713216.5474999999
713291.2595000002
713356.389
713373.9709999999
713388.1430000002
713404.6124999998
713449.9994999999
713460.1150000002
713469.7335000001
713468.7349999999
713489.2425000002
713491.9035
713510.3059999999
713538.4474999998
713562.1919999998
713563.8849999998
713591.3714999999
713608.1515000002
713618.432
713611.2579999999
713685.4955000002
713723.9245000002
713740.98
713746.1775000002
713738.969
713771.7009999999
713786.9445000002
713803.8484999998
713806.0860000001
713809.9504999998
713812.6299999999
713826.2625000002
713827.3390000002
713829.1490000002
713831.5795
713834.5455
713837.8535000002
713841.3114999998
713844.7535000001
713848.0159999998
713890.6055000001
713909.054
713931.7785
713939.4325000001
713932.8544999999
714006.9330000002
714032.5899999999
714034.0435000001
714047.682
714060.0469999998
714100.4024999999
714148.926
714203.111
714212.7390000001
714227.4424999999
714247.9745
714263.0225
714271.0795
714284.0835000002
714322.7969999998
714329.6505
714325.0669999998
714320.298
714323.145
714310.7910000002
714309.3220000002
714308.3764999998
714307.9539999999
714308.0795
714308.7239999999
714309.9139999999
714311.6205000002
714313.787
714322.5765
714284.2570000002
714246.0545000001
714141.7294999999
714127.7675000001
714114.1554999999
714101.3034999999
714089.7004999998
713967.0674999999
713924.6645
713896.318
713863.8865
713816.6745000002
713773.4964999999
713762.6135
713752.7485000002
713744.1444999999
713737.017
713685.0959999999
713630.2714999998
713871.3599999999
714685.6915000002
714736.2015
714780.0830000001
714830.5899999999
714871.7285000002
714913.5595
714959.6749999998
714995.9465000001
714989.9224999999
714977.1320000002
714913.605
714940.6230000001
714961.2694999999
714968.1630000002
714975.7995000002
714982.4005
714988.3934999998
715006.23
715013.9024999999
715011.7385
715056.5419999999
715092.8495
715151.753
715173.5115
715180.9564999999
715188.0724999998
715194.6375000002
715200.4029999999
715221.4594999999
715243.0375000001
715247.4045000002
715263.0525000002
715301.4865000001
715309.6965000001
715310.0644999999
715314.9730000002
715432.0835000002
715453.5869999998
715479.8845000002
715499.6804999998
715514.6264999998
715529.4934999999
715560.4215000002
715589.1244999999
715612.9169999999
715638.3155
715674.1905
715683.8930000002
715727.9534999998
715745.1430000002
715786.5189999999
715798.5485
715808.5614999998
715819.8695
715836.5184999998
715872.8785000001
715880.2719999999
715887.8569999998
715895.3605
715902.5074999998
715946.781
715981.4180000001
716030.9764999999
716058.6664999998
716130.804
716200.5885000001
716240.48
716269.9084999999
716303.3640000001
716313.9445000002
716359.1699999999
716395.6680000001
716419.497
716450.7785
716468.1439999999
716496.1995000001
716513.2030000002
716532.5164999999
716591.057
716609.3475000001
716618.3445000001
716628.4169999999
716639.2135000001
716650.3785000001
716675.2459999998
716646.0240000002
716638.3799999999
716636.6995000001
716634.1340000001
716630.736
716596.8489999999
716594.2475
716591.7680000002
716589.5474999999
716587.7755
716586.5325000002
716585.9509999999
716586.0019999999
716587.8665
716588.3155
716588.0520000001
716587.0734999999
716585.4594999999
716583.2615
716580.588
716577.5465000002
716551.7344999998
716486.2725
716484.176
716480.4745
716475.4345
716469.4339999999
716419.1375000002
716352.6910000001
716317.0904999999
716297.8684999999
716273.6425000001
716167.3374999999
716130.6529999999
716030.1575000002
716049.6735
715982.6460000002
715986.8799999999
715988.5225
715987.4794999999
715983.7960000001
715972.071
715964.0674999999
715959.1264999998
715950.2400000002
715961.1469999999
715959.9125000001
715948.0214999998
715947.7799999998
715940.727
715930.4224999999
715926.7195000001
715926.9589999998
715922.7519999999
715917.6984999999
715910.5954999998
715914.6505
715912.9270000001
715909.0674999999
715903.4644999998
715896.2489999998
715887.6894999999
715841.1770000001
715806.4975
715812.9284999999
715816.1675
715816.1225
715812.7820000001
715800.0915000001
715781.8160000001
715733.0129999998
715679.2650000001
715626.1444999999
715646.2080000001
715568.8905000002
715579.2944999998
715574.7094999999
715549.8574999999
715515.4389999998
715478.8390000002
715504.2050000001
715522.4515
715534.4909999999
715532.8424999998
715553.6625000001
715652.662
715668.6469999999
715724.0044999998
715598.6414999999
715623.5865000002
715655.1340000001
715762.6549999998
715807.6660000002
715845.4649999999
715931.4959999998
715980.5265000002
716055.3605
716067.4550000001
716160.7680000002
716171.8130000001
716149.6044999999
716103.8535000002
716079.5575000001
716051.2570000002
716001.6614999999
715975.2725
715954.2949999999
715939.5159999998
715847.1175000002
715822.9405
715808.2179999999
715765.3505000002
715752.9240000001
715691.2030000002
715700.4709999999
715680.8015000001
715658.3854999999
715630.3105000001
715587.9975
715542.8459999999
715520.0789999999
715497.5155000002
715473.9890000001
715429.4819999998
715395.1395
715395.04
715371.5129999998
715346.8599999999
715300.0249999999
715243.7880000002
715217.9254999999
715190.7905000001
715140.2620000001
715137.3560000001
715134.2149999999
715130.9780000001
715127.8365000002
715124.8725
715122.2760000001
715120.1285000001
715118.565
715001.7880000002
714964.8420000002
714964.5844999999
714959.3845000002
714953.6485000001
714925.4759999998
714903.3295
714852.9929999998
714827.2710000002
714798.8300000001
714785.574
714675.1535
714629.3204999999
714624.0474999999
714619.2004999998
714614.8870000001
714611.1605000002
714597.0109999999
714592.5984999998
714587.3990000002
714581.5734999999
714557.7930000001
714511.8089999999
714491.926
714454.8374999999
714444.5474999999
714418.6055000001
714395.7385
714372.5359999998
714355.3289999999
714342.8165000002
714305.0595
714274.2555
714272.6630000002
714274.5805000002
714273.0159999998
714270.1800000002
714266.2045
714261.3309999998
714217.6669999999
714190.3475000001
714182.9079999998
714170.5565
714172.7455000002
714122.3160000001
714119.0180000002
714116.2804999999
714114.2655000002
714113.0520000001
714108.2379999999
714080.5565
714050.5104999999
714035.4175
714000.9345
713977.8360000001
713962.8725
713946.8250000002
713920.6804999998
713892.6845
713857.338
713833.9615000002
713821.1894999999
713780.2969999998
713742.9360000002
713716.9635000001
713675.7859999998
713609.2519999999
713593.7889999999
713588.8165000002
713577.0520000001
713508.5789999999
713488.0025
713473.4750000001
713420.8870000001
713392.4369999999
713358.1639999999
713332.5529999998
713261.71
713232.46
713202.3824999998
713195.2385
713151.4509999999
713119.1515000002
713054.3424999998
713011.7990000001
712991.4920000001
712958.2064999999
712943.7815
712952.1885000002
712924.4295000001
712899.7135000001
712872.895
712856.0384999998
712804.506
712772.0364999999
712744.0504999999
712697.4700000002
712631.6434999998
712609.2599999998
712582.0159999998
712544.4035
712531.8585000001
712490.2234999998
712463.7850000001
712396.051
712343.0329999998
712262.6705
712226.2544999998
712187.4040000001
712181.9759999998
712153.5414999998
712139.9530000002
712115.6384999999
712115.3705000002
712100.9309999999
712111.3004999999
712077.7059999998
712063.5375000001
712003.5214999998
711938.5159999998
711893.8195000002
711884.727
711902.0885000001
711896.1444999999
711911.7845000001
711899.9994999999
711789.2234999998
711784.5175000001
711736.0244999998
711648.9415000002
711635.9589999998
711556.281
711457.423
711415.7820000001
711242.0395
711275.7234999998
711238.5699999998
711256.6039999998
711259.5290000001
711231.1135
711218.5699999998
711139.915
711128.3714999999
711129.5789999999
711034.9649999999
711009.7030000002
711000.8339999998
711005.8645000001
710989.1039999998
710990.1800000002
710974.4665000001
710832.3089999999
710770.8629999999
710756.4904999998
710715.3199999998
710700.2675000001
710669.8204999999
710654.0125000002
710654.8125
710634.0734999999
710613.5014999998
710590.6464999998
710538.5989999999
710537.1800000002
710509.5825
710472.1940000001
710350.3105000001
710088.6030000001
710017.3050000002
709906.4180000001
709409.5980000002
709178.7025000001
709158.8059999999
709074.21
708961.3265
708858.2310000001
708815.77
708800.0040000002
708777.9819999998
708749.0995
708728.1775000002
708705.219
708693.2289999998
708660.3344999999
708636.1460000002
708613.2294999999
708589.2855000002
708580.6765000001
708574.8565000002
708561.392
708538.8944999999
708520.5989999999
708485.8119999999
708468.5984999998
708450.642
708437.9415000002
708426.1124999998
708408.3805
708443.1669999999
708461.3900000001
708474.3415000001
708451.0975000001
708438.9539999999
708424.9610000001
708392.7009999999
708397.2585
708405.3975
708409.9424999999
708427.1699999999
708389.8155
708377.7634999999
708362.0724999998
708352.2390000001
708345.2404999998
708306.3084999998
708284.54
708272.8330000001
708269.4794999999
708235.5205000001
708214.131
708148.3939999999
708068.6145000001
708034.3095
708014.7914999998
707994.8054999998
707973.6639999999
707971.5580000002
707982.0724999998
707964.4785000002
707947.6554999999
707933.5414999998
707906.5184999998
707914.48
707900.3224999998
707897.6030000001
707902.2570000002
707925.3684999999
707929.8624999998
707886.0580000002
707856.551
707840.736
707810.716
707533.7149999999
707520.716
707500.7259999998
707390.7174999998
707383.7275
707433.7285000002
707450.7234999998
707473.7374999998
707450.7264999999
707455.7259999998
707445.7489999998
707443.7275
707428.7344999998
707413.7450000001
707403.7264999999
707413.7415
707413.7395000001
707425.7234999998
707413.7335000001
707405.7310000001
707408.7319999998
707403.7280000001
707403.7385
707395.747
707413.7374999998
707433.7390000001
707445.7275
707435.744
707443.7289999998
707465.7305000001
707473.7344999998
707485.7455000002
707485.7315000002
707470.7349999999
707463.7505000001
707465.7415
707478.7525
707465.7335000001
707433.7390000001
707420.7420000001
707425.7485000002
707418.7555
707400.7395000001
707373.7535000001
707355.7385
707315.7445
707297.2829999998
707287.7919999999
707278.1124999998
707293.4550000001
707267.7324999999
707260.0099999998
707221.3679999998
707171.8015000001
707140.3245000001
707073.8820000002
707045.4635000001
707042.8259999999
707041.588
707035.8275000001
707001.6085000001
706957.997
706949.9364999998
706962.1924999999
706952.7485000002
706730.23
706465.7535000001
706395.2544999998
706254.2459999998
706081.7445
705991.7510000002
705879.7395000001
705807.7250000001
705780.1660000002
705881.0759999999
705950.4805000001
705846.381
705866.915
705878.7239999999
705900.412
705898.176
705930.8960000002
705947.1595000001
705940.0085
705960.3990000002
705940.4339999999
705851.1090000002
705786.9665000001
705733.0189999999
705743.8705000002
705698.2445
705491.8275000001
705267.4619999998
705185.4194999998
704734.7344999998
704463.6869999999
704464.3365000002
704323.7050000001
704235.7204999998
704120.7119999998
704048.7075
703970.6905
703910.7045
703765.7110000001
703758.6945000002
703760.6915000002
703750.6935
703733.7030000002
703713.7025000001
703645.7004999998
703535.6949999998
703500.6984999999
703450.6875
703388.6855000001
703368.6880000001
703383.7080000001
703380.696
703295.7094999999
703283.6979999999
703245.7064999999
703170.7064999999
703118.7069999999
703043.7080000001
703055.6880000001
702738.7015
702655.6889999998
702605.6915000002
702548.679
702505.6984999999
702405.6995000001
702360.6974999998
702343.6875
702305.6845
702283.6775000002
702235.6745000002
702195.6910000001
702135.6779999998
702088.6719999998
702038.6754999999
701995.6754999999
701980.6804999998
701700.6880000001
701710.6634999998
701615.6855000001
701435.6645
701320.6834999998
701285.3994999998
701270.673
701110.6675
701088.6795000001
701065.6694999998
701033.6584999999
700928.6584999999
700905.6545000002
700855.6549999998
700800.6609999998
700778.6715000002
700768.6710000001
700748.6639999999
700725.6510000001
700680.6694999998
700680.673
700658.6639999999
700643.6655000001
700615.6754999999
700595.6634999998
700568.6605000002
700540.6609999998
700535.6715000002
700518.6510000001
700513.6529999999
700503.6535
700460.6510000001
700450.6554999999
700420.665
700410.656
700398.6475
700393.6690000002
700378.6485000001
700370.6710000001
700330.6579999998
700288.6719999998
700245.6614999999
700213.6680000001
700150.6490000002
700135.6519999998
700105.6609999998
700093.6579999998
700060.648
700043.6505
700013.6680000001
699960.6600000001
699825.645
699800.6414999999
699760.642
699728.6414999999
699620.6460000002
699598.6570000001
699558.6545000002
699553.6499999999
699480.6469999999
699480.6549999998
699510.659
699513.6469999999
699488.6469999999
699488.656
699460.6505
699433.645
699395.6499999999
699358.642
699325.6584999999
699290.6425000001
699263.6379999998
699200.6469999999
699180.6575000002
699153.6575000002
699130.6505
699110.6430000002
699060.6384999999
699040.6485000001
699008.6405000002
698980.6485000001
698928.631
698893.6460000002
698873.6384999999
698848.631
698828.6535
698823.639
698850.6499999999
698793.6469999999
698740.645
698630.6384999999
698635.6535
698618.6535
698570.6400000001
698540.6425000001
698530.6359999999
698503.6335
698470.6475
698468.6469999999
698455.6499999999
698423.6510000001
698348.6494999998
698235.6490000002
698268.6354999999
698273.6315000001
698273.6315000001
698260.6915000002
698244.7179999999
698193.8365000002
698200.4895000001
698153.4985000002
698134.0534999999
698127.4619999998
698101.6600000001
698075.3824999998
698029.3665
698000.1510000001
698007.6614999999
698000.5295000002
697960.0805000002
697937.031
697937.236
697947.869
697923.7744999998
697909.5235000001
697894.5329999998
697897.5789999999
697887.3629999999
697872.3075000001
697868.8265
697835.0805000002
697790.449
697788.1105
697770.1235000002
697734.835
697701.3590000002
697691.4339999999
697648.7379999999
697632.8990000002
697634.3045000001
697622.4805000001
697640.1540000001
697615.4380000001
697567.7999999998
697554.7714999998
697489.0090000001
697489.0095000002
697435.4564999999
697423.3084999998
697371.1669999999
697346.4870000002
697320.4029999999
697325.5835000002
697258.037
697190.6490000002
697152.1554999999
697140.4670000002
697103.105
697040.0389999999
697025.9065
697001.1239999998
696964.0965
696954.7955
696906.6685000001
696893.0575000001
696877.0690000001
696867.0865000002
696839.2974999999
696834.9704999998
696815.5699999998
696785.9389999998
696758.8859999999
696751.358
696671.3309999998
696669.4075000002
696662.6235000002
696653.7230000002
696630.4334999998
696578.6345000002
696547.8284999998
696514.5334999999
696525.4210000001
696503.926
696485.0279999999
696440.7289999998
696427.628
696398.9210000001
696387.8284999998
696371.0225
696365.7055000002
696353.1244999999
696333.8289999999
696324.4275000002
696293.7195000001
696262.7209999999
696234.5150000001
696208.9164999998
696135.2230000002
696129.02
696102.1235000002
696036.5014999998
696028.9125000001
696016.2004999998
696009.6179999998
695964.1129999999
695957.0104999999
695955.6014999999
695935.602
695935.0070000002
695928.5044999998
695917.4160000002
695887.8250000002
695878.7289999998
695876.9125000001
695877.4139999999
695884.219
695888.0274999999
695871.2174999998
695862.4249999998
695857.6135
695855.5269999998
695795.034
696076.0449999999
696055.5414999998
696041.3424999998
696033.2450000001
695895.8744999999
695883.5775000001
695865.3714999999
695855.8840000001
695848.861
695845.7740000002
695840.0844999999
695831.2779999999
695820.2760000001
695777.5825
695800.0765
695799.0989999999
695759.5954999998
695744.6000000001
695718.8944999999
695704.5869999998
695687.9035
695671.503
695660.8859999999
695647.5830000001
695634.8840000001
695618.4900000002
695590.298
695581.0010000002
695576.8930000002
695567.906
695561.7069999999
695534.4145
695520.9045000002
695512.9994999999
695512.9160000002
695509.7064999999
695493.2684999998
695488.3934999998
695490.27
695460.432
695431.3835
695413.0745000001
695387.1860000002
695372.8990000002
695354.2960000001
695344.3875000002
695331.4065
695323.5830000001
695313.1524999999
695297.7725
695273.9134999998
695269.1354999999
695245.1175000002
695235.9819999998
695212.1384999999
695196.0260000001
695187.8020000001
695181.6815
695172.619
695160.2174999998
695150.9169999999
695143.1869999999
695136.5924999998
695130.4674999998
695121.6860000002
695103.1690000002
695072.7195000001
695066.747
695045.804
695034.381
695002.2960000001
694975.94
694959.2799999998
694944.9045000002
694913.5104999999
694902.2820000001
694868.4885
694854.9045000002
694844.3220000002
694834.1535
694825.4084999999
694813.7400000002
694795.8360000001
694789.1094999998
694756.3344999999
694746.7110000001
694737.1200000001
694728.4885
694711.7719999999
694701.6359999999
694693.7085000002
694687.3565000002
694669.1669999999
694630.6469999999
694619.5605000001
694611.4495000001
694600.2834999999
694594.23
694582.2510000002
694571.1545000002
694560.6715000002
694527.5720000002
694518.1159999999
694494.8015000001
694475.7795000002
694465.5924999998
694454.0784999998
694412.2714999998
694401.0950000002
694393.8620000002
694380.4615000002
694368.9075000002
694355.4245000002
694330.4585000002
694317.5184999998
694305.7050000001
694299.301
694288.7144999998
694282.9649999999
694272.7445
694260.8659999999
694250.4764999999
694246.8905000002
694244.6880000001
694237.156
694229.1425000001
694206.2489999998
694199.5575000001
694193.4100000001
694188.3110000002
694181.1460000002
694177.9275000002
694178.199
694173.2755
694152.608
694141.3565000002
694139.6159999999
694129.1490000002
694120.6770000001
694108.0995
694091.5104999999
694078.5225
694067.8470000001
694058.6425000001
694049.02
694041.8160000001
694034.0554999998
694024.8289999999
694021.9835000001
694015.0115
693999.8994999998
693991.1735
693982.6765000001
693974.0145
693961.2310000001
693953.0285
693945.6299999999
693936.1815
693927.1094999998
693916.6924999999
693914.5980000002
693906.5935
693896.0469999998
693885.736
693873.7944999998
693867.3105000001
693864.1494999998
693842.7740000002
693824.6505
693824.6200000001
693804.5095000002
693797.4445000002
693789.3130000001
693774.7650000001
693758.7365000001
693741.4674999998
693734.9010000001
693723.7285000002
693718.06
693715.3119999999
693703.2340000002
693690.5355000002
693665.9619999998
693658.7105
693641.5954999998
693628.2719999999
693620.8289999999
693603.5129999998
693594.2004999998
693573.5874999999
693553.1875
693525.3075000001
693510.7480000001
693486.8615000001
693479.0214999998
693473.6294999998
693453.6065000002
693434.1439999999
693430.7324999999
693421.4389999998
693412.7850000001
693405.6905
693386.8900000001
693379.9449999998
693374.6600000001
693370.625
693366.2820000001
693359.5825
693356.6910000001
693347.1625000001
693339.2905000001
693332.4534999998
693324.2845000001
693318.5329999998
693315.5515000001
693311.4249999998
693302.9339999999
693292.6680000001
693285.506
693285.0320000001
693276.3785000001
693262.0575000001
693250.2475
693237.6375000002
693220.0025
693206.1439999999
693191.1359999999
693179.1675
693165.1855000001
693156.3840000001
693145.4665000001
693140.0970000001
693134.673
693133.3679999998
693131.1745000002
693124.6869999999
693111.7625000002
693100.6230000001
693091.8185
693081.977
693068.0669999998
693053.7030000002
693049.6945000002
693047.4794999999
693025.6485000001
693016.8155
693000.5410000002
692991.06
692979.0210000002
692958.3050000002
692943.1320000002
692932.8675000002
692918.8034999999
692912.662
692908.8739999998
692906.5954999998
692893.6060000001
692877.3709999998
692870.2154999999
692859.8594999998
692850.8659999999
692839.5839999998
692828.5249999999
692821.4745
692813.2714999998
692801.4594999999
692792.8280000002
692783.5885000001
692777.6320000002
692766.2395000001
692758.5729999999
692748.5265000002
692729.2719999999
692714.6860000002
692709.2790000001
692700.2220000001
692691.8799999999
692684.8530000001
692681.0935
692671.9780000001
692663.4730000002
692651.8859999999
692643.8139999998
692637.1779999998
692628.105
692622.3084999998
692611.3305000002
692596.5835000002
692580.1880000001
692557.5989999999
692539.4054999999
692523.0389999999
692515.7519999999
692500.0405000001
692491.6680000001
692451.844
692435.4654999999
692423.7034999998
692410.8280000002
692403.1014999999
692390.5795
692387.1694999998
692383.4304999998
692374.693
692355.071
692340.1264999998
692326.9045000002
692311.6549999998
692296.4380000001
692277.6609999998
692264.7489999998
692227.926
692221.8429999999
692213.6044999999
692205.1145000001
692193.6305
692180.52
692158.9190000002
692147.051
692130.0984999998
692090.3815000001
692081.3004999999
692073.523
692059.0414999998
692048.0970000001
692026.9010000001
692012.1365
691985.4810000001
691977.1209999998
691959.8700000001
691952.5690000001
691940.7280000001
691931.807
691915.926
691910.6694999998
691903.8599999999
691889.7324999999
691877.4405
691872.8569999998
691869.0325000002
691856.3199999998
691847.0625
691836.4730000002
691825.6529999999
691819.361
691805.713
691795.7850000001
691786.8870000001
691778.0304999999
691767.7195000001
691760.267
691748.3679999998
691734.5619999999
691719.1584999999
691705.5529999998
691691.4945
691685.4185000001
691678.6664999998
691629.3289999999
691624.4145
691608.1694999998
691605.4580000001
691598.4555000002
691594.4589999998
691585.3475000001
691581.0745000001
691577.6409999998
691565.8355
691561.9815000002
691544.1315000001
691514.3730000001
691481.8760000002
691476.2875000001
691469.3845000002
691464.4465000001
691446.0435000001
691430.5874999999
691404.7749999999
691399.7335000001
691394.9759999998
691380.3799999999
691368.1235000002
691347.1935
691329.0954999998
691314.8925000001
691304.8339999998
691285.881
691276.2234999998
691267.023
691241.2790000001
691209.9794999999
691200.9304999998
691192.122
691177.9789999998
691135.4805000001
691103.9775
691099.2829999998
691083.0899999999
691057.3895
691042.0924999998
691022.7344999998
690988.8725
690969.2774999999
690950.6864999998
690906.2459999998
690879.8944999999
690831.3835
690805.5405000001
690795.9394999999
690785.0775000001
690746.9185000001
690738.71
690736.2719999999
690733.3289999999
690720.9794999999
690705.8769999999
690679.2234999998
690668.6745000002
690629.9870000002
690611.5814999999
690596.1724999999
690556.0244999998
690526.6800000002
690515.0625
690494.2960000001
690490.6889999998
690517.182
690481.9465000001
690209.0334999999
690109.5765
690102.6554999999
690081.2974999999
690027.9925000002
690019.4810000001
689993.9810000001
689987.8319999999
689987.1664999998
689984.6305
689981.4075000002
689981.2289999998
688745.8034999999
688745.5455
688745.8020000001
688745.7880000002
688725.7969999998
688640.7925
688605.7935000001
688525.8054999998
688540.7864999999
688645.807
688662.4874999998
688680.8054999998
688475.7949999999
688240.554
688215.8229999999
687935.1719999998
687901.3905000002
687820.8454999998
687730.0134999999
687387.6549999998
687190.781
686785.7595000002
686453.9589999998
686320.7859999998
686213.4679999999
685997.2774999999
685941.0205000001
685897.0205000001
685820.787
685581.3435
685495.7880000002
685384.5315
685060.7974999999
684615.6804999998
684165.196
683685.6974999998
683375.5205000001
682760.7135000001
682369.0345000001
682225.6945000002
682018.5244999998
681775.7174999998
681763.5150000001
681754.2050000001
681135.7319999998
681102.1225
681092.2395000001
680821.3659999999
680750.7574999998
680490.8934999998
680165.7705000001
679954.1675
679721.9164999998
679704.9709999999
679692.9194999998
679437.4145
679253.4685
679115.7855000002
679032.2749999999
678777.7829999998
678690.7769999998
678497.8514999999
678370.7604999999
678110.7744999998
678165.781
678221.9865000001
678250.81
678284.6705
678720.7480000001
678750.5414999998
678765.4424999999
678783.7919999999
678792.0304999999
678792.0580000002
678823.9079999998
678859.7144999998
678879.2799999998
678909.9819999998
678942.3500000001
679000.719
679035.3195000002
679082.0104999999
679102.6065000002
679127.3605
679148.7429999998
679175.0669999998
679233.1864999998
679258.8220000002
679284.8695
679293.7310000001
679311.0205000001
679330.1584999999
679359.2344999998
679370.8429999999
679420.5625
679443.04
679677.2659999998
679731.5699999998
679795.5320000001
679886.7259999998
680017.6379999998
680047.8360000001
680141.3829999999
680173.4300000002
680292.2335000001
680331.3555000001
680424.3930000002
680462.5865000002
680537.2239999999
680574.3165000002
680613.074
680634.1060000001
680638.807
680644.8659999999
680666.412
680685.9454999999
680723.8879999998
680753.6995000001
680779.0125000002
680838.1315000001
680888.7115000002
680929.702
680948.4205
680966.7604999999
680983.943
680990.7590000001
681022.966
681044.9885
681059.4805000001
681106.9679999999
681132.2749999999
681148.0205000001
681178.7250000001
681201.7930000001
681222.1320000002
681254.909
681274.4454999999
681287.6065000002
681297.7969999998
681329.2859999998
681347.9075000002
681367.2675000001
681403.034
681403.6129999999
681404.0704999999
681404.1490000002
681408.9874999998
681422.1549999998
681431.1014999999
681445.4709999999
681460.3820000002
681498.9275000002
681516.1214999999
681523.4665000001
681535.4915
681541.7215
681543.0099999998
681545.2540000002
681531.534
681511.7089999998
681513.5669999998
681520.685
681524.6365
681531.733
681544.8585000001
681560.6630000002
681564.81
681567.8944999999
681594.8234999999
681602.452
681643.6375000002
681653.8939999999
681655.648
681656.4109999998
681666.176
681681.6815
681698.625
681711.077
681723.1074999999
681732.7884999998
681728.2974999999
681727.037
681725.5805000002
681722.5090000001
681722.2230000002
681723.0775000001
681722.7445
681720.6124999998
681736.8319999999
681748.6299999999
681754.7645
681764.3495
681755.04
681753.7519999999
681753.9495000001
681752.5350000001
681753.1205000002
681742.256
681730.7925
681732.1680000001
681721.4849999999
681715.0249999999
681685.0104999999
681628.0839999998
681570.605
681533.0055
681512.6935
681487.7080000001
681460.4015000002
681434.7769999998
681379.5079999999
681340.6165
681300.8280000002
681184.9114999999
681157.1335
681128.273
681066.9369999999
681010.7110000001
680982.2455000002
680963.3095
680919.4295000001
680857.0099999998
680780.3220000002
680730.8930000002
680691.6979999999
680667.9364999998
680583.1699999999
680567.9530000002
680521.8695
680483.7519999999
680460.0814999999
680451.804
680415.1910000001
680307.5865000002
680254.5529999998
680141.75
680046.0065000001
679990.9780000001
679947.7459999998
679929.3964999998
679891.8985000001
679840.4114999999
679812.8174999999
679775.6255000001
679688.8775
679628.202
679593.5485
679538.2280000001
679483.2445
679432.0095000002
679365.8739999998
679317.7785
679292.9304999998
679265.0660000001
679242.6919999998
679204.6290000002
679130.7689999999
679055.1425000001
679046.6005000002
679030.0025
679011.4035
678991.108
678817.8930000002
678770.6924999999
678675.9169999999
678647.0674999999
678628.0580000002
678603.2949999999
678584.6745000002
678365.5724999998
678300.6269999999
678292.7880000002
678269.2719999999
678244.5970000001
678204.2395000001
678179.2110000001
678126.7960000001
678096.5040000002
678018.3025000002
677989.2974999999
677982.9315
677979.5010000002
677746.8794999998
677701.2864999999
677593.4205
677571.4824999999
677499.196
677467.466
677432.361
677422.236
677254.5455
677212.4725000001
677194.2434999999
677160.7179999999
677110.3475000001
677073.1370000001
676991.1869999999
676888.9185000001
676825.1710000001
676786.2310000001
676772.5995
676740.5395
676677.3450000002
676624.3424999998
676562.7740000002
676526.0950000002
676414.9890000001
676421.2355
676432.6800000002
676444.986
676470.1354999999
676501.2820000001
676512.4019999998
676528.3459999999
676472.9300000002
676354.5789999999
676268.0584999998
676261.1179999998
676174.517
676100.0384999998
676023.8275000001
676018.4164999998
676007.0635000002
675996.2450000001
675984.7069999999
675983.0525000002
675967.1645
675961.5775000001
675917.1179999998
675892.1639999999
675887.2845000001
675883.2140000002
675876.1209999998
675871.9649999999
675863.7880000002
675848.4615000002
675832.031
675828.0449999999
675815.9849999999
675812.9345
675805.2259999998
675803.4240000001
675795.0975000001
675792.6855000001
675785.7110000001
675775.1485000001
675768.506
675767.4824999999
675764.6630000002
675761.4759999998
675756.5074999998
675752.8305000002
675747.8835
675741.0874999999
675727.0320000001
675720.7834999999
675717.6000000001
675712.611
675706.4874999998
675697.5214999998
675692.8015000001
675688.4224999999
675680.2620000001
675659.3259999999
675654.2179999999
675650.1264999998
675646.2969999998
675641.9810000001
675633.9125000001
675618.2694999999
675614.1135
675606.2845000001
675602.7820000001
675599.8125
675592.483
675587.7285000002
675585.8514999999
675585.307
675581.7895
675580.4495000001
675579.5945000001
675584.5695000002
675587.9580000001
675589.5515000001
675589.3195000002
675587.665
675584.0375000001
675583.4474999998
675584.7930000001
675583.8169999998
675572.5825
675572.3435
675568.756
675564.2855000002
675564.2069999999
675555.1540000001
675548.631
675536.0954999998
675523.9155000001
675519.693
675512.6749999998
675511.4130000002
675489.5120000001
675486.0325000002
675454.5295000002
675412.997
675369.9980000001
675362.6405000002
675324.7200000002
675324.0520000001
674891.4114999999
674884.4219999998
674627.2820000001
674466.9730000002
674465.4279999998
674323.818
674036.4569999999
673336.6645
673069.3879999998
673072.79
673069.9950000001
673071.9134999998
673037.3785000001
672992.54
672978.0389999999
672952.7434999999
672949.8470000001
672895.5325000002
672836.3114999998
672817.4215000002
672622.7085000002
672586.8475000001
672539.9385000002
672444.804
672388.9915
672313.3289999999
672314.1885000002
672314.7015
672315.5490000001
672314.4169999999
672315.0299999998
672316.622
672316.8700000001
672318.6014999999
672324.4495000001
672329.5180000002
672329.8360000001
672327.3165000002
672321.6324999998
672319.1395
672317.2799999998
672315.2225000001
672313.3985000001
672311.2059999998
672306.3594999998
672304.4715
672295.1140000001
672294.6290000002
672295.0754999998
672293.1444999999
672291.7165000001
672291.2294999999
672289.642
672285.5690000001
672284.5249999999
672285.165
672283.7799999998
672282.0460000001
672280.1074999999
672277.6324999998
672278.8325
672279.6060000001
672269.7310000001
672269.6945000002
672257.7505000001
672251.2930000001
672250.6335
672240.54
672226.3365000002
672233.179
672221.341
672200.3160000001
672188.1715000002
672167.2930000001
672179.4190000002
672196.986
672227.1935
672269.5625
672321.2450000001
672334.986
672345.736
672376.3999999999
672410.355
672430.6609999998
672468.5935
672586.6680000001
672624.7969999998
672629.5795
672656.6384999999
672675.3454999998
672683.639
672692.5014999998
672741.7955
672747.8300000001
672771.0120000001
672791.119
672808.4130000002
672831.1365
672879.7475
672986.0070000002
673001.4495000001
673018.7790000001
673025.7880000002
673076.0079999999
673088.6845
673114.9484999999
673156.5989999999
673221.4945
673248.3004999999
673250.2064999999
673308.6439999999
673325.7310000001
673422.5605000001
673473.8190000001
673481.639
673501.5885000001
673508.8654999998
673540.7799999998
673546.8454999998
673549.0005000001
673550.1715000002
673552.7740000002
673551.8374999999
673545.4040000001
673544.5465000002
673545.5610000002
673610.5019999999
673621.5529999998
673641.0989999999
673656.7310000001
673647.1444999999
673677.8445000001
673692.943
673672.1935
673671.898
673675.9330000002
673698.662
673705.7855000002
673711.48
673695.3429999999
673701.0759999999
673696.6860000002
673706.0750000002
673751.142
673775.7009999999
673786.8399999999
673803.8275000001
673811.0669999998
673770.986
673762.1329999999
673755.4049999998
673732.1324999998
673730.7209999999
673689.4194999998
673722.29
673716.6434999998
673763.4224999999
673740.381
673731.5145
673711.1645
673713.4334999998
673693.3709999998
673697.6455000001
673704.8335000002
673703.9780000001
673734.6409999998
673740.6439999999
673750.23
673910.7094999999
673989.4474999998
674020.7415
674058.4674999998
674100.6154999998
674126.7875000001
674142.3399999999
674168.7925
674201.8794999998
674231.1979999999
674298.6145000001
674332.9534999998
674347.9369999999
674374.3309999998
674398.6505
674527.977
674540.2464999999
674561.0515000001
674592.7905000001
674621.7574999998
674635.9275000002
674652.7259999998
674667.6519999998
674682.3075000001
674692.074
674723.5040000002
674740.0660000001
674760.1680000001
674774.2565000001
674796.693
674814.9389999998
674851.3709999998
674893.7714999998
674923.06
674940.4849999999
674963.0515000001
674974.4024999999
674992.2935000001
675014.1605000002
675041.3144999999
675063.9594999999
675084.1869999999
675128.0469999998
675163.7310000001
675174.5430000001
675190.7749999999
675217.6614999999
675231.2204999998
675264.6129999999
675288.1405000002
675293.6505
675336.2815
675364.5389999999
675379.4885
675419.0244999998
675440.9284999999
675459.7845000001
675440.5959999999
675444.3004999999
675484.4049999998
675496.8369999998
675517.3059999999
675518.6779999998
675532.1499999999
675532.4525000001
675560.7719999999
675575.2565000001
675613.0240000002
675627.6494999998
675633.9265000001
675634.7579999999
675652.3139999998
675672.6069999998
675702.8939999999
675701.3429999999
675716.4190000002
675729.9794999999
675758.5575000001
675777.915
675808.1519999998
675809.0789999999
675799.8185
675835.7340000002
675821.5525000002
675804.6910000001
675807.1205000002
675787.6065000002
675797.2834999999
675788.838
675768.3365000002
675761.2094999999
675781.0935
675772.1179999998
675785.2039999999
675787.9449999998
675813.8309999998
675846.3824999998
675860.7620000001
675875.1645
675877.6524999999
675884.6645
675886.4010000001
675894.1105
675901.7025000001
675905.5299999998
675911.4589999998
675921.4470000002
675927.2889999999
675931.1795000001
675936.8295
675943.585
675949.9789999998
675958.3835
675966.4134999998
675975.1889999998
675982.7514999998
675985.8025000002
675996.051
675999.5485
675998.1600000001
675998.7385
676000.0984999998
676004.7119999998
676015.7344999998
676025.8495
676032.7215
676033.6135
676035.6949999998
676040.7555
676048.1639999999
676062.9134999998
676070.0935
676073.1409999998
676084.3130000001
676113.6005000002
676116.7774999999
676136.2719999999
676146.4010000001
676159.4389999998
676167.037
676175.7565000001
676202.625
676210.3004999999
676210.1800000002
676219.8495
676234.6285000001
676243.8605
676264.5125000002
676358.7880000002
676374.432
676395.503
676426.29
676436.8369999998
676457.1529999999
676466.0954999998
676489.1179999998
676495.0819999999
676508.8854999999
676520.7570000002
676526.994
676554.2034999998
676560.9375
676578.3934999998
676584.3879999998
676583.5430000001
676582.94
676584.071
676587.7115000002
676619.8560000001
676630.5795
676640.145
676655.1499999999
676704.1880000001
676755.7374999998
676989.5395
677091.6600000001
677095.6170000001
677101.0584999998
677113.9474999998
677121.753
677134.2680000002
677140.0610000002
677165.2544999998
677165.2185
677165.2094999999
677176.3095
677281.1875
677309.6724999999
677373.128
677458.8080000002
677487.909
677506.73
677609.8594999998
677617.1515000002
677636.7464999999
677635.2085000002
677628.3794999998
677692.0304999999
677694.6834999998
677729.6260000002
677761.1009999998
677815.1694999998
677849.0965
677887.1205000002
677921.7625000002
677937.4980000001
677954.3399999999
677965.3459999999
678000.2464999999
678067.3560000001
678127.8755000001
678215.4169999999
678320.7774999999
678339.0120000001
678361.7400000002
678368.3190000001
678397.1719999998
678436.983
678472.577
678512.4364999998
678535.0575000001
678554.4635000001
678585.6579999998
678683.6685000001
678687.1154999998
678690.2510000002
678690.2064999999
678688.8155
678683.844
678681.1745000002
678679.3574999999
678679.1290000002
678681.338
678687.3829999999
678685.1145000001
678685.7485000002
678691.5800000001
678694.9265000001
678705.6880000001
678716.1864999998
678739.4440000001
678742.7740000002
678744.1175000002
678744.014
678741.6765000001
678760.9700000002
678766.94
678764.4375
678759.7045
679869.6329999999
679867.452
679867.1400000001
679866.6315000001
679865.4419999998
679906.892
680007.3914999999
680037.0729999999
680079.5729999999
680153.4545
680244.4419999998
680303.9449999998
680331.875
680367.1209999998
680377.446
680431.7565000001
680515.111
680860.1195
680896.6294999998
680983.0350000001
682250.0099999998
682234.5005000001
682241.19
682252.5920000002
682270.0350000001
682273.3075000001
682277.7694999999
682279.9169999999
682285.1184999999
682299.8029999998
682307.9284999999
682318.8615000001
682326.9315
682335.0825
682336.1694999998
682338.8640000001
682344.1675
682350.2239999999
682359.1365
682364.5115
682375.4589999998
682379.4100000001
682391.8700000001
682403.0894999998
682408.5074999998
682426.5125000002
682429.2185
682432.5194999999
682437.8994999998
682441.6414999999
682445.727
682456.4844999998
682457.0715000001
682457.4534999998
682460.0055
682480.0189999999
682484.7965000002
682491.344
682517.838
682532.4874999998
682535.858
682555.5099999998
682582.8875000002
682591.1439999999
682599.8110000002
682608.2880000002
682639.5389999999
682677.6154999998
682690.017
682706.5074999998
682719.5704999999
682722.4164999998
682750.0575000001
682756.8199999998
682764.3735000002
682773.2895
682798.7735000001
682815.7960000001
682830.0529999998
682834.5025
682848.2340000002
682859.1260000002
682867.9240000001
682876.9405
682885.8295
682899.6940000001
682907.8075000001
682920.236
682931.2069999999
682943.4134999998
682972.6165
682979.5520000001
682982.074
683004.2544999998
683037.9504999998
683045.7080000001
683048.3390000002
683051.5520000001
683083.1719999998
683102.3190000001
683125.1264999998
683125.6924999999
683138.5440000002
683144.2825000002
683146.2220000001
683166.9210000001
683186.3254999998
683188.8365000002
683228.685
683246.9564999999
683253.6974999998
683262.9270000001
683270.6924999999
683282.486
683287.3119999999
683294.6804999998
683302.5180000002
683311.1830000002
683328.1105
683340.5345000001
683342.9530000002
683359.9745
683384.0325000002
683400.1664999998
683416.1540000001
683421.9925000002
683421.9925000002
683424.7039999999
683436.2834999999
683451.5285
683456.801
683476.6025
683520.1335
683522.747
683566.4589999998
683588.4994999999
683589.6800000002
683610.7925
683622.7015
683632.5529999998
683641.8339999998
683648.3665
683652.9339999999
683658.2855000002
683674.2714999998
683676.8629999999
683679.3725
683680.6269999999
683685.5125000002
683685.8854999999
683690.3684999999
683690.693
683701.389
683710.0125000002
683720.2629999998
683721.537
683722.7845000001
683731.5495000002
683762.8459999999
683767.4054999999
683776.4815000002
683788.9715
683800.0589999999
683815.1660000002
683826.8435
683848.4840000002
683858.48
683866.5814999999
683874.5325000002
683875.7294999999
683876.0935
683877.1335
683877.7315000002
683879.9670000002
683889.145
683899.8445000001
683899.8990000002
683905.0890000002
683914.4509999999
683926.1115000001
683935.8135000002
683946.4959999998
683952.1664999998
683959.469
683962.9730000002
683967.571
683971.0894999998
683977.7719999999
683984.8635
683991.2185
684000.165
684003.0014999998
684021.9049999998
684032.9734999998
684039.0580000002
684044.5965
684052.4114999999
684055.2779999999
684064.7710000002
684084.0134999999
684096.2659999998
684098.0809999998
684098.5410000002
684101.872
684113.4610000001
684120.2030000002
684125.0584999998
684135.0935
684135.2864999999
684138.4840000002
684153.0924999998
684156.6839999999
684161.1175000002
684164.8594999998
684171.7705000001
684189.6949999998
684211.4160000002
684240.0364999999
684259.8284999998
684261.9249999998
684274.9994999999
684301.889
684315.2064999999
684330.9849999999
684371.0255
684391.1579999998
684403.7544999998
684416.4270000001
684423.7420000001
684454.409
684461.9049999998
684482.3254999998
684509.6009999998
684511.6069999998
684515.4589999998
684521.3160000001
684525.4010000001
684533.4470000002
684540.3475000001
684545.3594999998
684553.1614999999
684578.8045000001
684711.1554999999
684828.5175000001
684832.9079999998
684903.5980000002
684949.4345
685011.9100000001
685098.7030000002
685169.071
685211.7045
685252.9635000001
685281.7659999998
685323.0274999999
685356.994
685375.7995000002
685387.3764999998
685412.1494999998
685417.7335000001
685423.4555000002
685420.6825000001
685436.4555000002
685432.6675
685439.3275000001
685448.0690000001
685458.3020000001
685474.9704999998
685488.1905
685494.3155
685516.7094999999
685513.2859999998
685493.6115000001
685469.9644999998
685465.8054999998
685445.7089999998
685426.6915000002
685413.0619999999
685409.7480000001
685401.5460000001
685399.5525000002
685390.1264999998
685367.8045000001
685358.8684999999
685343.2280000001
685373.1724999999
685384.1499999999
685408.2834999999
685415.3955000001
685436.3939999999
685448.8259999999
685456.2744999998
685469.6655000001
685483.2480000001
685486.0830000001
685489.2790000001
685492.8960000002
685502.5975000001
685505.8859999999
685509.9959999998
685512.9470000002
685522.2974999999
685528.2884999998
685542.5320000001
685554.0194999999
685573.5729999999
685586.71
685601.1965000001
685645.9950000001
685667.5109999999
685681.0210000002
685690.9185000001
685696.122
685695.7820000001
685712.0485
685716.7025000001
685726.0920000002
685748.7455000002
685791.3139999998
685798.8155
685801.4509999999
685810.1535
685821.4789999998
685843.9364999998
685861.9369999999
685871.7505000001
685880.8539999998
685914.2080000001
685937.2294999999
685985.5389999999
686038.7574999998
686087.5414999998
686138.1754999999
686179.1505
686238.3505000002
686300.9734999998
686352.9785000002
686486.8404999999
686514.3250000002
686527.4725000001
686566.8335000002
686657.9364999998
686703.656
686721.2514999998
686753.3454999998
686800.869
686884.9964999999
686937.0329999998
687023.0095000002
687060.0249999999
687093.4139999999
687101.7094999999
687224.2599999998
687433.3854999999
687491.7195000001
687516.946
687521.2650000001
687565.8424999998
687602.8289999999
687613.5835000002
687664.9665000001
687696.8475000001
687705.9130000002
687754.0355000002
687789.6014999999
687807.9704999998
687834.4484999999
687884.4360000002
687927.3994999998
687992.1575000002
688040.565
688084.8775
688173.5194999999
688421.1030000001
688428.1244999999
688431.0364999999
688439.909
688741.48
688832.247
689065.5899999999
689916.5235000001
690023.9704999998
690141.7875000001
690178.142
690178.8535000002
690267.0995
690448.185
690470.0605000001
690594.1825000001
690603.6200000001
690643.2305000001
690665.7755
690688.1014999999
690736.1494999998
690738.7519999999
690739.6834999998
690743.6005000002
690799.5109999999
690803.1269999999
690827.426
690991.5605000001
690999.46
691000.9635000001
691022.3820000002
691049.0334999999
691116.9484999999
691257.9545
691310.5019999999
691373.3360000001
691578.7590000001
691615.3854999999
691773.3199999998
691887.8365000002
691900.2570000002
691904.8785000001
691915.0559999999
691952.1839999999
692168.4235
692230.7055000002
692374.0189999999
692386.477
692451.2004999998
692514.1945000002
692555.5554999998
692627.8075000001
692680.9734999998
692738.4640000002
692744.2034999998
692725.7834999999
692705.9764999999
692700.6529999999
692694.1074999999
692676.4435
692676.5499999998
692676.6570000001
692725.9065
692756.5734999999
692862.9985000002
692898.5495000002
692928.895
692984.565
693039.4619999998
693096.8709999998
693161.7549999999
693225.858
693334.9764999999
693438.0605000001
693538.3939999999
693556.372
693555.2450000001
693557.1414999999
693563.0835000002
693569.648
693574.9024999999
693585.588
693586.7634999999
693588.7445
693587.6905
693584.1409999998
693583.119
693582.8309999998
693582.1320000002
693582.6485000001
693581.1225
693577.4695000001
693575.1469999999
693567.398
693561.0019999999
693552.4224999999
693545.4385000002
693546.2744999998
693552.5534999999
693555.065
693554.594
693554.057
693554.2859999998
693558.8054999998
693558.1205000002
693556.4145
693550.8875000002
693547.6159999999
693547.6719999998
693543.5315
693539.5295000002
693534.52
693532.8095
693526.0460000001
693522.7069999999
693522.3234999999
693524.7510000002
693530.6090000002
693539.7230000002
693541.2645
693547.0269999998
693553.1264999998
693556.869
693566.2264999999
693569.5550000002
693577.685
693586.7220000001
693595.963
693600.0800000001
693601.591
693599.1345000002
693593.8665
693588.9805000001
693586.4275000002
693582.756
693576.7659999998
693568.9079999998
693565.4079999998
693557.1839999999
693556.1299999999
693558.4095000001
693565.9649999999
693568.3110000002
693570.6910000001
693569.9265000001
693562.4375
693562.5345000001
693563.3879999998
693561.463
693554.5469999998
693553.4035
693553.1175000002
693555.3119999999
693557.185
693571.6885000002
693575.3084999998
693576.6880000001
693576.3764999998
693572.7579999999
693571.7445
693566.9685
693558.5635000002
693556.0515000001
693543.7895
693541.648
693536.8574999999
693536.378
693536.477
693537.4709999999
693544.3234999999
693551.1225
693562.6464999998
693571.1039999998
693575.6260000002
693575.0775000001
693571.8599999999
693571.554
693565.0945000001
693560.5704999999
693558.9955000002
693550.1400000001
693546.585
693544.1069999998
693540.2799999998
693534.8555000001
693532.0079999999
693528.3849999998
693524.6400000001
693520.9040000001
693518.0469999998
693514.2785
693513.5025
693505.3870000001
693502.0079999999
693490.8004999999
693489.4270000001
693484.1885000002
693483.4709999999
693487.108
693491.2165000001
693499.1214999999
693503.23
693509.0605000001
693512.9199999999
693514.2694999999
693515.7565000001
693529.1940000001
693531.4029999999
693535.0559999999
693533.2239999999
693524.7395000001
693523.5554999998
693521.2525
693515.463
693500.7335000001
693499.8429999999
693497.5425
693497.0425
693497.69
693500.5175000001
693501.5954999998
693507.5095000002
693510.1235000002
693524.5065000001
693537.6605000002
693545.6324999998
693552.7000000002
693555.9245000002
693559.0315
693567.1529999999
693573.8805
693579.4569999999
693582.1485000001
693587.5465000002
693587.8224999998
693586.2379999999
693584.3900000001
693586.6625000001
693593.6179999998
693598.5545000001
693608.3390000002
693613.4994999999
693614.4180000001
693615.5260000001
693614.6800000002
693614.2570000002
693613.1340000001
693603.5210000002
693602.9019999998
693601.2955
693603.0844999999
693602.3875000002
693593.8404999999
693591.9909999999
693590.7489999998
693590.5554999998
693592.7719999999
693594.7804999999
693597.9019999998
693602.369
693605.6065000002
693606.3319999999
693609.5184999998
693610.2310000001
693612.781
693630.949
693634.787
693634.7379999999
693633.1749999998
693629.9909999999
693630.983
693632.9139999999
693638.8344999999
693640.446
693643.3679999998
693649.1775000002
693658.5150000001
693662.4594999999
693668.2675000001
693677.1864999998
693678.4605
693684.9670000002
693687.6825000001
693701.4885
693704.1275
693704.3599999999
693702.7455000002
693706.1230000001
693711.5260000001
693727.0240000002
693727.216
693728.2634999999
693732.8110000002
693739.2415
693746.301
693749.7140000002
693754.6320000002
693758.1235000002
693761.0839999998
693761.8835
693761.2450000001
693754.8835
693756.534
693764.3500000001
693769.6710000001
693772.202
693773.6285000001
693776.3399999999
693783.6825000001
693786.4155000001
693788.5090000001
693795.5715000001
693797.1609999998
693802.4679999999
693805.5235000001
693806.0734999999
693801.2305000001
693796.3319999999
693791.5345000001
693793.5814999999
693795.3385000001
693796.2574999998
693800.713
693806.7025000001
693814.5950000002
693819.4925000002
693844.1740000001
693848.6779999998
693856.7995000002
693859.8990000002
693859.9534999998
693867.8845000002
693869.4100000001
693869.6510000001
693872.9164999998
693873.6974999998
693885.6005000002
693894.1584999999
693894.2124999999
693894.2239999999
693892.3875000002
693887.0290000001
693873.7464999999
693871.0395
693881.4005
693882.5485
693888.1579999998
693888.0065000001
693890.1699999999
693898.8620000002
693899.6724999999
693903.2480000001
693907.8879999998
693915.0320000001
693919.0274999999
693923.4555000002
693923.841
693922.6145000001
693913.9794999999
693916.7925
693926.2335000001
693931.3325
693939.648
693940.3840000001
693966.6830000002
693972.5970000001
693976.8050000002
693980.7085000002
693986.1880000001
693990.9125000001
693991.4035
694002.9010000001
694013.9495000001
694022.503
694024.2795000002
694022.0255
694006.0150000001
694004.1179999998
693997.1839999999
693992.2960000001
693986.3785000001
693984.6825000001
693974.7519999999
693972.5775000001
693970.2434999999
693960.1269999999
693959.5194999999
693952.6069999998
693950.6175000002
693951.3785000001
693960.3620000002
693966.3605
693974.0890000002
693982.895
693998.8594999998
694007.4539999999
694009.602
694011.3695
694010.5315
694005.7675000001
693997.9075000002
693999.7059999998
693998.4715
693995.088
693992.935
693988.21
693988.8895
693989.8374999999
694005.8500000001
694036.8509999998
694054.1400000001
694061.1830000002
694071.6154999998
694081.1039999998
694095.8195000002
694098.111
694101.8204999999
694104.6244999999
694112.8119999999
694118.6409999998
694124.8840000001
694138.6065000002
694145.2880000002
694150.5134999999
694155.0780000002
694167.2255000002
694168.5444999998
694175.3355
694183.8250000002
694190.1625000001
694195.9929999998
694204.5630000001
694208.1830000002
694220.8390000002
694227.6395
694233.6905
694237.895
694243.6379999998
694250.9975
694259.9605
694273.1005000002
694275.6510000001
694290.3130000001
694302.3470000001
694326.6140000001
694329.0285
694326.696
694322.6409999998
694315.7039999999
694306.1740000001
694301.9265000001
694304.2604999999
694313.8015000001
694316.963
694328.8254999998
694338.5419999999
694345.2845000001
694353.5954999998
694358.3879999998
694365.4559999998
694369.5025
694371.5469999998
694369.7884999998
694370.2634999999
694366.8840000001
694362.9100000001
694360.5345000001
694363.1379999998
694365.8234999999
694376.1230000001
694377.6699999999
694382.2305000001
694383.0995
694377.0485
694363.0924999998
694359.8879999998
694358.3404999999
694357.1825000001
694358.3385000001
694362.4095000001
694378.4405
694383.094
694387.5380000002
694385.8125
694370.915
694365.8119999999
694367.9569999999
694371.8859999999
694377.9559999998
694378.7489999998
694389.4665000001
694395.2230000002
694400.6135
694412.4890000001
694416.1830000002
694414.9219999998
694413.304
694412.685
694418.8544999999
694421.5754999998
694438.9199999999
694443.9895000001
694449.1735
694451.2740000002
694453.4980000001
694453.6795000001
694452.2009999999
694449.2220000001
694442.844
694439.6000000001
694434.8794999998
694432.7820000001
694433.1940000001
694449.327
694455.8065
694459.335
694461.6779999998
694474.0869999998
694481.5959999999
694491.4224999999
694493.855
694514.5485
694524.8325
694536.2585
694539.088
694542.7570000002
694544.1370000001
694543.5809999998
694540.6094999998
694534.8650000002
694525.3799999999
694524.065
694522.2185
694519.5800000001
694518.6085000001
694516.3840000001
694511.7390000001
694510.5320000001
694513.3470000001
694519.2195000001
694527.307
694530.1014999999
694530.196
694532.608
694532.0545000001
694527.9175
694526.6490000002
694513.7585
694503.5595
694496.7774999999
694487.1335
694485.0745000001
694484.8300000001
694490.5775000001
694493.662
694509.8585000001
694523.7850000001
694533.6000000001
694546.0219999999
694557.6359999999
694573.7170000002
694590.8629999999
694597.0255
694601.7714999998
694602.0079999999
694603.4389999998
694611.9575
694627.861
694633.3095
694636.4534999998
694638.5295000002
694637.3960000002
694634.2570000002
694629.9445000002
694622.6715000002
694619.0644999999
694601.9380000001
694591.9509999999
694586.2815
694576.219
694564.8624999998
694565.8620000002
694568.7595000002
694568.8314999999
694563.8144999999
694542.8475000001
694528.8824999998
694524.8245000001
694514.7075
694511.9759999998
694510.8739999998
694510.7505000001
694514.5235000001
694522.7825000002
694536.4685
694545.9980000001
694549.1795000001
694555.8459999999
694555.9079999998
694560.8569999998
694553.5584999998
694546.2149999999
694532.2370000002
694524.4525000001
694521.537
694520.7275
694520.8914999999
694510.3714999999
694508.4929999998
694508.412
694510.7225000001
694525.0155000002
694535.9394999999
694539.3990000002
694550.2875000001
694558.2629999998
694566.6809999999
694576.1460000002
694579.8484999998
694579.9265000001
694572.0150000001
694569.4835000001
694565.906
694563.452
694564.5359999998
694564.1519999998
694574.23
694583.8155
694584.9885
694586.7064999999
694583.733
694593.7450000001
694615.111
694615.8624999998
694613.5610000002
694615.9780000001
694615.7525
694625.8590000002
694630.452
694643.6294999998
694653.8659999999
694656.9780000001
694662.5469999998
694664.6995000001
694678.9589999998
694689.1235000002
694697.4739999999
694700.8059999999
694709.2245
694724.0690000001
694732.7080000001
694734.1345000002
694740.9495000001
694744.469
694744.3960000002
694735.1940000001
694722.7344999998
694721.7855000002
694721.1375000002
694724.1085000001
694724.9049999998
694723.3994999998
694720.7609999999
694721.1170000001
694690.6664999998
694677.7494999999
694675.1660000002
694662.0669999998
694657.2629999998
694654.9665000001
694653.5619999999
694652.5644999999
694653.7115000002
694656.5395
694658.5430000001
694677.6540000001
694696.0469999998
694706.2349999999
694708.2930000001
694714.8295
694715.0959999999
694721.4495000001
694731.1239999998
694739.335
694747.1115000001
694747.8254999998
694747.8305000002
694740.7275
694731.8325
694721.2785
694678.4715
694666.4010000001
694657.3065
694650.639
694640.395
694623.7075
694583.5005000001
694571.9709999999
694568.3939999999
694566.4874999998
694566.2459999998
694566.943
694565.6094999998
694550.5035000001
694541.577
694523.4109999998
694514.5085
694510.1395
694506.611
694493.764
694488.0929999999
694483.4575
694482.8670000001
694483.7379999999
694486.3840000001
694490.0959999999
694496.5070000002
694505.8530000001
694509.0869999998
694516.0025
694519.0210000002
694523.4679999999
694533.9674999998
694547.3925000001
694562.3909999998
694582.7085000002
694587.375
694592.2914999998
694601.4874999998
694609.9419999998
694645.4035
694650.6754999999
694653.6935
694666.7315000002
694675.6694999998
694688.9199999999
694694.3029999998
694709.4279999998
694723.6775000002
694742.1545000002
694754.815
694766.2425000002
694775.7620000001
694786.4644999998
694798.5995
694809.5920000002
694827.2719999999
694844.7940000002
694857.2505000001
694902.1315000001
694914.0589999999
694923.315
694925.585
694929.5355000002
694938.4029999999
694946.2790000001
694952.8525
694964.8925000001
694971.898
695026.4679999999
695049.193
695067.3870000001
695082.4065
695086.6830000002
695101.6834999998
695105.5285
695123.2324999999
695136.1664999998
695136.0639999998
695137.6579999998
695147.3994999998
695152.8245000001
695165.5405000001
695174.8620000002
695197.4075000002
695201.9700000002
695216.0775000001
695220.2039999999
695250.1614999999
695259.1074999999
695273.5145
695297.6275
695304.8369999998
695314.3399999999
695323.8730000001
695324.4369999999
695322.2045
695333.4005
695337.8620000002
695350.0384999998
695360.9745
695372.7815
695378.031
695390.2519999999
695433.8275000001
695443.4084999999
695470.7990000001
695478.662
695486.6775000002
695496.656
695500.1954999999
695511.0865000002
695524.9509999999
695531.8139999998
695537.3835
695546.1984999999
695551.4525000001
695556.969
695563.7955
695569.8794999998
695574.9569999999
695579.1055000001
695582.8259999999
695585.5545000001
695588.0225
695591.9254999999
695593.9644999998
695604.4555000002
695611.5550000002
695665.0800000001
695678.2085000002
695692.1154999998
695700.6724999999
695750.1515000002
695743.713
695743.3594999998
695742.4759999998
695733.7340000002
695726.6320000002
695710.3004999999
695680.6349999998
695652.0635000002
695616.1660000002
695602.9504999998
695579.4010000001
695564.6090000002
695557.9569999999
695548.2080000001
695572.8059999999
695585.9235
695584.6115000001
695594.2710000002
695575.6329999999
695569.2725
695553.6815
695537.7714999998
695518.9479999999
695507.443
695508.7200000002
695510.2215
695507.5150000001
695504.4840000002
695509.2659999998
695518.7645
695505.7859999998
695471.787
695427.0630000001
695407.8484999998
695399.588
695396.1885000002
695391.4654999999
695403.213
695401.7209999999
695397.4295000001
695377.7779999999
695358.2969999998
695329.8025000002
695324.1225
695308.1154999998
695275.0699999998
695229.2505000001
695186.2689999999
695152.5929999999
695088.952
695048.321
695038.21
695030.889
695038.4959999998
695036.182
695031.3539999998
695001.4175
694966.1475
694974.1545000002
694940.0430000001
694922.622
694885.9890000001
694845.5780000002
694791.0704999999
694707.435
694705.3739999998
694702.4734999998
694645.733
694626.7340000002
694598.2494999999
694554.619
694504.017
694476.4794999999
694415.7319999998
694340.7319999998
694334.7170000002
694332.5734999999
694329.3385000001
694325.6770000001
694319.1639999999
694312.034
694303.9649999999
694307.6044999999
694306.7535000001
694302.9284999999
694302.6264999998
694301.2264999999
694297.4895000001
694294.0950000002
694286.3095
694287.8065
694284.378
694289.4224999999
694285.4249999998
694300.3775
694302.0444999998
694306.5329999998
694308.0435000001
694304.2390000001
694303.9670000002
694300.3514999999
694299.7174999998
694295.2204999998
694292.9084999999
694291.6869999999
694287.9959999998
694277.1499999999
694274.4445000002
694270.2315000002
694268.747
694266.6384999999
694264.5565
694258.2565000001
694261.057
694262.4805000001
694259.2875000001
694257.2859999998
694250.5249999999
694233.7744999998
694222.756
694217.6940000001
694216.074
694211.1770000001
694208.0240000002
694203.4389999998
694185.7319999998
694129.6694999998
694123.2355
694122.9295000001
694121.06
694126.0315
694125.3139999998
694192.6345000002
694171.065
694172.4644999998
694168.0159999998
694202.236
694251.4454999999
694277.9155000001
694350.8374999999
694351.3489999999
694409.548
694504.2215
694603.3969999999
694656.0904999999
694748.7795000002
694790.4415000002
694888.321
694921.0965
694936.5290000001
694937.5635000002
694958.6705
695005.0469999998
695007.3539999998
695008.2815
695015.0704999999
695017.2174999998
695028.3539999998
695051.9525000001
695068.736
695075.4180000001
695140.3775
695159.0874999999
695164.2955
695168.9169999999
695174.3859999999
695185.5935
695190.4679999999
695196.8590000002
695205.8394999998
695215.3374999999
695233.8459999999
695242.5515000001
695253.4369999999
695263.6324999998
695268.5589999999
695274.3254999998
695303.0189999999
695318.3265
695327.0819999999
695341.3020000001
695354.0320000001
695359.9815000002
695363.7914999998
695374.0499999998
695377.7485000002
695384.9589999998
695389.9235
695394.943
695401.4005
695412.3700000001
695419.3815000001
695431.8080000002
695438.7135000001
695444.0375000001
695450.6290000002
695454.1845
695459.8865
695463.7255000002
695467.5874999999
695469.8895
695472.2705000001
695476.3555000001
695481.2969999998
695485.1795000001
695487.8280000002
695497.4679999999
695501.9375
695510.6335
695514.4194999998
695525.574
695531.5180000002
695537.1979999999
695550.5734999999
695559.2985
695567.2825000002
695571.9989999998
695583.7650000001
695588.0819999999
695595.7850000001
695605.9445000002
695609.2604999999
695614.2034999998
695622.9904999998
695627.5049999999
695631.9040000001
695637.1770000001
695651.5375000001
695654.8849999998
695655.5290000001
695656.119
695658.1579999998
695660.8495
695663.2204999998
695676.9049999998
695683.3629999999
695687.9484999999
695691.321
695695.3495
695699.2089999998
695706.7340000002
695709.3849999998
695713.6000000001
695718.0460000001
695725.0844999999
695730.1645
695754.858
695761.1529999999
695761.0515000001
695771.4380000001
695775.6340000001
695777.0825
695778.9249999998
695781.0129999998
695783.3105000001
695786.1395
695794.7370000002
695796.2779999999
695797.7485000002
695797.8845000002
695797.1770000001
695793.4670000002
695800.131
695801.9575
695803.6515000002
695810.398
695819.2689999999
695824.7850000001
695830.9369999999
695832.8670000001
695833.1179999998
695830.051
695824.1074999999
695812.2149999999
695810.3640000001
695806.1915000002
695799.2965000002
695798.781
695797.1690000002
695795.7064999999
695794.0460000001
695793.446
695787.1379999998
695787.0315
695790.1299999999
695790.1839999999
695793.8020000001
695797.0345000001
695797.7374999998
695800.1299999999
695802.0975000001
695804.4245000002
695802.6905
695800.7344999998
695797.0184999998
695794.0350000001
695786.7340000002
695784.9539999999
695783.6175000002
695781.5455
695781.1545000002
695781.8480000002
695783.0134999999
695784.787
695791.085
695793.1025
695795.8785000001
695796.5819999999
695794.4665000001
695792.8585000001
695791.7344999998
695795.6150000002
695798.4594999999
695804.1705
695809.9065
695817.656
695826.4424999999
695848.4010000001
695850.6455000001
695857.7064999999
695860.3234999999
695870.3744999999
695876.8015000001
695957.6074999999
695958.1680000001
695964.3565000002
695977.0835000002
695993.7785
696001.1505
696029.5695000002
696035.5164999999
696042.6889999998
696042.9375
696043.0474999999
696049.9780000001
696049.4194999998
696052.1770000001
696054.253
696057.5345000001
696059.2760000001
696062.7740000002
696070.5290000001
696087.2574999998
696099.6379999998
696112.3925000001
696114.2185
696128.3654999998
696140.3169999998
696162.2050000001
696198.1154999998
696217.2370000002
696236.9010000001
696238.6905
696240.1115000001
696265.7634999999
696305.6425000001
696338.2195000001
696342.8135000002
696351.912
696354.8284999998
696357.2935000001
696380.1779999998
696386.8139999998
696391.6815
696395.014
696398.2135000001
696400.895
696406.6795000001
696411.4364999998
696416.9194999998
696436.6954999999
696453.7119999998
696457.1150000002
696458.3259999999
696460.642
696468.4580000001
696471.3509999998
696472.048
696472.8234999999
696477.611
696477.9764999999
696486.2944999998
696494.7355
696499.0950000002
696504.1545000002
696506.7645
696509.1159999999
696516.0525000002
696526.8944999999
696534.7255000002
696537.4929999998
696541.3165000002
696561.2985
696561.406
696561.406
696561.5405000001
696577.415
696568.5235000001
696595.7855000002
696790.9190000002
697313.2855000002
697466.6345000002
697737.6519999998
697906.7555
698068.6244999999
698676.3635
698788.0674999999
699117.8110000002
699540.807
699687.065
700428.244
700502.4215000002
700686.3939999999
700699.8829999999
700775.5049999999
700978.9339999999
701183.5345000001
701851.8080000002
701904.199
701944.2420000001
702065.932
702130.8114999998
702768.4279999998
702909.7445
703085.9470000002
703099.8125
703280.6705
703529.5724999998
703710.0040000002
703724.3605
703727.9840000002
704279.8125
704588.176
705028.3075000001
705292.662
705467.9145
705798.4440000001
706108.5320000001
706274.9304999998
706297.9764999999
706463.1000000001
706533.6115000001
707406.7045
707572.3050000002
707985.6719999998
708388.2925
708803.8725
709280.8599999999
709924.3675000002
710536.2335000001
710724.4125000001
710863.6060000001
711317.5350000001
711541.5890000002
711714.7144999998
711795.2664999999
711873.7289999998
711956.2875000001
712039.7135000001
712122.2165000001
712170.5355000002
712227.7795000002
712261.8544999999
712413.9155000001
712543.5395
712704.6579999998
712809.727
713076.4235
713325.5899999999
713474.602
713605.0989999999
713739.2069999999
713814.6795000001
713832.321
713832.3725
713855.5249999999
714022.3565000002
714035.6845
714037.6825000001
714395.3259999999
714397.5430000001
714553.1595000001
714560.0290000001
714565.037
714735.4895000001
714750.077
714816.8025000002
714840.5860000001
714889.0970000001
714947.8994999998
714968.2349999999
715009.6370000001
715015.3999999999
715122.1754999999
715123.1804999998
715207.6490000002
715212.3220000002
715325.9695000001
715333.6584999999
715377.0469999998
715385.9580000001
715389.2725
715407.2855000002
715434.318
715441.5720000002
715447.4405
715639.2225000001
715645.716
715673.5630000001
715692.3635
715724.503
715784.9989999998
715795.1634999998
715860.5750000002
715877.8705000002
715935.4355000001
715967.0715000001
716009.0049999999
716019.9780000001
716039.9114999999
716048.844
716145.773
716217.4075000002
716327.4534999998
715994.2875000001
715980.5025
715978.2574999998
715958.6030000001
715956.4950000001
715944.7239999999
715940.8169999998
715940.3714999999
715938.6414999999
715934.6349999998
715930.3590000002
715935.3859999999
715933.2694999999
715930.0005000001
715926.2379999999
715921.4945
715919.5745000001
715903.1009999998
715894.7895
715890.8799999999
715885.8374999999
715868.7230000002
715851.73
715833.878
715815.1375000002
715806.0129999998
715798.2895
715783.5104999999
715783.1409999998
715779.0090000001
715776.9435
715773.6945000002
715772.5890000002
715768.5065000001
715726.4715
715711.4900000002
715681.4224999999
715680.6025
715680.2165000001
715461.1105
715456.4509999999
715231.4019999998
715090.2245
715083.2880000002
715082.9134999998
715097.969
715114.1225
715157.9865000001
715188.9619999998
715319.3785000001
715329.7179999999
715373.8835
715385.8489999999
715425.1804999998
715442.182
715444.8775
715448.2540000002
715450.7785
715452.3994999998
715448.4745
715421.8259999999
715418.5504999999
715466.4955000002
715466.6889999998
715478.7599999998
716083.6639999999
716103.2990000001
716111.719
716129.8355
716151.0890000002
716323.7955
716368.4805000001
716586.6630000002
716588.5260000001
716604.1984999999
716609.7110000001
716616.3670000001
716625.1085000001
716636.8544999999
716697.4424999999
716715.4555000002
716727.3700000001
716738.5329999998
716748.534
716757.747
716765.9194999998
716772.9920000001
716790.0580000002
716803.7045
716819.9424999999
716831.8095
716843.4210000001
716878.5565
716936.6305
717007.6614999999
717036.7995000002
717122.8119999999
717167.3990000002
717304.0440000002
717426.2609999999
717544.7349999999
717618.2395000001
717651.6035000002
717659.8300000001
717666.9685
717673.5019999999
717676.2585
717696.2510000002
717708.7285000002
717764.1675
717834.4070000001
717893.4739999999
717958.0704999999
718008.3615000001
718063.4605
718120.8624999998
718168.9325000001
718139.426
718077.6009999998
718149.2804999999
718512.2755
718552.4555000002
718576.3725
718600.5959999999
718685.2400000002
718694.7154999999
718696.4709999999
718719.3505000002
718719.3509999998
718719.3785000001
718685.4615000002
718618.4785000002
718559.7204999998
718518.014
718470.6179999998
718421.6825000001
718292.446
718292.2340000002
718204.031
718198.9715
718038.1864999998
717898.8895
717897.1924999999
717893.2940000002
717885.0090000001
717873.8539999998
717865.3480000002
717858.2949999999
717856.3859999999
717751.4095000001
717573.7174999998
717442.861
717305.2864999999
717296.6499999999
717296.3059999999
717292.503
717275.0965
717266.4334999998
717028.6775000002
716804.4160000002
716802.1179999998
716800.7434999999
716798.551
716790.2815
716553.3059999999
716556.1800000002
716488.8355
716502.1359999999
716517.5274999999
716489.6154999998
716458.3314999999
716462.0474999999
716445.9194999998
716424.1294999998
716411.1919999998
716368.0164999999
716352.9870000002
716330.9885
716297.6340000001
716210.8824999998
716078.1505
716020.074
715988.3339999998
715969.2310000001
716048.4615000002
716124.1954999999
716107.1979999999
716096.6124999998
716090.6625000001
716083.8450000002
716076.2935000001
716068.2795000002
716064.0605000001
716060.0194999999
716056.3190000001
716053.0405000001
716040.5580000002
716037.0134999999
716034.6290000002
716033.6940000001
716033.361
716035.3110000002
716035.3224999998
716035.6524999999
716036.7725
716038.571
716041.0444999998
716053.9545
716056.7075
716057.7790000001
716054.4005
716054.9169999999
716058.0210000002
716071.3735000002
716073.6639999999
716073.9394999999
716071.8204999999
716071.2034999998
716072.5899999999
716076.094
716090.2710000002
716110.6214999999
716117.7209999999
716122.9585000002
716126.1340000001
716127.105
716112.7749999999
716088.0465000002
716061.3964999998
716059.0830000001
716057.4855
716056.6294999998
716056.5395
716057.4024999999
716051.0789999999
716048.2344999998
716045.6009999998
716030.4589999998
716026.0384999998
716024.0065000001
716024.463
716025.1395
716024.696
716021.1175000002
716023.2544999998
716010.7749999999
716008.815
716008.0630000001
716008.5145
716012.5614999998
716013.764
716014.3605
716011.2650000001
716003.628
715981.4509999999
715972.5580000002
715966.9725000001
715965.0014999998
715962.2590000001
715958.852
715933.6630000002
715927.4019999998
715922.4725000001
715906.8245000001
715900.2905000001
715887.6170000001
715875.9879999999
715876.2170000002
715883.872
715884.27
715884.176
715883.5350000001
715856.8424999998
715836.9624999999
715834.3204999999
715832.7239999999
715832.196
715832.7615
715842.9545
715987.4865000001
716037.3849999998
716076.4019999998
716102.0265000002
716107.71
716113.3059999999
716118.6209999998
716123.409
716140.3360000001
716149.4909999999
716165.6710000001
716168.3480000002
716176.4709999999
716179.6970000002
716193.9164999998
716212.7429999998
716276.4515
716297.8475000001
716326.835
716351.1634999998
716393.5090000001
716433.7255000002
716493.8365000002
716451.7165000001
716419.7905000001
716396.4945
716373.8095
716359.8089999999
716293.5235000001
716297.1200000001
716308.3034999999
716301.7310000001
716300.861
716308.378
716309.3330000001
716246.1124999998
716170.3125
716174.1444999999
716193.7790000001
716214.9010000001
716233.9065
716253.7185
716287.3620000002
716299.7659999998
716286.8385000001
716312.5819999999
716333.2315000002
716287.0534999999
716232.5044999998
716185.2050000001
716144.1910000001
716105.7905000001
716043.1275
715990.1839999999
715966.1775000002
715919.2374999998
715875.1625000001
715827.4709999999
715805.0425
715789.8165000002
715759.111
715741.1345000002
715701.0255
715634.0134999999
715593.1425000001
715553.4989999998
715509.2740000002
715463.7544999998
715444.2220000001
715405.7540000002
715380.5894999998
715348.1974999998
715316.861
715316.3220000002
715293.122
715282.4849999999
715295.8355
715282.1074999999
715266.6069999998
715280.6165
715279.96
715256.0425
715245.4870000002
715251.693
715178.2795000002
715130.622
715055.6830000002
715055.0575000001
715048.1570000001
715042.6945000002
715045.9739999999
715039.3199999998
715041.2115000002
715047.7450000001
715040.7335000001
715098.4240000001
715128.605
715176.4254999999
715198.5644999999
715247.3390000002
715269.8034999999
715274.7215
715290.3360000001
715302.5090000001
715323.048
715364.8999999999
715388.1905
715409.7059999998
715478.8050000002
715570.6200000001
715598.2069999999
715641.6740000001
715699.4564999999
715723.0469999998
715732.494
715797.1085000001
715856.4569999999
715877.3025000002
715905.2620000001
715927.6949999998
715991.2094999999
716052.6660000002
716168.0120000001
716200.1349999998
716277.3914999999
716378.3659999999
716401.4730000002
716444.6434999998
716471.1919999998
716530.2064999999
716542.6069999998
716541.8080000002
716550.6529999999
716590.3824999998
716670.4369999999
716686.7004999998
716732.3029999998
716710.0065000001
716668.0825
716656.5495000002
716632.9550000001
716608.3465
716585.551
716575.9964999999
716535.8280000002
716532.6014999999
716477.1864999998
716403.7645
716313.6235000002
716290.4844999998
716256.8454999998
716248.2455000002
716137.798
716111.5975000001
716091.6754999999
716079.7604999999
716015.4555000002
716042.8914999999
716021.5074999998
716006.2855000002
716031.1855000001
716040.6905
716043.9049999998
716033.5595
716018.2195000001
715999.6724999999
715984.3330000001
715933.3875000002
715921.7599999998
715898.6290000002
715875.9134999998
715834.5079999999
715704.9654999999
715629.7404999998
715601.6039999998
715627.6159999999
715646.5784999998
715701.9545
715678.986
715694.6499999999
715665.9644999998
715665.0595
715683.4530000002
715635.7590000001
715594.9720000001
715547.2385
715528.9525000001
715515.9215000002
715507.46
715499.506
715480.7475
715459.8514999999
715443.8799999999
715431.4624999999
715404.0444999998
715379.0674999999
715358.6775000002
715353.5189999999
715333.6889999998
715288.2135000001
715270.9575
715251.0750000002
715237.4190000002
715225.98
715215.4775
715167.463
715143.8555000001
715136.034
715126.0559999999
715128.852
715133.9909999999
715144.983
715129.7760000001
715100.8500000001
715094.798
715089.8390000002
715087.531
715085.8034999999
715084.6815
715084.1634999998
715101.2220000001
715076.1529999999
715066.8790000002
715075.5995
715050.8859999999
715029.6719999998
715041.216
715001.3539999998
715002.389
714985.0240000002
714965.9145
714950.6434999998
714920.7815
714911.3640000001
714896.2264999999
714886.9950000001
714878.9685
714854.6065000002
714848.5715000001
714856.7925
714847.2570000002
714827.6815
714821.9334999998
714836.2925
714837.4934999999
714820.3234999999
714813.284
714790.8220000002
714786.3650000002
714792.9205
714781.506
714780.2740000002
714755.8080000002
714792.2905000001
714787.8964999998
714792.3300000001
714785.2855000002
714801.0784999998
714770.5869999998
714782.415
714760.9589999998
714736.125
714746.9440000001
714752.8735000002
714751.7825000002
714746.1745000002
714735.7634999999
714734.5734999999
714722.0
714716.7234999998
714720.952
714719.0419999999
714710.4215000002
714710.6575000002
714690.3250000002
714662.0134999999
714624.0085
714592.4500000002
714567.6885000002
714547.1965000001
714492.8050000002
714468.9405
714467.8790000002
714440.9904999998
714401.23
714349.6475
714297.8525
714252.264
714236.0984999998
714181.8675000002
714169.3994999998
714150.7489999998
714125.2080000001
714117.0720000002
714097.7919999999
714085.7684999998
714082.909
714063.6235000002
714034.2590000001
714015.4315
714003.6535
713978.2124999999
713985.5109999999
713980.0915000001
713965.9985000002
713965.6469999999
713901.5405000001
713909.1860000002
713885.9330000002
713886.2615
713873.6630000002
713855.3849999998
713824.4445000002
713751.8840000001
713715.4670000002
713689.4130000002
713680.3640000001
713660.0214999998
713656.1924999999
713625.932
713601.3865
713587.6299999999
713470.9300000002
713374.6499999999
713361.179
713332.3705000002
713314.7799999998
713266.3125
713227.781
713205.219
713182.1035000002
713177.0019999999
713172.4950000001
713168.8544999999
713166.2395000001
713164.5550000002
713161.8495
713158.2555
713153.9615000002
713109.27
713101.9175
713069.702
712977.852
712938.7940000002
712931.2045
712924.3769999999
712918.5
712913.7625000002
712879.074
712844.1745000002
712819.5975000001
712771.5049999999
712749.423
712733.1775000002
712607.7960000001
712437.2935000001
712418.6974999998
712393.6940000001
712374.4945
712266.8960000002
712226.7884999998
712227.7535000001
712228.4465000001
712227.4989999998
712224.9739999999
712208.446
712169.6009999998
712107.2455000002
712077.3424999998
712066.7815
712060.3280000002
712006.142
711974.4079999998
711848.1715000002
711828.5550000002
711816.8665
711798.3824999998
711772.2680000002
711704.9265000001
711645.8525
711607.8399999999
711526.1074999999
711475.0929999999
711431.145
711364.2009999999
711299.5164999999
711234.7769999998
711183.7220000001
711131.1524999999
711118.5279999999
711111.5184999998
711106.5225
711115.6995000001
711131.0745000001
711142.4545
711167.7570000002
711173.4555000002
711173.8289999999
711166.6519999998
711136.9019999998
711160.815
711191.6099999999
711207.1030000001
711232.1625000001
711252.4134999998
711316.4679999999
711330.2799999998
711330.1120000002
711316.0085
711338.1595000001
711358.7080000001
711281.7064999999
711142.7225000001
710928.023
710735.685
710744.5104999999
710739.5869999998
710730.21
710558.6430000002
710561.8569999998
710568.4019999998
710581.2234999998
710625.9029999999
710633.5
710653.8254999998
710658.5304999999
710664.8799999999
710694.6085000001
710701.0104999999
710705.9915
710709.1875
710710.2864999999
710712.909
