684347.8574999999
684332.639
684277.6740000001
684216.031
684148.4989999998
684130.8399999999
684095.6460000002
684067.2995000002
683970.4070000001
683829.2480000001
683751.881
683690.824
683659.2749999999
683598.7930000001
683551.031
683555.7064999999
683495.3560000001
683481.6014999999
683443.1549999998
683417.4109999998
683371.023
683355.2599999998
683351.125
683355.9049999998
683344.977
683321.3215000001
683273.0095000002
683261.4084999999
683255.2285000002
683275.9550000001
683185.3399999999
683102.344
683060.0575000001
683004.264
682982.3335000002
683007.7374999998
683013.5950000002
683047.423
683038.7340000002
683045.1915000002
683041.5049999999
683029.4504999998
682906.5619999999
682898.0244999998
682924.2344999998
682943.7480000001
682976.6469999999
682985.0025
682979.8635
682988.3960000002
682988.423
682981.415
682886.6680000001
682751.0414999998
682738.4130000002
682664.7080000001
682588.1379999998
682527.5455
682476.375
682425.0295000002
682412.0255
682387.7069999999
682398.4284999999
682419.9389999998
682428.6005000002
682480.139
682565.1524999999
682603.0410000002
682532.344
682501.6795000001
682522.1770000001
682534.0625
682563.0750000002
682605.4279999998
682666.5380000002
682705.554
682783.9945
682779.0989999999
682761.7135000001
682785.176
682800.4325000001
682839.2234999998
682849.7319999998
682922.9605
682972.3110000002
682941.0070000002
682894.8169999998
682886.9190000002
682914.8330000001
682899.7735000001
682911.2264999999
682908.7790000001
682773.4109999998
682728.196
682712.1869999999
682648.7590000001
682611.8705000002
682474.693
682440.335
682412.8849999998
682400.3325
682346.3624999998
682321.54
682286.0099999998
682214.6795000001
682157.7655000002
682026.6200000001
681997.159
681972.0660000001
681836.6869999999
681776.9835000001
681744.6239999998
681710.3799999999
681655.5235000001
681600.8080000002
681523.1005000002
681456.1269999999
681441.963
681408.0980000002
681376.8204999999
681232.3590000002
681176.6324999998
681043.0809999998
680922.6894999999
680782.8709999998
680758.9035
680677.2850000001
680392.75
680280.0765
680190.0444999998
680139.7969999998
680093.3964999998
680072.7664999999
680041.0695000002
680029.0839999998
679952.3884999999
679894.5049999999
679871.9495000001
679820.5715000001
679773.7694999999
679715.2349999999
679638.2324999999
679590.2225000001
679518.236
679396.6184999999
679376.7799999998
679343.9500000002
679316.6030000001
679282.4100000001
679265.9994999999
679257.7864999999
679245.4585000002
679216.7355
679180.5014999998
679149.7319999998
679127.8319999999
679060.247
679003.2370000002
678983.2485000002
678968.25
678928.2450000001
678909.6625000001
678885.0249999999
678860.4049999998
678851.5129999998
678833.0550000002
678813.2464999999
678775.2494999999
678733.2445
678686.0225
678656.5915000001
678635.3884999999
678597.7905000001
678514.3420000002
678418.2420000001
678360.247
678288.2434999999
678205.2365000001
678153.2544999998
678144.3080000002
678119.0095000002
678041.0490000001
677959.6515000002
677924.7744999998
677894.679
677865.9495000001
677844.0575000001
677823.2344999998
677738.2494999999
677634.8050000002
677539.8975
677428.6060000001
677400.923
677393.5915000001
677364.7974999999
677285.1260000002
677226.3925000001
677210.5635000002
677185.7075
677138.244
677103.2590000001
677085.244
677073.27
677045.2489999998
677025.2650000001
677008.2740000002
676978.2544999998
676938.2604999999
676895.2525
676840.2595000002
676803.2620000001
676708.2769999998
676665.2725
676555.2740000002
676448.2650000001
676375.2664999999
676353.2680000002
676315.2825000002
676255.2855000002
676183.267
676133.27
676068.2680000002
675963.2615
675923.2769999998
675913.2825000002
675910.2815
675885.2864999999
675860.2774999999
675845.2895
675817.2085000002
675779.0545000001
675751.6129999999
675751.2889999999
675768.4300000002
675769.0219999999
675747.8544999999
675729.94
675710.2365000001
675682.9975
675618.8964999998
675577.7795000002
675555.3215000001
675565.0605000001
675550.2415
675557.727
675532.003
675532.2864999999
675487.4649999999
675512.4815000002
675499.1499999999
675480.2785
675375.1129999999
675346.6099999999
675304.7069999999
675274.2404999998
675258.7834999999
675215.6974999998
675179.8065
675190.0430000001
675211.3314999999
675222.1949999998
675179.6439999999
675006.4870000002
674906.8344999999
674858.5565
674642.8004999999
674455.0070000002
674443.2365000001
674488.0619999999
674492.3199999998
674271.4095000001
674286.8309999998
674293.7705000001
674234.7535000001
674162.1885000002
674151.3004999999
674209.6205000002
674222.1320000002
674245.6439999999
674262.2774999999
674282.9215000002
674277.0789999999
674299.8805
674271.2995000002
674295.381
674292.2744999998
674309.8865
674343.3420000002
674324.9070000001
674338.9270000001
674365.1255000001
674358.0065000001
674439.0800000001
674456.0134999999
674457.2914999998
674377.3204999999
674342.0214999998
674247.0784999998
674255.9950000001
674295.8794999998
674288.1770000001
674309.0639999998
674271.7390000001
674287.5320000001
674462.7059999998
674516.8165000002
674501.9739999999
674628.69
674654.9075000002
674673.6519999998
674699.892
674737.5150000001
674761.244
674793.4235
674783.4695000001
674810.8914999999
674888.3794999998
674964.3854999999
674944.8815000001
675057.406
675132.6745000002
675166.0269999998
675187.5669999998
675202.0035000001
675206.4764999999
675219.406
675197.105
675219.0449999999
675242.1499999999
675242.5550000002
675227.2535000001
675242.5745000001
675201.0945000001
675212.4334999998
675212.2319999998
675194.4624999999
675209.7390000001
675197.4100000001
675202.5469999998
675185.5904999999
675204.068
675188.5164999999
675206.0995
675205.7694999999
675214.1949999998
675250.6335
675322.3050000002
675336.165
675235.588
675239.6384999999
675224.0595
675228.534
675215.9109999998
675223.1875
675207.4045000002
675172.3654999998
675142.0614999998
675144.8530000001
675134.96
675146.8174999999
675097.5099999998
675095.7075
675084.0194999999
675101.1264999998
675094.7234999998
675054.8629999999
675052.3254999998
675118.835
675165.6235000002
675130.9210000001
675127.4245000002
675136.091
675162.7684999998
675204.2204999998
675197.8465
675211.0819999999
675216.7790000001
675233.5520000001
675236.8799999999
675183.8500000001
675279.4915
675198.7914999998
675161.4665000001
675141.2135000001
675102.9534999998
675097.4095000001
675032.1584999999
675010.5150000001
674985.3344999999
674375.4635000001
674295.4775
674313.3535000002
674293.8065
674288.5104999999
674285.713
674266.8319999999
674273.247
674271.3744999999
674278.5975000001
674282.8650000002
674272.7110000001
674267.9470000002
674270.6455000001
674264.2535000001
674275.1919999998
674268.5495000002
674265.3374999999
674258.9295000001
674268.983
674261.5115
674255.3155
674247.7615
674233.5885000001
674225.1335
674217.8045000001
674227.8385000001
674217.284
674202.3590000002
674136.2995000002
674118.156
674092.2555
674075.702
674059.1235000002
674048.0800000001
674035.4644999998
674002.3475000001
673977.9125000001
673954.7755
673922.1770000001
673866.432
673795.7239999999
673777.5194999999
673746.7285000002
673735.7944999998
673726.1195
673712.881
673704.3735000002
673686.7094999999
673652.8020000001
673647.5465000002
673648.0109999999
673636.5194999999
673623.1035000002
673608.9334999998
673603.3735000002
673577.4219999998
673548.8155
673533.7625000002
673509.858
673486.8454999998
673452.943
673425.9695000001
673419.0025
673411.8544999999
673398.565
673396.52
673410.3744999999
673408.4895000001
673409.8845000002
673434.3130000001
673436.8870000001
673443.0025
673448.2910000002
673453.469
673460.844
673463.4130000002
673471.6345000002
673471.6025
673479.6244999999
673459.2170000002
673447.4504999998
673447.2434999999
673466.9194999998
673478.3445000001
673471.1614999999
673468.7820000001
673458.7140000002
673449.5715000001
673435.3480000002
673452.8139999998
673466.0095000002
673464.1264999998
673365.4235
673365.5460000001
673349.5589999999
673369.9155000001
673360.1175000002
673344.8635
673365.7200000002
673384.9139999999
673408.0125000002
673445.6705
673446.5534999999
673456.3934999998
673462.1035000002
673473.7765000002
673485.0079999999
673486.9454999999
673497.9624999999
673505.1179999998
673509.9580000001
673441.0775000001
673433.1235000002
673431.6340000001
673441.0610000002
673458.8645000001
673439.0860000001
673496.4605
673500.7400000002
673505.4925000002
674175.506
674342.2744999998
674401.1584999999
674455.6965000001
674473.3555000001
674485.8764999998
674502.0795
674519.2385
674551.3560000001
674567.9734999998
674578.8089999999
674583.8775
674582.9005
674595.8125
674616.6030000001
674645.7930000001
674670.429
674689.0044999998
674673.426
674674.2965000002
674678.3969999999
674683.6005000002
674696.7694999999
674700.0070000002
674675.0720000002
674711.6345000002
674769.4725000001
674803.1329999999
674840.4079999998
674870.531
674890.1634999998
674925.0795
675001.023
675035.466
675068.0175000001
675068.0219999999
675085.8654999998
675121.6179999998
675157.9815000002
675180.3119999999
675200.7200000002
675225.6124999998
675243.4840000002
675283.6830000002
675298.9840000002
675319.4109999998
675337.9210000001
675355.1365
675700.4945
675827.2055000002
675963.2015
676089.5950000002
676126.196
676201.6675
676330.3025000002
676430.824
676451.9720000001
676534.2620000001
676556.7829999998
676584.9739999999
676648.4360000002
676666.8594999998
676707.5265000002
676731.5545000001
676763.122
676785.6275
676891.2094999999
676950.6645
677033.4959999998
677082.767
677106.0389999999
677131.7445
677182.6154999998
677275.4139999999
677314.4079999998
677364.0295000002
677376.9915
677408.3130000001
677435.7755
677457.5865000002
677476.3985000001
677540.3399999999
677551.6565
677559.0635000002
677559.3314999999
677555.4720000001
677564.5359999998
677579.1425000001
677599.3229999999
677567.8535000002
677566.1784999999
677580.3160000001
677579.4515
677588.9470000002
677589.2220000001
677613.8054999998
677631.7540000002
677654.0
677720.452
677740.5065000001
677730.7415
677719.9145
677692.2785
677692.4674999998
677745.3755000001
677719.2415
677706.7110000001
677698.1924999999
677691.0315
677642.9909999999
677636.199
677635.352
677617.3424999998
677619.645
677615.3250000002
677617.0010000002
677603.6834999998
677589.2609999999
677572.7749999999
677549.8735000002
677537.3385000001
677527.4010000001
677520.8254999998
677521.7815
677524.6460000002
677537.5389999999
677537.4019999998
677534.844
677539.2919999999
677507.0745000001
677508.0935
677517.6660000002
677518.3139999998
677528.4750000001
677533.0184999998
677542.8029999998
677548.0164999999
677555.2549999999
677573.0049999999
677581.8224999998
677582.0430000001
677608.9100000001
677616.1244999999
677616.4254999999
677617.9405
677631.0090000001
677630.5419999999
677611.6285000001
677609.2540000002
677606.8295
677608.8905000002
677612.2489999998
677616.1974999998
677628.5240000002
677645.1529999999
677628.9445000002
677611.4249999998
677571.0040000002
677550.1515000002
677531.8165000002
677411.3695
677392.1894999999
677338.4235
677252.5669999998
677222.5699999998
677200.463
677187.1405000002
677170.0499999998
677164.6324999998
677163.369
677132.111
677118.3654999998
677146.7004999998
677130.0244999998
677127.5225
677128.3805
677140.0299999998
677129.2110000001
677108.9095000001
677105.4580000001
677099.4385000002
677086.8445000001
677114.1515000002
677212.7315000002
677255.3629999999
677273.21
677284.8155
677263.889
677203.7579999999
677064.4994999999
677054.7735000001
677011.1915000002
676978.0355000002
676974.5724999998
676971.5295000002
676967.5970000001
676965.2625000002
676953.8624999998
676947.3769999999
676941.5440000002
676939.4070000001
676932.4745
676915.7434999999
676910.3969999999
676895.5129999998
676885.9989999998
676840.6749999998
676820.094
676782.0839999998
676763.4870000002
676743.0240000002
676726.5405000001
676710.7355
676686.0644999999
676685.8879999998
676664.2239999999
676648.6600000001
676631.0049999999
676624.4624999999
676622.0559999999
676612.4164999998
676607.8769999999
676597.0699999998
676583.3640000001
676592.5589999999
676587.7094999999
676583.3590000002
676596.1375000002
676601.1444999999
676604.5635000002
676604.2689999999
676602.4569999999
676592.2340000002
676592.8300000001
676600.6605000002
676615.9185000001
676611.4035
676639.9410000001
676616.9555000002
676619.9449999998
676618.7429999998
676614.5699999998
676590.7064999999
676542.2075
676544.023
676563.5189999999
676557.8879999998
676555.1675
676555.2009999999
676562.1154999998
676567.2185
676573.8590000002
676575.1425000001
676579.8879999998
676592.5395
676644.0695000002
676658.369
676678.7030000002
676695.3900000001
676703.7749999999
676711.452
676715.5485
676805.5614999998
676771.5329999998
676744.2015
676725.6205000002
676726.4685
676726.0750000002
676703.7680000002
676684.7215
676678.0839999998
676653.6165
676624.3365000002
676589.2039999999
676574.4224999999
676562.9959999998
676550.4959999998
676538.273
676487.1705
676484.9959999998
676489.4364999998
676490.5525000002
676456.6614999999
676436.5695000002
676454.4449999998
676444.5805000002
676441.301
676445.7280000001
676486.1455000001
676500.0674999999
676497.1150000002
676526.5839999998
676548.1715000002
676598.7174999998
676636.6475
676660.9985000002
676683.6505
676700.5355000002
676722.1115000001
676779.8459999999
676791.8185
676791.8045000001
676794.2519999999
676811.7829999998
676823.1630000002
676828.4185000001
676817.3539999998
676893.7769999998
676898.6135
676908.631
676909.1165
676966.7075
676980.6335
677008.9695000001
677026.8705000002
677034.0614999998
677063.0894999998
677073.7955
677045.2025000001
677034.2919999999
677033.6145000001
677061.0184999998
677058.2195000001
677077.9589999998
677074.0285
677130.1294999998
677152.378
677222.142
677233.645
677294.1400000001
677363.1184999999
677439.6105
677458.5610000002
677482.3714999999
677532.0929999999
677583.5989999999
677639.5695000002
677683.8265
677691.6014999999
677709.0669999998
677718.8709999998
677744.6214999999
677804.3335000002
677847.1129999999
678041.085
678227.7239999999
678267.3739999998
678295.4780000001
678362.9759999998
678501.9125000001
678571.6329999999
678651.8374999999
678691.9304999998
678694.8160000001
678755.0214999998
678807.4575
678830.9325000001
678953.625
679010.577
679010.6044999999
679092.1179999998
679144.622
679221.1414999999
679239.6469999999
679243.8930000002
679337.3859999999
679405.1545000002
679454.6614999999
679481.6894999999
679513.6784999999
679551.9569999999
679583.4470000002
679678.716
679727.2215
679764.727
679875.7494999999
679879.2429999998
679951.25
680033.0085
680091.5260000001
680198.8020000001
680334.8075000001
680409.7999999998
680181.0970000001
680156.3790000002
680096.0809999998
680046.0830000001
679932.804
679877.9079999998
679832.7905000001
679792.4929999998
679601.1115000001
679564.3905000002
679401.3139999998
679386.0065000001
679395.9139999999
679417.2069999999
679442.2080000001
679451.6069999998
679497.8190000001
679551.7094999999
679578.9194999998
679652.7094999999
679651.7404999998
679651.0074999998
679649.594
679648.0099999998
679640.3265
679628.7294999999
679612.2135000001
679596.8199999998
679584.7315000002
679332.5175000001
679274.139
679156.1375000002
679011.622
678936.7215
678840.1170000001
678842.1205000002
678606.4385000002
678497.3360000001
678331.3480000002
678413.827
678294.324
678605.8484999998
678740.7455000002
678910.2255000002
679069.2294999999
679213.841
679392.0260000001
679501.6430000002
679493.1475
679500.6439999999
679518.0304999999
679545.6299999999
679641.7259999998
679740.6335
679748.4454999999
679692.841
679735.9500000002
679729.8500000001
679530.6324999998
679532.1540000001
679341.3495
679333.0210000002
679453.642
679477.8544999999
679504.6299999999
679506.6379999998
679569.1359999999
679561.6545000002
679575.6505
679562.1434999998
679557.9375
679602.6414999999
679640.6335
679713.148
679715.4334999998
679727.6444999999
679747.631
679720.1434999998
679736.6434999998
679731.6494999998
679747.6335
679739.8565000002
679725.6499999999
679753.1384999999
679741.6439999999
679742.6515000002
679733.1455000001
679729.6460000002
679706.1305
679712.8509999998
679720.6444999999
679728.1524999999
679716.6439999999
679734.1464999998
679768.8555000001
679781.1430000002
679807.8484999998
679824.1554999999
679864.6444999999
679878.1340000001
679888.0430000001
679891.1340000001
679906.5989999999
679916.1425000001
679932.1335
679930.1315000001
680027.9555000002
680043.1575000002
680065.6490000002
680084.6359999999
680093.6464999998
680127.1540000001
680233.6485000001
680227.6529999999
680263.6349999998
680291.1354999999
680333.1329999999
680443.0389999999
680470.6379999998
680485.6529999999
680583.7415
680649.2365000001
680715.6605000002
680743.1614999999
680771.6609999998
680819.1535
680820.6529999999
680910.9380000001
680932.1595000001
681017.6554999999
681082.1505
681105.1375000002
681148.6485000001
681157.5520000001
681193.747
681228.8569999998
681246.4500000002
681293.9605
681335.139
681345.1515000002
681366.1549999998
681381.656
681400.1630000002
681399.1375000002
681381.1625000001
681396.6425000001
681377.6455000001
681382.6490000002
681375.8415000001
681463.3594999998
681479.148
681473.6009999998
681438.2030000002
681362.3110000002
681318.0455
681305.2305000001
681240.0120000001
681219.486
681198.1889999998
681171.7110000001
681166.5225
681145.5005000001
681111.6699999999
680971.7930000001
680946.8360000001
680916.8495
680862.176
680829.3065
680829.0274999999
680779.4720000001
680764.5159999998
680709.7710000002
680695.548
680674.6140000001
680634.1400000001
680603.8254999998
680570.8705000002
680430.3004999999
680403.9084999999
680370.3114999998
680333.3695
680195.1830000002
680146.5320000001
680074.017
680040.0605000001
679995.9240000001
679924.2080000001
679904.2914999998
679875.1205000002
679839.5375000001
679828.8300000001
679816.6175000002
679790.406
679724.1529999999
679710.4300000002
679684.3160000001
679593.8859999999
679578.0534999999
679561.2969999998
679555.1359999999
679518.4794999999
679478.2245
679453.6630000002
679415.2645
679365.5499999998
679323.1055000001
679294.3629999999
679285.8509999998
679276.162
679262.5660000001
679219.1784999999
679218.9569999999
679167.2365000001
679170.7969999998
679150.213
679164.4454999999
679133.7710000002
679077.2050000001
679048.4160000002
679001.2955
678930.9095000001
678922.1864999998
678909.9545
678894.2525
678864.7059999998
678782.0685
678717.0800000001
678716.5504999999
678702.4649999999
678717.4185000001
678721.8325
678721.4065
678717.7294999999
678706.4309999999
678667.1600000001
678577.1230000001
678565.1705
678582.3095
678574.8390000002
678542.2294999999
678533.9295000001
678501.3004999999
678484.014
678496.5430000001
678521.756
678526.2944999998
678533.5129999998
678546.807
678557.4619999998
678589.7829999998
678583.9530000002
678578.46
678574.2574999998
678567.4424999999
678573.7565000001
678570.0945000001
678580.0904999999
678579.1735
678573.9879999999
678580.5240000002
678583.6625000001
678598.9415000002
678644.3509999998
678655.5550000002
678661.8994999998
678670.25
678674.696
678681.2880000002
678699.9139999999
678719.1209999998
678730.3390000002
678736.9394999999
678735.4504999998
678711.0704999999
678680.9734999998
678647.4559999998
678640.077
678640.2480000001
678645.0839999998
678633.645
678611.3624999998
678577.5430000001
678563.4640000002
678537.9915
678507.977
678457.6235000002
678444.2519999999
678435.5580000002
678421.9805000001
678410.858
678408.202
678409.8075000001
678399.3195000002
678399.3114999998
678406.0134999999
678407.4569999999
678414.8895
678459.3565000002
678759.0529999998
678767.7645
678780.4530000002
678819.9199999999
678828.1830000002
678858.1735
678874.0010000002
678880.4284999999
678883.2905000001
678906.4180000001
678913.1444999999
678967.0035000001
678982.9024999999
679002.767
679028.6699999999
679061.4495000001
679078.7514999998
679099.6945000002
679122.6490000002
679133.6140000001
679151.7625000002
679176.2004999998
679194.5855
679219.5695000002
679305.2425000002
679139.071
679125.6290000002
679118.7475
679117.8594999998
679111.4100000001
679114.9759999998
679100.6869999999
679095.8870000001
679101.5734999999
679112.4465000001
679043.2000000002
679009.2795000002
678969.8059999999
678950.6625000001
678945.0589999999
678938.2324999999
678907.3385000001
678886.9789999998
678825.4024999999
678821.9134999998
678857.8824999998
678849.6179999998
678845.5630000001
678848.8645000001
678863.594
678905.5525000002
678867.6230000001
678801.0389999999
678780.7725
678743.2425000002
678726.2544999998
678726.108
678710.1505
678672.1834999998
678631.8144999999
678624.2085000002
678616.1505
678600.8454999998
678565.3420000002
678554.3794999998
678527.2425000002
678487.0525000002
678474.0285
678465.3365000002
678431.3234999999
678411.8675000002
678383.3404999999
678352.4874999998
678284.0520000001
678261.6869999999
678240.19
678213.5274999999
678147.4380000001
678096.6320000002
678042.9649999999
678018.014
677990.9530000002
677926.2990000001
677903.4254999999
677840.6384999999
677788.321
677765.4874999998
677726.6179999998
677707.5890000002
677697.0839999998
677720.5320000001
677730.6710000001
677751.2149999999
677772.0159999998
677805.7544999998
677813.3700000001
677813.1014999999
677824.784
677851.9254999999
677868.1749999998
677888.193
677929.0495000002
677955.6694999998
677975.9755000002
677970.5720000002
678070.9704999998
678106.7629999998
678142.8805
678197.2285000002
678229.1970000002
678274.6595000001
678317.0240000002
678348.1839999999
678367.3119999999
678385.338
678400.656
678408.0655
678429.841
678452.2085000002
678491.3865
678537.2859999998
678578.5904999999
678629.5575000001
678673.0159999998
678743.8590000002
678831.6595000001
678845.0395
678886.298
678903.6889999998
678917.4054999999
678933.0325000002
678937.8475000001
678952.2919999999
678976.5904999999
679023.3670000001
679069.8714999999
679091.7245
679125.0835000002
679139.2620000001
679144.699
679180.5619999999
679211.3875000002
679262.9389999998
679289.5924999998
679314.7144999998
679338.3730000001
679381.6379999998
679419.858
679432.1150000002
679451.0830000001
679444.0565
679445.2914999998
679445.3605
679482.2779999999
679492.0984999998
679518.9405
679567.5249999999
679593.2995000002
679608.3445000001
679630.142
679644.7549999999
679644.1400000001
679652.7574999998
679655.6855000001
679665.6439999999
679669.1855000001
679680.0520000001
679702.94
679785.2355
679850.5214999998
679891.0104999999
679914.0860000001
680014.5784999998
680061.5805000002
680083.355
680116.7475
680159.7124999999
680163.4389999998
680232.4040000001
680251.7795000002
680266.4730000002
680356.196
680376.7905000001
680391.5920000002
680419.878
680465.8735000002
680491.9309999999
680523.352
680531.3930000002
680538.6074999999
680578.8185
680608.3105000001
680644.9589999998
680673.2850000001
680700.3489999999
680829.838
680878.3445000001
680921.3335000002
680945.9304999998
680950.1699999999
680966.5765
680982.7230000002
681001.2204999998
681031.3815000001
681062.5860000001
681091.4339999999
681141.398
681193.8015000001
681217.983
681296.446
681322.625
681369.5485
681390.8475000001
681428.6864999998
681533.6855000001
681558.3089999999
681589.2025000001
681649.1014999999
681676.8875000002
681757.3875000002
681789.2209999999
681810.7494999999
681908.6804999998
681933.7250000001
681954.1834999998
681988.9410000001
682012.7494999999
682031.2344999998
682025.0299999998
682029.7374999998
682039.8059999999
682046.1490000002
682064.048
682116.7675000001
682144.7949999999
682166.3735000002
682219.0285
682277.2209999999
682289.0554999998
682305.3805
682324.2859999998
682325.0219999999
682332.2089999998
682348.6545000002
682409.7280000001
682441.8369999998
682494.6669999999
682534.5375000001
682558.7565000001
682581.9619999998
682638.4175
682661.6150000002
682700.4270000001
682725.1375000002
682739.5375000001
682776.881
682832.4309999999
682852.3445000001
682907.8905000002
682947.8454999998
682994.9275000002
683017.9364999998
683039.5504999999
683058.9725000001
683077.628
683100.2259999998
683133.3985000001
683168.44
683196.5150000001
683216.0345000001
683252.1779999998
683310.3884999999
683335.5754999998
683425.5954999998
683457.7315000002
683487.6875
683536.8840000001
683572.7694999999
683631.2135000001
683664.5525000002
683757.9270000001
683776.1535
683844.415
683896.1745000002
683961.0965
683986.8330000001
684017.9835000001
684039.0995
684045.659
684077.6919999998
684093.4959999998
684123.7855000002
684148.2144999998
684185.2804999999
684184.8084999998
684166.7795000002
684182.2609999999
684186.7625000002
684205.3744999999
684219.659
684270.0685
684295.3675000002
684301.8755000001
684318.0610000002
684336.2634999999
684344.56
684354.784
684358.8684999999
684369.3594999998
684385.185
684395.8829999999
684420.4775
684436.8605
684397.4805000001
684387.7689999999
684393.9640000002
684393.5669999998
684426.8884999999
684435.0869999998
684431.8884999999
684450.1664999998
684411.5194999999
684327.6710000001
684277.5904999999
684237.9725000001
684197.088
684170.1945000002
684130.889
684138.994
684191.6935
684426.281
684536.4885
684606.6965000001
684790.0775000001
684954.1740000001
684995.7880000002
685051.2944999998
685045.4840000002
685049.8840000001
685067.2949999999
685092.4865000001
685113.7799999998
685136.5945000001
685160.392
685170.8829999999
685192.0729999999
685211.4964999999
685244.1834999998
685263.2884999998
685289.8879999998
685288.6910000001
685277.7785
685251.1885000002
685240.4870000002
685227.5695000002
685131.0189999999
685065.4750000001
685046.0935
685043.1885000002
685049.986
685042.0800000001
685059.0894999998
685076.8799999999
685081.69
685088.6855000001
685084.4835000001
685095.9870000002
685098.1754999999
685097.1885000002
685103.2820000001
685098.1860000002
685079.8739999998
685088.1735
685129.4815000002
685149.2829999998
685119.6815
685092.196
685048.4955000002
685165.3849999998
685137.0890000002
685127.6699999999
685030.5
685032.284
685023.977
685030.1919999998
685042.2790000001
685042.9950000001
685037.4709999999
685022.767
685035.4449999998
685051.8744999999
685056.4479999999
685042.8015000001
685038.6705
685039.6924999999
685028.9844999998
684979.44
684970.2914999998
684966.0989999999
684962.1815
684950.4959999998
684956.6869999999
684960.6839999999
684987.1815
685023.9780000001
685071.3934999998
685111.2875000001
685151.4155000001
685198.9190000002
685226.0745000001
685249.071
685274.8174999999
685291.5695000002
685323.2480000001
685357.7570000002
685389.7455000002
685411.5090000001
685430.7659999998
685448.8870000001
685463.2315000002
685477.5260000001
685499.9649999999
685506.9805000001
685540.2355
685554.3325
685564.7404999998
685528.196
685509.7004999998
685496.3365000002
685590.0715000001
685777.6995000001
685862.0455
685891.6170000001
685924.54
685969.3969999999
685971.3335000002
685979.0444999998
685981.2305000001
685981.5040000002
685981.75
685986.8365000002
685998.9155000001
686007.1860000002
686010.3110000002
686011.9835000001
686014.6039999998
686018.4394999999
686032.3514999999
686040.6545000002
686054.4380000001
686062.3155
686062.9345
686062.4015000002
686062.892
686065.4410000001
686069.3234999999
686073.8404999999
686077.0554999998
686080.1140000001
686080.9279999998
686088.216
686092.037
686096.5765
686100.5414999998
686105.8539999998
686109.6834999998
686120.1645
686128.7064999999
686135.3744999999
686143.6324999998
686148.6935
686153.5984999998
686158.6065000002
686164.7505000001
686166.9245000002
686171.4920000001
686176.4385000002
686186.8514999999
686193.7480000001
686196.8569999998
686197.2574999998
686203.6669999999
686207.0240000002
686210.1719999998
686215.5184999998
686221.7034999998
686250.0554999998
686264.983
686275.9235
686285.2919999999
686284.8969999999
686293.5499999998
686296.1230000001
686298.8794999998
686302.8985000001
686310.9585000002
686317.0095000002
686323.3530000001
686324.4670000002
686325.662
686331.3335000002
686333.9500000002
686338.2000000002
686340.1609999998
686345.5699999998
686348.5225
686354.1549999998
686356.682
686360.7965000002
686367.9635000001
686371.3755000001
686372.923
686374.844
686379.426
686382.8495
686385.8190000001
686388.3665
686389.9139999999
686390.3555000001
686394.5469999998
686401.5159999998
686409.1444999999
686418.3319999999
686418.5255
686415.9755000002
686415.159
686420.6340000001
686432.2209999999
686431.7310000001
686439.7930000001
686448.412
686449.0120000001
686445.662
686443.7765000002
686441.2615
686436.2135000001
686429.8309999998
686425.1329999999
686421.0359999998
686420.1584999999
686416.2744999998
686395.665
686395.5789999999
686395.5504999999
686395.494
686395.2744999998
685941.0205000001
685997.2774999999
686213.4679999999
686320.7859999998
686453.9589999998
686785.7595000002
687190.781
687387.6549999998
687730.0134999999
687820.8454999998
687901.3905000002
687935.1719999998
688215.8229999999
688240.554
688475.7949999999
688680.8054999998
688662.4874999998
688645.807
688540.7864999999
688525.8054999998
688605.7935000001
688640.7925
688725.7969999998
688745.7880000002
688745.8020000001
688745.5455
688745.8034999999
689981.2289999998
689981.4075000002
689984.6305
689987.1664999998
689987.8319999999
689993.9810000001
690019.4810000001
690027.9925000002
690081.2974999999
690102.6554999999
690109.5765
690209.0334999999
690481.9465000001
690517.182
690490.6889999998
690494.2960000001
690515.0625
690526.6800000002
690556.0244999998
690596.1724999999
690611.5814999999
690629.9870000002
690668.6745000002
690679.2234999998
690705.8769999999
690720.9794999999
690733.3289999999
690736.2719999999
690738.71
690746.9185000001
690785.0775000001
690795.9394999999
690805.5405000001
690831.3835
690879.8944999999
690906.2459999998
690950.6864999998
690969.2774999999
690988.8725
691022.7344999998
691042.0924999998
691057.3895
691083.0899999999
691099.2829999998
691103.9775
691135.4805000001
691177.9789999998
691192.122
691200.9304999998
691209.9794999999
691241.2790000001
691267.023
691276.2234999998
691285.881
691304.8339999998
691314.8925000001
691329.0954999998
691347.1935
691368.1235000002
691380.3799999999
691394.9759999998
691399.7335000001
691404.7749999999
691430.5874999999
691446.0435000001
691464.4465000001
691469.3845000002
691476.2875000001
691481.8760000002
691514.3730000001
691544.1315000001
691561.9815000002
691565.8355
691577.6409999998
691581.0745000001
691585.3475000001
691594.4589999998
691598.4555000002
691605.4580000001
691608.1694999998
691624.4145
691629.3289999999
691678.6664999998
691685.4185000001
691691.4945
691705.5529999998
691719.1584999999
691734.5619999999
691748.3679999998
691760.267
691767.7195000001
691778.0304999999
691786.8870000001
691795.7850000001
691805.713
691819.361
691825.6529999999
691836.4730000002
691847.0625
691856.3199999998
691869.0325000002
691872.8569999998
691877.4405
691889.7324999999
691903.8599999999
691910.6694999998
691915.926
691931.807
691940.7280000001
691952.5690000001
691959.8700000001
691977.1209999998
691985.4810000001
692012.1365
692026.9010000001
692048.0970000001
692059.0414999998
692073.523
692081.3004999999
692090.3815000001
692130.0984999998
692147.051
692158.9190000002
692180.52
692193.6305
692205.1145000001
692213.6044999999
692221.8429999999
692227.926
692264.7489999998
692277.6609999998
692296.4380000001
692311.6549999998
692326.9045000002
692340.1264999998
692355.071
692374.693
692383.4304999998
692387.1694999998
692390.5795
692403.1014999999
692410.8280000002
692423.7034999998
692435.4654999999
692451.844
692491.6680000001
692500.0405000001
692515.7519999999
692523.0389999999
692539.4054999999
692557.5989999999
692580.1880000001
692596.5835000002
692611.3305000002
692622.3084999998
692628.105
692637.1779999998
692643.8139999998
692651.8859999999
692663.4730000002
692671.9780000001
692681.0935
692684.8530000001
692691.8799999999
692700.2220000001
692709.2790000001
692714.6860000002
692729.2719999999
692748.5265000002
692758.5729999999
692766.2395000001
692777.6320000002
692783.5885000001
692792.8280000002
692801.4594999999
692813.2714999998
692821.4745
692828.5249999999
692839.5839999998
692850.8659999999
692859.8594999998
692870.2154999999
692877.3709999998
692893.6060000001
692906.5954999998
692908.8739999998
692912.662
692918.8034999999
692932.8675000002
692943.1320000002
692958.3050000002
692979.0210000002
692991.06
693000.5410000002
693016.8155
693025.6485000001
693047.4794999999
693049.6945000002
693053.7030000002
693068.0669999998
693081.977
693091.8185
693100.6230000001
693111.7625000002
693124.6869999999
693131.1745000002
693133.3679999998
693134.673
693140.0970000001
693145.4665000001
693156.3840000001
693165.1855000001
693179.1675
693191.1359999999
693206.1439999999
693220.0025
693237.6375000002
693250.2475
693262.0575000001
693276.3785000001
693285.0320000001
693285.506
693292.6680000001
693302.9339999999
693311.4249999998
693315.5515000001
693318.5329999998
693324.2845000001
693332.4534999998
693339.2905000001
693347.1625000001
693356.6910000001
693359.5825
693366.2820000001
693370.625
693374.6600000001
693379.9449999998
693386.8900000001
693405.6905
693412.7850000001
693421.4389999998
693430.7324999999
693434.1439999999
693453.6065000002
693473.6294999998
693479.0214999998
693486.8615000001
693510.7480000001
693525.3075000001
693553.1875
693573.5874999999
693594.2004999998
693603.5129999998
693620.8289999999
693628.2719999999
693641.5954999998
693658.7105
693665.9619999998
693690.5355000002
693703.2340000002
693715.3119999999
693718.06
693723.7285000002
693734.9010000001
693741.4674999998
693758.7365000001
693774.7650000001
693789.3130000001
693797.4445000002
693804.5095000002
693824.6200000001
693824.6505
693842.7740000002
693864.1494999998
693867.3105000001
693873.7944999998
693885.736
693896.0469999998
693906.5935
693914.5980000002
693916.6924999999
693927.1094999998
693936.1815
693945.6299999999
693953.0285
693961.2310000001
693974.0145
693982.6765000001
693991.1735
693999.8994999998
694015.0115
694021.9835000001
694024.8289999999
694034.0554999998
694041.8160000001
694049.02
694058.6425000001
694067.8470000001
694078.5225
694091.5104999999
694108.0995
694120.6770000001
694129.1490000002
694139.6159999999
694141.3565000002
694152.608
694173.2755
694178.199
694177.9275000002
694181.1460000002
694188.3110000002
694193.4100000001
694199.5575000001
694206.2489999998
694229.1425000001
694237.156
694244.6880000001
694246.8905000002
694250.4764999999
694260.8659999999
694272.7445
694282.9649999999
694288.7144999998
694299.301
694305.7050000001
694317.5184999998
694330.4585000002
694355.4245000002
694368.9075000002
694380.4615000002
694393.8620000002
694401.0950000002
694412.2714999998
694454.0784999998
694465.5924999998
694475.7795000002
694494.8015000001
694518.1159999999
694527.5720000002
694560.6715000002
694571.1545000002
694582.2510000002
694594.23
694600.2834999999
694611.4495000001
694619.5605000001
694630.6469999999
694669.1669999999
694687.3565000002
694693.7085000002
694701.6359999999
694711.7719999999
694728.4885
694737.1200000001
694746.7110000001
694756.3344999999
694789.1094999998
694795.8360000001
694813.7400000002
694825.4084999999
694834.1535
694844.3220000002
694854.9045000002
694868.4885
694902.2820000001
694913.5104999999
694944.9045000002
694959.2799999998
694975.94
695002.2960000001
695034.381
695045.804
695066.747
695072.7195000001
695103.1690000002
695121.6860000002
695130.4674999998
695136.5924999998
695143.1869999999
695150.9169999999
695160.2174999998
695172.619
695181.6815
695187.8020000001
695196.0260000001
695212.1384999999
695235.9819999998
695245.1175000002
695269.1354999999
695273.9134999998
695297.7725
695313.1524999999
695323.5830000001
695331.4065
695344.3875000002
695354.2960000001
695372.8990000002
695387.1860000002
695413.0745000001
695431.3835
695460.432
695490.27
695488.3934999998
695493.2684999998
695509.7064999999
695512.9160000002
695512.9994999999
695520.9045000002
695534.4145
695561.7069999999
695567.906
695576.8930000002
695581.0010000002
695590.298
695618.4900000002
695634.8840000001
695647.5830000001
695660.8859999999
695671.503
695687.9035
695704.5869999998
695718.8944999999
695744.6000000001
695759.5954999998
695799.0989999999
695800.0765
695777.5825
695820.2760000001
695831.2779999999
695840.0844999999
695845.7740000002
695848.861
695855.8840000001
695865.3714999999
695883.5775000001
695895.8744999999
696033.2450000001
696041.3424999998
696055.5414999998
696076.0449999999
695795.034
695855.5269999998
695857.6135
695862.4249999998
695871.2174999998
695888.0274999999
695884.219
695877.4139999999
695876.9125000001
695878.7289999998
695887.8250000002
695917.4160000002
695928.5044999998
695935.0070000002
695935.602
695955.6014999999
695957.0104999999
695964.1129999999
696009.6179999998
696016.2004999998
696028.9125000001
696036.5014999998
696102.1235000002
696129.02
696135.2230000002
696208.9164999998
696234.5150000001
696262.7209999999
696293.7195000001
696324.4275000002
696333.8289999999
696353.1244999999
696365.7055000002
696371.0225
696387.8284999998
696398.9210000001
696427.628
696440.7289999998
696485.0279999999
696503.926
696525.4210000001
696514.5334999999
696547.8284999998
696578.6345000002
696630.4334999998
696653.7230000002
696662.6235000002
696669.4075000002
696671.3309999998
696751.358
696758.8859999999
696785.9389999998
696815.5699999998
696834.9704999998
696839.2974999999
696867.0865000002
696877.0690000001
696893.0575000001
696906.6685000001
696954.7955
696964.0965
697001.1239999998
697025.9065
697040.0389999999
697103.105
697140.4670000002
697152.1554999999
697190.6490000002
697258.037
697325.5835000002
697320.4029999999
697346.4870000002
697371.1669999999
697423.3084999998
697435.4564999999
697489.0095000002
697489.0090000001
697554.7714999998
697567.7999999998
697615.4380000001
697640.1540000001
697622.4805000001
697634.3045000001
697632.8990000002
697648.7379999999
697691.4339999999
697701.3590000002
697734.835
697770.1235000002
697788.1105
697790.449
697835.0805000002
697868.8265
697872.3075000001
697887.3629999999
697897.5789999999
697894.5329999998
697909.5235000001
697923.7744999998
697947.869
697937.236
697937.031
697960.0805000002
698000.5295000002
698007.6614999999
698000.1510000001
698029.3665
698075.3824999998
698101.6600000001
698127.4619999998
698134.0534999999
698153.4985000002
698200.4895000001
698193.8365000002
698244.7179999999
698260.6915000002
698273.6315000001
698273.6315000001
698268.6354999999
698235.6490000002
698348.6494999998
698423.6510000001
698455.6499999999
698468.6469999999
698470.6475
698503.6335
698530.6359999999
698540.6425000001
698570.6400000001
698618.6535
698635.6535
698630.6384999999
698740.645
698793.6469999999
698850.6499999999
698823.639
698828.6535
698848.631
698873.6384999999
698893.6460000002
698928.631
698980.6485000001
699008.6405000002
699040.6485000001
699060.6384999999
699110.6430000002
699130.6505
699153.6575000002
699180.6575000002
699200.6469999999
699263.6379999998
699290.6425000001
699325.6584999999
699358.642
699395.6499999999
699433.645
699460.6505
699488.656
699488.6469999999
699513.6469999999
699510.659
699480.6549999998
699480.6469999999
699553.6499999999
699558.6545000002
699598.6570000001
699620.6460000002
699728.6414999999
699760.642
699800.6414999999
699825.645
699960.6600000001
700013.6680000001
700043.6505
700060.648
700093.6579999998
700105.6609999998
700135.6519999998
700150.6490000002
700213.6680000001
700245.6614999999
700288.6719999998
700330.6579999998
700370.6710000001
700378.6485000001
700393.6690000002
700398.6475
700410.656
700420.665
700450.6554999999
700460.6510000001
700503.6535
700513.6529999999
700518.6510000001
700535.6715000002
700540.6609999998
700568.6605000002
700595.6634999998
700615.6754999999
700643.6655000001
700658.6639999999
700680.673
700680.6694999998
700725.6510000001
700748.6639999999
700768.6710000001
700778.6715000002
700800.6609999998
700855.6549999998
700905.6545000002
700928.6584999999
701033.6584999999
701065.6694999998
701088.6795000001
701110.6675
701270.673
701285.3994999998
701320.6834999998
701435.6645
701615.6855000001
701710.6634999998
701700.6880000001
701980.6804999998
701995.6754999999
702038.6754999999
702088.6719999998
702135.6779999998
702195.6910000001
702235.6745000002
702283.6775000002
702305.6845
702343.6875
702360.6974999998
702405.6995000001
702505.6984999999
702548.679
702605.6915000002
702655.6889999998
702738.7015
703055.6880000001
703043.7080000001
703118.7069999999
703170.7064999999
703245.7064999999
703283.6979999999
703295.7094999999
703380.696
703383.7080000001
703368.6880000001
703388.6855000001
703450.6875
703500.6984999999
703535.6949999998
703645.7004999998
703713.7025000001
703733.7030000002
703750.6935
703760.6915000002
703758.6945000002
703765.7110000001
703910.7045
703970.6905
704048.7075
704120.7119999998
704235.7204999998
704323.7050000001
704464.3365000002
704463.6869999999
704734.7344999998
705185.4194999998
705267.4619999998
705491.8275000001
705698.2445
705743.8705000002
705733.0189999999
705786.9665000001
705851.1090000002
705940.4339999999
705960.3990000002
705940.0085
705947.1595000001
705930.8960000002
705898.176
705900.412
705878.7239999999
705866.915
705846.381
705950.4805000001
705881.0759999999
705780.1660000002
705807.7250000001
705879.7395000001
705991.7510000002
706081.7445
706254.2459999998
706395.2544999998
706465.7535000001
706730.23
706952.7485000002
706962.1924999999
706949.9364999998
706957.997
707001.6085000001
707035.8275000001
707041.588
707042.8259999999
707045.4635000001
707073.8820000002
707140.3245000001
707171.8015000001
707221.3679999998
707260.0099999998
707267.7324999999
707293.4550000001
707278.1124999998
707287.7919999999
707297.2829999998
707315.7445
707355.7385
707373.7535000001
707400.7395000001
707418.7555
707425.7485000002
707420.7420000001
707433.7390000001
707465.7335000001
707478.7525
707465.7415
707463.7505000001
707470.7349999999
707485.7315000002
707485.7455000002
707473.7344999998
707465.7305000001
707443.7289999998
707435.744
707445.7275
707433.7390000001
707413.7374999998
707395.747
707403.7385
707403.7280000001
707408.7319999998
707405.7310000001
707413.7335000001
707425.7234999998
707413.7395000001
707413.7415
707403.7264999999
707413.7450000001
707428.7344999998
707443.7275
707445.7489999998
707455.7259999998
707450.7264999999
707473.7374999998
707450.7234999998
707433.7285000002
707383.7275
707390.7174999998
707500.7259999998
707520.716
707533.7149999999
707810.716
707840.736
707856.551
707886.0580000002
707929.8624999998
707925.3684999999
707902.2570000002
707897.6030000001
707900.3224999998
707914.48
707906.5184999998
707933.5414999998
707947.6554999999
707964.4785000002
707982.0724999998
707971.5580000002
707973.6639999999
707994.8054999998
708014.7914999998
708034.3095
708068.6145000001
708148.3939999999
708214.131
708235.5205000001
708269.4794999999
708272.8330000001
708284.54
708306.3084999998
708345.2404999998
708352.2390000001
708362.0724999998
708377.7634999999
708389.8155
708427.1699999999
708409.9424999999
708405.3975
708397.2585
708392.7009999999
708424.9610000001
708438.9539999999
708451.0975000001
708474.3415000001
708461.3900000001
708443.1669999999
708408.3805
708426.1124999998
708437.9415000002
708450.642
708468.5984999998
708485.8119999999
708520.5989999999
708538.8944999999
708561.392
708574.8565000002
708580.6765000001
708589.2855000002
708613.2294999999
708636.1460000002
708660.3344999999
708693.2289999998
708705.219
708728.1775000002
708749.0995
708777.9819999998
708800.0040000002
708815.77
708858.2310000001
708961.3265
709074.21
709158.8059999999
709178.7025000001
709409.5980000002
709906.4180000001
710017.3050000002
710088.6030000001
710350.3105000001
710472.1940000001
710509.5825
710537.1800000002
710538.5989999999
710590.6464999998
710613.5014999998
710634.0734999999
710654.8125
710654.0125000002
710669.8204999999
710700.2675000001
710715.3199999998
710756.4904999998
710770.8629999999
710832.3089999999
710974.4665000001
710990.1800000002
710989.1039999998
711005.8645000001
711000.8339999998
711009.7030000002
711034.9649999999
711129.5789999999
711128.3714999999
711139.915
711218.5699999998
711231.1135
711259.5290000001
711256.6039999998
711238.5699999998
711275.7234999998
711242.0395
711415.7820000001
711457.423
711556.281
711635.9589999998
711648.9415000002
711736.0244999998
711784.5175000001
711789.2234999998
711899.9994999999
711911.7845000001
711896.1444999999
711902.0885000001
711884.727
711893.8195000002
711938.5159999998
712003.5214999998
712063.5375000001
712077.7059999998
712111.3004999999
712100.9309999999
712115.3705000002
712115.6384999999
712139.9530000002
712153.5414999998
712181.9759999998
712187.4040000001
712226.2544999998
712262.6705
712343.0329999998
712396.051
712463.7850000001
712490.2234999998
712531.8585000001
712544.4035
712582.0159999998
712609.2599999998
712631.6434999998
712697.4700000002
712744.0504999999
712772.0364999999
712804.506
712856.0384999998
712872.895
712899.7135000001
712924.4295000001
712952.1885000002
712943.7815
712958.2064999999
712991.4920000001
713011.7990000001
713054.3424999998
713119.1515000002
713151.4509999999
713195.2385
713202.3824999998
713232.46
713261.71
713332.5529999998
713358.1639999999
713392.4369999999
713420.8870000001
713473.4750000001
713488.0025
713508.5789999999
713577.0520000001
713588.8165000002
713593.7889999999
713609.2519999999
713675.7859999998
713716.9635000001
713742.9360000002
713780.2969999998
713821.1894999999
713833.9615000002
713857.338
713892.6845
713920.6804999998
713946.8250000002
713962.8725
713977.8360000001
714000.9345
714183.2634999999
714259.077
714310.0580000002
714336.9049999998
714359.1949999998
714371.3824999998
714399.3110000002
714553.2585
714653.6540000001
714821.9635000001
714830.6685000001
714844.0695000002
714860.9700000002
714914.2749999999
714934.6945000002
714964.2415
714975.1570000001
715045.5090000001
715078.1400000001
715132.0240000002
715224.2825000002
715290.9224999999
715325.1974999998
715347.5109999999
715362.4405
715377.0984999998
715415.3645000001
715397.8670000001
715374.9855
715479.4670000002
715467.2765000002
715518.0954999998
715652.1005000002
715649.8785000001
715737.6830000002
715702.6889999998
715779.5055
715795.7144999998
715660.6894999999
715242.906
715140.8544999999
715102.1074999999
715067.736
715023.7075
715009.2535000001
714970.5800000001
714939.7069999999
714902.4640000002
714894.2335000001
714880.2645
714873.0380000002
714861.5580000002
714820.7565000001
714786.827
714743.372
714738.8939999999
714694.9539999999
714667.3454999998
714635.9755000002
714587.7344999998
714539.96
714507.1150000002
714474.04
714467.7969999998
714434.3034999999
714394.432
714366.6779999998
714336.4775
714292.9670000002
714276.0474999999
714225.4105000002
714151.8535000002
714133.3190000001
714110.6784999999
714069.716
714013.2370000002
714014.835
713987.5249999999
713964.0610000002
713898.3769999999
713856.3705000002
713823.1880000001
713772.8080000002
713731.2115000002
713696.5904999999
713647.1579999998
713614.9160000002
713565.7425000002
713519.2105
713455.1209999998
713251.0359999998
713212.8925000001
713186.744
713068.4734999998
713022.548
712999.315
712908.6294999998
712821.1579999998
712787.5890000002
712755.3790000002
712692.9295000001
712641.4649999999
712541.5954999998
712515.7039999999
712474.5414999998
712406.5269999998
712374.6275
712363.0444999998
712289.4249999998
712238.7544999998
712194.3590000002
712147.628
712133.7039999999
712108.2395000001
712060.3445000001
712008.4715
711992.9275000002
711893.5244999998
711860.1039999998
711807.1584999999
711721.0765
711660.5455
711649.8824999998
711597.1375000002
711552.9075000002
711489.7664999999
711489.0395
711454.29
711469.2595000002
711439.0734999999
711396.3615000001
711398.4005
711381.3445000001
711383.8220000002
711249.2510000002
711222.1795000001
711207.8250000002
711174.0685
711166.8709999998
711125.8484999998
711121.446
711025.0115
710969.4874999998
710927.7089999998
710839.3739999998
710797.1494999998
710773.6505
710685.5040000002
710603.875
710538.906
710550.27
710537.264
710501.8275000001
710405.8615000001
710328.3250000002
710306.3319999999
710278.6634999998
710237.5839999998
710182.054
710122.3135000002
710051.196
710000.6025
709906.344
709864.9835000001
709817.9355000001
709765.4550000001
709705.4284999999
709622.2340000002
709579.4755000002
709556.4985000002
709504.4479999999
709479.361
709445.7634999999
709384.8335000002
709325.6970000002
709273.6519999998
709343.5965
709409.0554999998
709424.5315
709433.0219999999
709462.9870000002
709468.9644999998
709494.9190000002
709486.9169999999
709465.9015000002
709488.358
709531.3169999998
709540.7875000001
709523.8025000002
709536.5455
709526.602
709568.926
709639.3865
709738.2434999999
710093.7829999998
709999.7689999999
709707.537
709657.3565000002
709686.3969999999
709762.5430000001
709776.6340000001
709750.0175000001
709717.4685
709705.4654999999
709686.3944999999
709661.7379999999
709647.2209999999
709625.71
709622.1575000002
709585.5184999998
709569.7755
709547.2999999998
709522.0644999999
709495.7834999999
709468.824
709393.4339999999
709351.7220000001
709315.6880000001
709275.244
709225.605
709210.315
709078.9865000001
708996.4385000002
708951.1609999998
708866.6845
708771.6529999999
708712.2510000002
708662.8695
708523.5164999999
708481.1740000001
708400.6710000001
708386.1260000002
708356.5240000002
708329.0660000001
708299.5440000002
708306.2694999999
708266.0715000001
708225.0320000001
708134.5750000002
708102.5920000002
708055.2795000002
708017.2829999998
707952.2815
707933.0669999998
707865.2930000001
707826.9445000002
707782.9205
707687.963
707597.952
707585.4890000001
707536.1570000001
707548.7974999999
707524.8960000002
707542.6315000001
707516.037
707549.8960000002
707586.6170000001
707590.8215000001
707614.9890000001
707576.7774999999
707496.5550000002
707361.1099999999
707323.6804999998
707255.8854999999
707225.0545000001
707070.7555
706882.2935000001
706799.7969999998
706700.2944999998
706627.1889999998
706610.3475000001
706561.8895
706527.7170000002
706495.1804999998
706465.0145
706459.352
706402.9654999999
706359.0950000002
706298.3990000002
706279.244
706223.5639999998
706199.1000000001
706108.9525000001
706085.7570000002
706051.2429999998
706045.6885000002
706030.9855
706018.2774999999
705980.145
705971.7015
705952.8645000001
705965.7609999999
705977.523
706074.9005
706083.4654999999
706095.5630000001
706118.1510000001
706137.4610000001
706164.014
706161.4035
706154.8305000002
706159.7999999998
706178.7804999999
706130.3624999998
706097.7105
706093.1434999998
706099.3615000001
706092.5465000002
706110.7825000002
706113.236
706142.1809999999
706157.2154999999
706200.3594999998
706198.486
706227.6860000002
706249.494
706262.375
706310.4700000002
706298.4424999999
706296.0835000002
706384.6145000001
706495.1885000002
706626.3585000001
706494.5495000002
706473.4715
706470.23
706443.8284999998
706412.8309999998
706391.4445000002
706369.7119999998
706325.3994999998
706210.611
706091.1984999999
706054.2990000001
706025.2395000001
705968.1570000001
705944.3675000002
705928.7119999998
705898.1324999998
705866.9644999998
705814.7355
705785.1694999998
705746.7050000001
705739.131
705729.5499999998
705727.8034999999
705704.7220000001
705704.0780000002
705716.8909999998
705637.9649999999
705560.2009999999
705505.423
705474.5989999999
705411.0444999998
705407.3339999998
705387.6239999998
705397.8450000002
705401.5414999998
705415.1035000002
705446.5345000001
705441.7519999999
705427.5099999998
705446.3295
705420.9205
705420.3879999998
705361.9890000001
705324.2154999999
705264.4909999999
705234.2000000002
705206.1685000001
705197.1359999999
705117.8314999999
705121.4070000001
705077.6535
705098.6690000002
705060.4569999999
705077.1570000001
705099.5545000001
705085.7365000001
705084.6675
705075.8080000002
705013.5950000002
705014.6269999999
705009.997
704980.9594999999
704942.46
704922.6935
704883.0444999998
704871.4504999998
704861.648
704825.2710000002
704885.4925000002
705034.7799999998
705008.6894999999
704976.0929999999
704958.5515000001
704933.7004999998
704846.1175000002
704816.6124999998
704780.8755000001
704757.3459999999
704701.8360000001
704677.0389999999
704628.3174999999
704564.96
704441.0260000001
704401.1425000001
704373.412
704321.7039999999
704301.463
704270.0674999999
704168.7395000001
704098.1184999999
704077.3835
704062.5334999999
704017.5825
703976.2069999999
703919.1699999999
703886.5899999999
703866.503
703756.3185
703702.2659999998
703652.2144999998
703561.0214999998
703451.8845000002
703400.108
703337.9270000001
703233.5699999998
703154.3964999998
703061.3450000002
702994.5525000002
702940.2905000001
702851.5315
702793.1235000002
702683.3569999998
702617.3429999999
702567.0619999999
702507.3045000001
702480.8034999999
702430.6120000002
702391.503
702352.5005000001
702322.8199999998
702332.2000000002
702325.4445000002
702281.0334999999
702285.1464999998
702274.5589999999
702242.2115000002
702251.2315000002
702255.0635000002
702208.037
702174.9789999998
702171.3025000002
702179.4704999998
702185.486
702136.0550000002
702068.8590000002
702046.2815
702018.5690000001
702007.8659999999
701999.9219999998
701981.1014999999
701958.0495000002
701922.4065
701884.9685
701855.1405000002
701804.7494999999
701757.2174999998
701733.108
701718.1645
701697.8459999999
701699.3454999998
701722.966
701723.9959999998
701696.6779999998
701701.406
701697.6910000001
701670.5005000001
701643.7215
701695.6434999998
701702.3404999999
701705.7459999998
701665.1044999999
701648.0885000001
701588.4275000002
701544.6680000001
701439.1579999998
701366.3854999999
701334.4035
701270.1575000002
701258.3254999998
701138.2195000001
701105.0159999998
701052.9900000002
700936.8925000001
700893.3934999998
700860.1094999998
700808.0780000002
700724.7540000002
700686.2305000001
700515.4530000002
700447.5839999998
700299.9945
700273.4649999999
700196.3659999999
700044.2404999998
700065.1970000002
700042.4355000001
700021.0225
700025.8199999998
700016.79
699975.9484999999
699858.2825000002
699886.8309999998
699857.4284999999
699834.8944999999
699823.9929999998
699813.1845
699811.9249999998
699809.4219999998
700127.3544999999
700180.9904999998
700181.3224999998
700068.409
700029.3964999998
699973.185
699955.2034999998
699930.6974999998
699816.7264999999
699727.4100000001
699729.4215000002
699660.4114999999
699560.6885000002
699308.4049999998
699141.6575000002
699080.9245000002
699009.702
698983.9504999998
698969.9585000002
698925.9695000001
698854.9900000002
698825.7400000002
698786.9975
698747.3824999998
698721.8925000001
698674.1260000002
698603.443
698566.4819999998
698450.9484999999
698323.2825000002
698219.9194999998
698185.2995000002
698149.8509999998
697994.9100000001
697944.0290000001
697842.6230000001
697810.6860000002
697787.7034999998
697791.2429999998
697795.9130000002
697811.9424999999
697797.75
697786.7944999998
697778.1515000002
697726.6009999998
697621.9594999999
697555.338
697451.0225
697330.1719999998
697238.4720000001
697206.9215000002
697156.6965000001
696948.3560000001
696843.0070000002
696832.1974999998
696808.1285000001
696772.8415000001
696693.2149999999
696655.0655
696598.443
696549.7025000001
696507.952
696476.9075000002
696351.8990000002
696284.3110000002
696210.5395
696183.0290000001
696139.2400000002
696120.9295000001
695897.611
695823.3879999998
695796.929
695778.2620000001
695755.2455000002
695692.6735
695656.1979999999
695429.0240000002
695401.9704999998
695327.1065000002
695243.5299999998
695137.1745000002
695061.798
694991.8905000002
694817.2089999998
694667.5630000001
694635.5079999999
694520.5545000001
694468.5545000001
694479.051
694495.5789999999
694483.2115000002
694537.1135
694545.5545000001
694586.9005
694580.7059999998
694596.5980000002
694585.7485000002
694507.5499999998
694451.1595000001
694423.645
694434.0959999999
694462.6710000001
694498.0989999999
694534.202
694531.2034999998
694496.429
694493.8684999999
694515.4249999998
694526.2880000002
694533.9479999999
694532.5894999998
694522.4840000002
694522.432
694508.6469999999
694504.6455000001
694489.6919999998
694486.8990000002
694498.9479999999
694508.9279999998
694532.4380000001
694775.4339999999
694894.6239999998
694652.7064999999
694557.2294999999
694419.8339999998
694363.1490000002
694361.6255000001
694356.0210000002
694336.9785000002
694334.5299999998
693960.5035000001
693591.6205000002
693429.7510000002
693103.4019999998
693196.4029999999
693361.7620000001
693379.0734999999
693363.108
693322.5159999998
693316.31
693259.3220000002
693233.3884999999
693230.6885000002
693296.9235
693316.3390000002
693240.9169999999
693212.6809999999
693184.0044999998
693119.4270000001
693038.537
693014.2275
692936.0984999998
692894.1305
692889.142
692870.0805000002
692851.5765
692849.0055
692837.7349999999
692842.4559999998
692856.2119999998
692875.1244999999
692995.8155
692999.3640000001
693019.2275
693040.0295000002
693101.9369999999
693139.73
693188.7285000002
693208.2324999999
693235.4125000001
693239.6345000002
693265.935
693264.2429999998
693271.3620000002
693268.1469999999
693250.0040000002
693258.1494999998
693306.9205
693320.1935
693330.3484999998
693355.6795000001
693379.4484999999
693372.8429999999
693377.7379999999
693394.9644999998
693393.3144999999
693379.9369999999
693408.2969999998
693415.5025
693441.4304999998
693481.4205
693571.1140000001
693613.7105
693641.5180000002
693660.4895000001
693703.4164999998
693737.0765
693767.815
693838.8624999998
693825.7379999999
693826.0865000002
693836.344
693852.2905000001
693871.057
693947.017
694036.9955000002
694089.983
694143.3199999998
694416.3250000002
694534.5194999999
694571.1235000002
694621.7930000001
694646.2620000001
694678.3999999999
694681.6795000001
694698.8905000002
694720.923
694730.119
694770.4095000001
694824.4654999999
694963.4435
694989.8420000002
694958.145
694925.2185
694981.0449999999
694984.9105000002
695001.4180000001
694998.2494999999
695041.5395
695032.219
695054.5669999998
695076.1060000001
695074.4070000001
695066.855
695055.7415
695026.9810000001
694985.4815000002
694933.057
694943.1430000002
694930.0729999999
694905.04
694927.912
694922.0780000002
694893.477
694905.5690000001
694887.5150000001
694896.7960000001
694903.435
694902.8670000001
694904.5975000001
694908.9309999999
694905.9045000002
694863.8960000002
694904.2850000001
694908.2965000002
695169.4934999999
695169.196
695238.1809999999
695281.4920000001
695249.9279999998
695054.4985000002
694947.8325
694856.2485000002
694838.2135000001
694806.1030000001
694773.3480000002
694713.764
694621.2135000001
694588.6294999998
694571.8465
694554.9210000001
694513.2494999999
694473.6405000002
694431.8640000001
694394.477
694361.2585
694339.7374999998
694306.8599999999
694288.0265000002
694145.6209999998
694099.3679999998
694062.1434999998
694040.4755000002
694007.6554999999
693998.8820000002
693956.6579999998
693925.696
693851.8509999998
693814.6685000001
693776.4709999999
693736.8585000001
693681.2990000001
693624.1120000002
693608.2714999998
693599.071
693603.5274999999
693576.9539999999
693543.4985000002
693516.9525000001
693492.9155000001
693477.8335000002
693455.6145000001
693446.4070000001
693423.875
693371.0104999999
693355.7195000001
693331.3319999999
693297.9139999999
693257.7105
693220.9155000001
693148.702
693115.2609999999
693083.662
693039.2785
693023.9555000002
693009.3259999999
692975.0410000002
692949.5065000001
692909.0380000002
692881.4304999998
692844.2834999999
692746.7995000002
692721.548
692689.6044999999
692660.4640000002
692600.2310000001
692573.6875
692546.6159999999
692530.0729999999
692469.5364999999
692454.2510000002
692375.7935000001
692363.4045000002
692349.3029999998
692314.4199999999
692284.034
692263.611
692221.6924999999
692196.3990000002
692167.2825000002
692145.4805000001
692083.5235000001
692055.5750000002
692036.3254999998
692005.6529999999
691955.7485000002
691896.8275000001
691837.7555
691792.7944999998
691745.9330000002
691700.9330000002
691676.2365000001
691658.3265
691643.389
691632.3489999999
691611.4254999999
691580.557
691549.969
691488.0299999998
691446.6405000002
691423.6094999998
691406.1414999999
691393.4500000002
691375.5595
691370.9539999999
691359.1069999998
691365.7514999998
691362.3144999999
691345.9780000001
691312.7825000002
691304.9679999999
691275.713
691248.8420000002
691236.7834999999
691237.3990000002
691250.5685
691250.5950000002
691256.5380000002
691289.077
691293.8654999998
691263.3245000001
691214.9895000001
691191.7324999999
691144.0614999998
691104.469
691085.3679999998
691081.3220000002
691064.8054999998
691059.994
691013.5380000002
690990.4720000001
690971.0830000001
690962.0915000001
690942.9005
690903.6570000001
690868.9720000001
690818.5384999998
690787.2985
690729.1694999998
690683.6505
690663.923
690580.8424999998
690552.2420000001
690526.4130000002
690454.7684999998
690395.2790000001
690377.4375
690338.1724999999
690285.764
690200.679
690165.5414999998
690163.7179999999
690159.6225
690133.5559999999
690051.3125
689899.5924999998
689890.1710000001
689892.7140000002
689856.2344999998
689750.2710000002
689620.8319999999
689532.4904999998
689444.4925000002
689399.3875000002
689377.068
689292.2744999998
689178.2030000002
689136.0485
689094.3325
689022.1145000001
689000.5904999999
688904.5214999998
688871.1715000002
688858.8289999999
688843.4419999998
688788.3314999999
688723.3714999999
688693.7799999998
688664.6815
688517.1984999999
688494.3829999999
688429.73
688409.2445
688345.8679999998
688302.8635
688268.8250000002
688241.9139999999
688200.0079999999
688114.1754999999
688088.4040000001
687970.6354999999
687948.6255000001
687927.4449999998
687863.9594999999
687836.986
687819.3805
687776.4810000001
687681.881
687596.324
687526.7555
687500.5894999998
687456.6510000001
687420.2565000001
687362.3755000001
687309.3999999999
687282.085
687277.9670000002
687279.5435000001
687256.7664999999
687242.9065
687224.6940000001
687163.8705000002
687147.3835
687110.2045
687056.7409999999
686994.0440000002
686968.9704999998
686946.6549999998
686904.7804999999
686792.4219999998
686629.6710000001
686600.5325000002
686517.443
686473.4155000001
686425.1655000001
686348.8820000002
686302.7785
686254.5759999999
686103.6135
686073.1715000002
686036.5474999999
686002.3555000001
685979.4345
685919.4394999999
685894.8705000002
685886.2025000001
685880.4879999999
685855.5019999999
685848.7404999998
685820.4130000002
685777.1519999998
685734.9515
685676.4759999998
685572.8435
685542.8714999999
685483.1529999999
685424.6519999998
685380.5490000001
685207.5065000001
685068.6834999998
685030.4160000002
684918.5014999998
684895.1690000002
684880.3755000001
684858.8574999999
684843.5835000002
684797.0734999999
684697.4539999999
684651.0279999999
684621.8280000002
684595.6090000002
684581.6365
684561.6439999999
684522.9975
684506.1545000002
684489.702
684468.7774999999
684361.6694999998
684350.7404999998
684347.8574999999
