626384.1775000002
626200.2859999998
626195.9909999999
626164.0525000002
626125.2055000002
626113.1940000001
626105.2349999999
626096.5610000002
626079.6365
626048.9794999999
626032.2705000001
626028.5639999998
626024.7250000001
626018.5894999998
626004.9925000002
625979.5734999999
625974.3799999999
625967.0865000002
625942.4555000002
625914.1455000001
625842.719
625824.5920000002
625821.8420000002
625798.7310000001
625787.7960000001
625777.2259999998
625730.9325000001
625697.946
625682.6370000001
625675.2275
625655.2324999999
625648.0860000001
625636.1140000001
625618.773
625567.2795000002
625542.3435
625525.7480000001
625517.7514999998
625512.6779999998
625494.1505
625477.4874999998
625467.176
625454.2999999998
625411.7185
625345.125
625279.9109999998
625262.432
625243.9045000002
625220.5205000001
625181.4029999999
625180.9145
625162.412
625112.2179999999
625107.7719999999
625095.8224999998
625088.3125
625069.0674999999
625059.4879999999
625053.0860000001
625043.6554999999
625016.5355000002
624988.2850000001
624966.0189999999
624984.5589999999
624809.5440000002
624771.9755000002
624592.2215
623847.8105000001
623645.3295
623645.2749999999
623645.2480000001
623576.1460000002
623417.1505
623266.0874999999
623184.8475000001
622985.5945000001
622984.9654999999
622931.185
622785.1060000001
622659.7075
622595.176
622327.3775
622095.4835000001
622067.8960000002
622035.8484999998
621934.6770000001
621924.7629999998
621899.5545000001
621881.0759999999
621851.4515
621785.2434999999
621768.6880000001
621130.7294999999
621099.0180000002
621060.5580000002
621022.3900000001
620988.2949999999
620973.355
620870.986
620797.6494999998
620727.7324999999
620692.3095
620647.4194999998
620588.4904999998
620523.3820000002
620467.3454999998
620423.8975
620387.6735
620349.1290000002
620312.4994999999
620243.1460000002
620202.6414999999
620140.7859999998
620099.4454999999
620045.0589999999
619962.5965
619889.2804999999
619886.8615000001
619829.4879999999
619768.9360000002
619719.0364999999
619579.3110000002
618941.3900000001
618801.4424999999
618753.7140000002
618557.2765000002
618421.9695000001
618306.3815000001
618242.1120000002
618151.5155000002
617806.3975
617423.2760000001
617346.3259999999
617192.4640000002
617059.7390000001
616616.5375000001
616396.6889999998
616217.2415
616142.8075000001
615986.0935
615875.5565
615761.2579999999
615709.2579999999
615528.9874999998
615489.7094999999
615475.7919999999
615463.8135000002
615462.0070000002
615460.1000000001
615442.9785000002
615439.2215
615426.5044999998
615428.5240000002
615433.1140000001
615432.6094999998
615437.8714999999
615439.8635
615445.0784999998
615435.9345
615449.3744999999
615410.54
615392.0189999999
615377.1170000001
615363.8775
615362.2379999999
615368.7599999998
615354.557
615326.7974999999
615312.8975
615286.852
615307.3415000001
615332.2170000002
615340.7089999998
615330.0435000001
615317.4775
615292.5950000002
615231.0070000002
615191.8314999999
615158.6945000002
615126.5724999998
615069.0334999999
615023.6294999998
614997.5395
614958.8709999998
614946.2949999999
614931.0575000001
614913.8114999998
614873.9169999999
614767.3909999998
614702.361
614673.1085000001
614670.5695000002
614700.8250000002
614832.7655000002
614923.6354999999
614998.5525000002
614958.7829999998
614927.7340000002
614863.4640000002
614851.5529999998
614831.2590000001
614783.54
614768.6869999999
614739.3050000002
614714.7795000002
614672.8829999999
614650.0784999998
615175.568
615831.4465000001
616523.622
616822.5329999998
616937.6645
617014.8530000001
617238.8930000002
617393.7760000001
617752.2834999999
617978.0715000001
618200.8385000001
618275.2914999998
618369.966
618440.4210000001
618523.4240000001
618565.8374999999
618557.3050000002
618596.1905
618665.8944999999
618706.6025
618632.1584999999
618432.7790000001
618438.0375000001
618461.2525
618484.7305000001
618475.577
618470.3944999999
618542.1184999999
618549.571
618583.0219999999
618571.5249999999
618599.3560000001
618638.3640000001
618659.8790000002
618706.8344999999
618747.5380000002
618808.7535000001
618847.602
618872.369
618895.6005000002
618915.9815000002
618942.8080000002
618961.5980000002
618973.2859999998
618984.1140000001
618995.0890000002
619012.8295
619016.2535000001
619019.3480000002
619039.1735
619042.4215000002
619042.7149999999
619054.0194999999
619059.7124999999
619067.301
619068.0904999999
619068.6685000001
619071.352
619087.3454999998
619090.6745000002
619094.6464999998
619095.8259999999
619105.7069999999
619115.5959999999
619118.8275000001
619122.3939999999
619128.8645000001
619144.1349999998
619148.4380000001
619151.0219999999
619156.406
619192.2185
619208.0924999998
619218.6354999999
619224.5759999999
619230.9175
619243.5874999999
619266.3125
619275.7684999998
619288.6065000002
619297.4900000002
619317.3004999999
619322.9964999999
619331.9515
619344.2275
619355.6124999998
619367.4725000001
619381.1800000002
619385.8435
619388.1400000001
619390.5444999998
619392.3004999999
619399.2540000002
619402.7409999999
619408.6475
619413.6414999999
619419.5759999999
619426.7395000001
619430.7319999998
619434.8895
619439.7615
619442.1669999999
619444.4704999998
619445.6630000002
619453.3415000001
619455.2825000002
619459.1055000001
619465.7059999998
619470.0279999999
619485.5055
619501.8960000002
619509.2579999999
619513.1379999998
619520.534
619552.4775
619566.3185
619570.361
619575.1044999999
619579.0290000001
619596.7875000001
619607.4640000002
619614.0320000001
619619.0095000002
619627.3605
619633.6609999998
619635.034
619639.3420000002
619641.4249999998
619642.3744999999
619644.8259999999
619644.7919999999
619650.3829999999
619651.4654999999
619649.2744999998
619647.3330000001
619648.4649999999
619648.9024999999
619651.6609999998
619649.7349999999
619645.3509999998
619643.9005
619644.2069999999
619642.4700000002
619639.7659999998
619634.9844999998
619632.6005000002
619628.7170000002
619626.0269999998
619626.1175000002
619623.7185
619618.344
619615.6745000002
619614.4649999999
619614.6349999998
619612.4824999999
619608.4909999999
619608.0954999998
619608.6025
619610.4435
619610.5860000001
619611.5800000001
619614.764
619614.4295000001
619612.2999999998
619609.4375
619608.7464999999
619611.1290000002
619608.477
619606.8514999999
619608.8739999998
619617.034
619616.5405000001
619620.1315000001
619625.6664999998
619624.2684999998
619625.8645000001
619628.2719999999
619632.3029999998
619647.432
619648.4155000001
619648.7880000002
619651.8139999998
619653.1414999999
619660.0515000001
619655.7234999998
619657.6329999999
619657.1184999999
619654.1384999999
619654.7719999999
619652.1510000001
619652.9539999999
619653.8110000002
619665.7165000001
619666.0375000001
619666.7335000001
619672.5495000002
619673.3399999999
619668.8969999999
619669.2115000002
619673.2604999999
619687.4764999999
619688.0320000001
619687.1209999998
619687.3105000001
619688.176
619688.9065
619689.6639999999
619694.3790000002
619700.8475000001
619702.2875000001
619707.8020000001
619705.8254999998
619704.173
619699.1005000002
619696.9235
619695.7519999999
619695.2769999998
619703.0545000001
619716.5975000001
619834.5389999999
619891.3790000002
619890.5839999998
619888.5715000001
619887.5920000002
619883.5809999998
619883.1340000001
619885.8930000002
619888.3335000002
619893.4844999998
619899.2034999998
619902.9190000002
619907.9015000002
619926.111
619934.0065000001
619954.3845000002
619965.7055000002
619965.0920000002
619961.6724999999
619962.8744999999
619963.4084999999
619958.0754999998
619959.8735000002
619960.0614999998
619966.5414999998
619974.4394999999
619980.9929999998
619992.2574999998
619990.497
619999.1129999999
619999.926
619995.7790000001
619994.4704999998
619990.8725
619990.6995000001
619989.8365000002
619991.8015000001
619994.2675000001
620005.2455000002
620014.7064999999
620022.619
620028.1009999998
620033.1099999999
620040.673
620046.7239999999
620055.1595000001
620051.3470000001
620046.6754999999
620040.2820000001
620038.0724999998
620038.358
620041.4725000001
620044.1269999999
620048.665
620049.4685
620045.4530000002
620045.4454999999
620050.9325000001
620054.3475000001
620072.3144999999
620076.3944999999
620076.3530000001
620073.7599999998
620073.2684999998
620073.8895
620077.5584999998
620079.6090000002
620081.8234999999
620085.929
620086.5260000001
620093.662
620094.693
620099.3445000001
620099.1609999998
620094.6864999998
620094.5915000001
620096.6775000002
620099.7659999998
620110.4865000001
620116.2415
620121.0695000002
620128.7930000001
620132.9819999998
620132.8755000001
620126.554
620123.1579999998
620131.4240000001
620140.4454999999
620147.0175000001
620146.5065000001
620149.1414999999
620153.0984999998
620164.9130000002
620168.9709999999
620164.4789999998
620165.8665
620166.8535000002
620173.3865
620178.8934999998
620178.3975
620187.1894999999
620196.8199999998
620196.8190000001
620197.2620000001
620197.3914999999
620202.9589999998
620213.3034999999
620216.8599999999
620224.2599999998
620236.2570000002
620236.5010000002
620239.9224999999
620253.2555
620264.9835000001
620268.3095
620277.281
620283.7749999999
620300.7710000002
620313.6954999999
620313.0674999999
620310.0074999998
620312.8585000001
620319.1919999998
620319.8700000001
620328.662
620332.392
620331.9594999999
620331.9005
620335.1889999998
620342.6379999998
620348.5890000002
620358.9415000002
620367.9205
620388.9879999999
620392.878
620394.8514999999
620395.1524999999
620398.2259999998
620407.8859999999
620410.9585000002
620419.3465
620427.8029999998
620432.8735000002
620444.5055
620450.3300000001
620446.5805000002
620423.4010000001
620417.4624999999
620413.9325000001
620411.2505000001
620392.5874999999
620301.2174999998
620197.1000000001
620173.284
620136.3420000002
620109.2344999998
620088.3670000001
620001.4585000002
619884.5904999999
619758.4205
619738.6945000002
619721.125
619701.0630000001
619683.7749999999
619415.6979999999
619319.0425
619220.1485000001
619024.5405000001
618495.835
618391.8470000001
618286.0984999998
618180.3224999998
618072.1320000002
617965.1409999998
617755.1954999999
617569.2565000001
617430.0789999999
617339.9725000001
617326.156
617323.926
617312.5575000001
617251.7965000002
617190.4454999999
617153.9900000002
617091.8190000001
617128.8480000002
617161.6255000001
617154.176
617146.4330000002
617142.9665000001
616899.4589999998
616806.0219999999
616724.5860000001
616638.6845
616544.8489999999
616421.4265000001
616385.2985
616325.2340000002
616181.9759999998
616092.128
616042.4424999999
615980.4364999998
615978.4665000001
615948.6159999999
615889.7769999998
615827.7069999999
615920.7875000001
615943.7935000001
616056.3480000002
616091.8155
616132.4199999999
616165.2344999998
616182.4325000001
616200.9665000001
616219.9959999998
616276.1875
616336.3615000001
616323.2590000001
616311.5474999999
616287.8859999999
616269.7620000001
616244.1475
616226.1505
616209.4315
616189.5610000002
616158.8775
616114.3925000001
615973.94
615969.494
616173.6324999998
616258.6000000001
616377.6475
616336.1315000001
616284.676
616207.6545000002
616143.5295000002
616055.3475000001
616005.6349999998
615952.6639999999
615908.0565
615726.8744999999
615654.2025000001
615608.9114999999
615511.199
615439.5520000001
615411.3999999999
615340.1554999999
615251.503
615173.7395000001
615046.1630000002
614935.6464999998
614890.3705000002
614674.952
614620.5274999999
614436.156
614397.6894999999
614278.5255
614213.4649999999
614178.676
614129.2115000002
614084.861
614068.3994999998
614059.756
614002.6175000002
613994.8484999998
613982.6984999999
613884.3755000001
613828.7110000001
613806.065
613711.2850000001
613668.6345000002
613645.7064999999
613635.2085000002
613624.8309999998
613602.051
613523.9235
613510.5865000002
613454.4405
613436.7034999998
613422.4700000002
613415.3305000002
613398.4185000001
613397.1970000002
613397.4920000001
613367.8525
613288.0525000002
613271.9100000001
613254.7264999999
613237.2889999999
613233.0899999999
613217.9624999999
613186.8314999999
613172.7340000002
613165.8565000002
613145.727
613139.0499999998
613138.29
613134.3190000001
613133.4815000002
613127.3165000002
613112.8034999999
613086.7895
613049.1869999999
613049.5630000001
613021.324
613020.8775
613017.8125
613008.128
612978.2344999998
612974.6540000001
612972.835
612972.4989999998
612965.5274999999
612963.233
612944.841
612946.0729999999
612938.2059999998
612941.3969999999
612938.2505000001
612938.5304999999
612932.6710000001
612920.1439999999
612907.9105000002
612904.1179999998
612895.344
612854.9844999998
612844.9029999999
612844.0359999998
612841.693
612835.3990000002
612796.8385000001
612796.7294999999
612721.5855
612712.4130000002
612716.5975000001
612719.5474999999
612719.912
612723.5970000001
612724.7245
612730.8569999998
612752.8020000001
612763.6655000001
612769.6055000001
612785.6370000001
612810.9435
612825.6579999998
612828.9530000002
612830.7255000002
612826.8735000002
612823.6370000001
612817.2544999998
612811.6535
612811.2225000001
612802.4704999998
612794.3105000001
612785.3769999999
612772.3960000002
612755.7725
612736.1565
612728.4049999998
612696.1529999999
612687.7815
612660.0665000002
612656.0839999998
612651.5655
612643.5285
612625.7505000001
612609.3525
612598.3859999999
612591.0704999999
612589.0414999998
612593.69
612596.9824999999
612604.5395
612609.1120000002
612611.6035000002
612626.4440000001
612630.8250000002
612635.9180000001
612641.9145
612647.6800000002
612648.9484999999
612649.5835000002
612649.185
612648.4934999999
612646.2604999999
612644.5584999998
612643.5485
612637.4465000001
612635.0
612632.4734999998
612634.1839999999
612755.8015000001
612779.8050000002
612774.1444999999
612771.1529999999
612767.8645000001
612765.2230000002
612759.0465000002
612754.4339999999
612751.602
612745.8509999998
612740.9909999999
612735.429
612729.5389999999
612722.9734999998
612718.5155000002
612700.6765000001
612667.7404999998
612662.2785
612659.466
612656.6535
612647.9734999998
612628.7464999999
612622.2565000001
612618.9575
612615.6315000001
612612.2510000002
612605.4095000001
612588.3454999998
612581.5040000002
612578.0425
612574.5269999998
612567.3879999998
612557.8955000001
612554.2719999999
612550.0260000001
612543.1845
612539.5334999999
612534.7740000002
612527.6345000002
612524.0915000001
612520.7385
612507.6490000002
612505.4720000001
612601.8925000001
612607.3790000002
612725.6244999999
612805.7855000002
612840.7889999999
612961.4199999999
612998.4964999999
613024.517
613072.8895
613101.7385
613156.8624999998
613235.8895
613437.182
613556.2105
613590.1565
613676.094
613700.6664999998
613737.6735
613864.162
613982.4160000002
614040.1719999998
614134.1630000002
614088.3820000002
613995.517
613946.0800000001
613906.8565000002
613840.4424999999
613838.9624999999
613834.7725
613831.8105000001
613873.9654999999
613831.0210000002
613767.679
613722.6499999999
613706.744
613698.7910000002
613674.5890000002
613671.4964999999
613685.7275
613680.1905
613677.702
613674.8975
613668.6129999999
613667.5070000002
613665.3495
613664.3245000001
613646.227
613644.9589999998
613642.2889999999
613637.4879999999
613635.2960000001
613634.3489999999
613627.449
613622.6864999998
613617.7620000001
613603.8265
613593.787
613592.1724999999
613591.2310000001
613590.0734999999
613588.3514999999
613586.6825000001
613585.4180000001
613583.534
613579.4435
613573.8999999999
613569.0559999999
613570.5375000001
613573.6655000001
613562.6055000001
613567.4959999998
613533.9605
613474.6894999999
613456.804
613453.108
613449.2774999999
613443.9624999999
613436.193
613414.179
613418.9339999999
613412.1869999999
613413.4389999998
613415.4955000002
613352.5610000002
613324.8709999998
613347.1129999999
613366.4005
613376.9334999998
613379.0950000002
613384.2379999999
613391.2149999999
613388.702
613386.6554999999
613385.2045
613378.236
613375.9555000002
613374.4534999998
613373.9610000001
613369.0894999998
613367.0665000002
613232.6945000002
613034.5715000001
612842.6565
612735.1685000001
612338.1800000002
612067.3300000001
611722.4304999998
611576.835
611391.7645
611037.3404999999
610758.1699999999
610613.8820000002
610621.0924999998
610622.2365000001
610621.6354999999
610622.909
610625.0499999998
610631.0695000002
610637.5460000001
610640.0630000001
610640.7880000002
610640.6285000001
610641.9005
610651.4215000002
610653.3985000001
610655.9415000002
610664.9920000001
610668.5715000001
610670.9275000002
610673.6124999998
610673.9975
610589.0005000001
610489.0715000001
610509.9670000002
610512.3964999998
610520.29
610538.5904999999
610543.1494999998
610546.9245000002
610498.8265
610463.8849999998
610419.1910000001
610403.5724999998
610341.199
610334.6260000002
610329.1145000001
610298.088
610270.2710000002
610228.3764999998
610205.4130000002
610198.1085000001
610153.4139999999
610117.341
610108.3065
610098.6290000002
610076.6014999999
610052.4355000001
610031.358
609963.3925000001
609937.6830000002
609892.395
609828.4665000001
609826.5695000002
609824.0775000001
609806.1460000002
609802.3805
609800.5184999998
609800.6105
609802.767
609805.7650000001
609808.9569999999
609824.8539999998
609830.3659999999
609832.1719999998
609834.6600000001
609837.699
609844.8195000002
609848.2009999999
609849.2974999999
609848.645
609848.8339999998
609850.6244999999
609851.2055000002
609848.119
609845.7429999998
609844.1225
609833.5079999999
609830.2089999998
609827.3344999999
609826.6554999999
609824.1175000002
609822.6705
609822.5005000001
609823.4615000002
609821.085
609821.2615
609824.2075
609827.6140000001
609827.6639999999
609830.406
609825.784
609818.4109999998
609817.2825000002
609817.256
609817.2845000001
609817.5695000002
609819.1549999998
609824.744
609833.1855000001
609839.2094999999
609845.3824999998
609846.5410000002
609844.574
609843.2675000001
609840.2264999999
609840.5869999998
609842.3879999998
609844.8764999998
609843.4755000002
609844.0805000002
609843.0129999998
609844.7094999999
609849.8865
609848.4810000001
609837.5499999998
609834.8390000002
609832.2225000001
609829.9045000002
609815.1705
609808.5695000002
609804.2579999999
609803.5109999999
609793.5329999998
609790.0364999999
609787.1995000001
609786.9330000002
609788.3909999998
609787.429
609785.7875000001
609776.4465000001
609771.4925000002
609766.1354999999
609756.0890000002
609746.4610000001
609741.4764999999
609733.9010000001
609724.7884999998
609721.6875
609721.8130000001
609726.8670000001
609740.5495000002
609746.6579999998
609747.6554999999
609747.2555
609746.6159999999
609741.7505000001
609741.7510000002
609742.065
609744.0844999999
609745.5279999999
609752.3054999998
609762.0265000002
609768.0194999999
609774.0150000001
609776.1974999998
609780.9755000002
609782.6460000002
609781.4035
609781.4465000001
609781.9479999999
609784.031
609789.1159999999
609790.9410000001
609798.6159999999
609800.6085000001
609800.784
609799.3544999999
609795.6809999999
609788.7825000002
609784.827
609780.8964999998
609777.3775
609776.3594999998
609776.8339999998
609779.9504999998
609784.0134999999
609789.406
609795.2015
609803.3059999999
609810.8050000002
609817.8339999998
609826.3845000002
609832.2595000002
609840.5345000001
609845.2464999999
609850.2834999999
609851.9240000001
609851.7204999998
609848.514
609848.8735000002
609849.7480000001
609849.861
609851.0644999999
609865.645
609869.6290000002
609869.3785000001
609867.7615
609867.5249999999
609867.4985000002
609869.5025
609873.6710000001
609912.9580000001
609939.5074999998
609951.3624999998
609970.7505000001
609977.4235
609999.5754999998
610020.2485000002
610026.8394999998
610040.2170000002
610053.4265000001
610068.0460000001
610082.5079999999
610095.2850000001
610096.9980000001
610106.1014999999
610117.4555000002
610128.3420000002
610139.2174999998
610150.6315000001
610159.2609999999
610170.5589999999
610212.0115
610228.6379999998
610243.773
610252.6370000001
610264.2519999999
610317.9594999999
610341.3139999998
610351.3234999999
610359.6244999999
610361.3399999999
610371.4704999998
610377.0765
610380.8620000002
610400.8884999999
610430.9730000002
610450.2390000001
610453.3195000002
610470.3629999999
610490.5534999999
610512.7370000002
610519.1800000002
610527.1705
610545.6315000001
610549.7110000001
610567.8930000002
610575.355
610580.6549999998
610589.341
610592.7740000002
610595.7455000002
610596.4585000002
610601.1834999998
610604.6460000002
610609.2719999999
610612.2940000002
610614.3650000002
610618.4465000001
610622.1524999999
610623.7315000002
610631.5894999998
610643.7825000002
610649.0359999998
610659.5205000001
610667.1145000001
610670.4929999998
610674.6660000002
610680.1409999998
610685.0695000002
610696.4005
610697.4955000002
610695.9879999999
610697.0890000002
610699.1345000002
610706.0159999998
610713.1099999999
610717.1354999999
610722.1494999998
610723.432
610725.841
610719.6779999998
610644.5025
610533.5334999999
610428.5890000002
610213.392
609907.494
609672.6025
609619.0329999998
609373.5729999999
609104.2855000002
608882.1974999998
608492.4180000001
608313.5795
608269.162
608149.466
608125.7765000002
608015.8319999999
608013.4685
607998.0920000002
607985.7855000002
607908.2239999999
607901.7855000002
607883.5835000002
607784.7864999999
607782.7220000001
607607.7275
607590.4504999998
607254.4474999998
606985.0295000002
606628.6919999998
606605.1694999998
606598.915
606588.5410000002
606537.2434999999
606675.5775000001
606702.3020000001
606694.5129999998
606720.0529999998
606748.7969999998
606802.9079999998
606886.534
606934.2144999998
606944.3259999999
606964.0589999999
606987.9745
606979.2574999998
606991.6625000001
606990.2264999999
606985.5244999998
606986.3879999998
606968.2689999999
606964.301
606955.7765000002
606947.7015
606930.7565000001
606917.0449999999
606895.3594999998
606861.5380000002
606823.9169999999
606813.0109999999
606631.3415000001
606618.9145
606247.5874999999
606174.335
606100.8560000001
606066.3144999999
606040.3424999998
605935.1434999998
605863.8295
605836.2765000002
605703.8369999998
605654.1000000001
605515.8709999998
605487.4109999998
605443.233
605389.9585000002
605184.0125000002
605101.764
605065.9235
605033.7910000002
605008.1570000001
604983.8424999998
604960.3730000001
604913.9685
604865.2195000001
604805.2705000001
604738.9275000002
604696.1184999999
604644.9610000001
604575.645
604503.8539999998
604464.4070000001
604418.4300000002
604362.0699999998
604246.358
604197.3909999998
604137.9315
604074.3190000001
604055.56
603977.7140000002
603943.5899999999
603871.0720000002
603815.9325000001
603753.6974999998
603695.5890000002
603639.0325000002
603603.412
603582.7185
603570.5414999998
603554.8484999998
603508.4364999998
603494.7004999998
603490.2489999998
603482.2930000001
603475.8775
603471.065
603463.2324999999
603454.5575000001
603437.8650000002
603422.8309999998
603399.5885000001
603384.8004999999
603381.2940000002
603370.7215
603341.2859999998
603328.3250000002
603320.0095000002
603311.2859999998
603295.6305
603281.2790000001
603269.5674999999
603257.9610000001
603249.0729999999
603240.565
603235.3470000001
603212.574
603202.7064999999
603198.4915
603197.3454999998
603194.435
603182.3934999998
603173.3160000001
603160.5099999998
603152.3530000001
603144.6000000001
603139.8654999998
603137.6299999999
603144.8845000002
603145.3429999999
603142.1860000002
603134.4334999998
603130.1919999998
603114.1565
603104.9125000001
603094.065
603084.2514999998
603079.1414999999
603069.8705000002
603056.469
603041.6705
603030.7910000002
603030.0504999999
603031.2949999999
603027.6195
603024.8185
603009.2149999999
603004.946
603001.6554999999
602998.6315000001
602994.3569999998
602991.7170000002
602990.2744999998
602990.1880000001
602993.256
602990.7519999999
602989.3854999999
602988.8360000001
602985.9755000002
602983.119
602980.5085
602975.9134999998
602965.7455000002
602959.4900000002
602953.8065
602945.8615000001
602942.5954999998
602940.1455000001
602935.4679999999
602935.1395
602936.3599999999
602933.6400000001
602933.9640000002
602933.3879999998
602935.341
602937.5120000001
602946.4739999999
602949.7305000001
602951.8435
602949.9295000001
602944.2889999999
602938.9509999999
602937.6150000002
602929.8635
602924.5325000002
602921.4580000001
602918.6264999998
602919.0704999999
602918.3289999999
602918.9219999998
602920.5180000002
602926.7620000001
602928.608
602931.185
602932.048
602930.7374999998
602928.5315
602924.8854999999
602920.395
602916.8045000001
602910.7154999999
602908.892
602904.7034999998
602885.6060000001
602881.0350000001
602880.1060000001
602883.0359999998
602887.8415000001
602905.5720000002
602909.7255000002
602912.0580000002
602914.1135
602914.3215000001
602913.2294999999
602911.1595000001
602903.4295000001
602900.5419999999
602899.4775
602899.6105
602900.6945000002
602903.1915000002
602908.5134999999
602915.6839999999
602927.1179999998
602932.4679999999
602935.2080000001
602935.7195000001
602934.3280000002
602928.7455000002
602926.9739999999
602925.963
602925.6545000002
602927.2110000001
602927.1244999999
602926.1135
602923.6664999998
602920.9484999999
602922.4125000001
602923.4955000002
602924.2250000001
602925.5745000001
602922.5855
602897.1834999998
602879.96
602876.2110000001
602853.551
602790.5389999999
602782.3859999999
602767.1690000002
602720.5690000001
602677.3369999998
602630.7069999999
602583.4495000001
602547.685
602513.6605000002
602469.9865000001
602429.9249999998
602392.77
602335.1195
602306.3900000001
602277.0885000001
602238.764
602206.5809999998
602136.5630000001
602109.0839999998
602082.9380000001
602026.5674999999
601977.6715000002
601964.1910000001
601951.881
601936.1475
601920.0350000001
601904.7925
601893.9805000001
601884.0375000001
601877.1105
601869.8050000002
601866.2489999998
601864.4070000001
601862.3459999999
601855.9125000001
601849.8574999999
601845.5120000001
601835.8675000002
601816.551
601786.9585000002
601740.4334999998
601689.6129999999
601655.7220000001
601630.5279999999
601605.253
601561.0085
601534.6740000001
601467.5240000002
601435.4019999998
601420.6715000002
601407.2179999999
601396.5090000001
601387.6745000002
601374.435
601364.4835000001
601356.406
601338.7455000002
601333.6335
601325.6409999998
601309.577
601228.7225000001
601208.0959999999
601178.1235000002
601131.1690000002
601086.6340000001
601048.4284999999
600984.4610000001
600936.7144999998
600878.2089999998
600860.7370000002
600837.3960000002
600830.4955000002
600828.7310000001
600832.048
600832.1315000001
600829.1439999999
600831.2124999999
600839.287
600881.8500000001
600910.5784999998
600918.1354999999
600922.5945000001
600923.8465
600922.952
600923.551
600922.7910000002
600922.7370000002
600919.3424999998
600914.5070000002
600907.5795
600902.3640000001
600896.3065
600871.0099999998
600863.2930000001
600854.3530000001
600846.5269999998
600832.233
600817.2599999998
600797.7480000001
600786.6880000001
600743.8594999998
600726.5210000002
600695.159
600673.227
600655.5074999998
600644.8815000001
600623.085
600611.5345000001
600578.378
600564.6809999999
600521.8760000002
600504.727
600494.0189999999
600485.077
600477.3305000002
600474.8569999998
600473.0355000002
600472.355
600470.5334999999
600463.7385
600433.1625000001
600428.2434999999
600423.4330000002
600419.193
600409.926
600404.7080000001
600379.7880000002
600364.869
600359.9500000002
600355.3849999998
600350.7379999999
600346.662
600326.7165000001
600308.6195
600304.9509999999
600273.3484999998
600263.3755000001
600253.6469999999
600242.9130000002
600203.2645
600222.8314999999
600225.5219999999
600230.577
600235.9580000001
600246.1770000001
600251.0145
600254.6565
600254.8739999998
600253.3794999998
600249.9015000002
600245.3900000001
600241.1779999998
600243.6510000001
600247.7549999999
600251.0704999999
600251.7505000001
600247.7009999999
600240.6894999999
600237.6460000002
600235.0644999999
600235.4994999999
600234.3585000001
600231.7225000001
600222.4279999998
600218.2974999999
600216.1235000002
600212.0745000001
600204.9815000002
600210.9065
600207.2105
600206.2864999999
600209.1675
600218.4624999999
600223.898
600227.7845000001
600231.236
600237.6235000002
600256.4315
600267.0855
600280.2664999999
600282.8489999999
600286.6269999999
600289.5079999999
600302.2004999998
600316.8224999998
600323.9975
600331.3084999998
600340.5499999998
600341.2025000001
600336.4465000001
600337.0444999998
600337.0995
600340.3339999998
600345.4980000001
600346.2050000001
600341.4224999999
600336.9380000001
600337.5635000002
600336.4219999998
600327.1275
600319.463
600313.5929999999
600310.1145000001
600309.4619999998
600317.5890000002
600314.79
600313.1595000001
600311.9364999998
600311.8280000002
600306.1749999998
600302.0715000001
600289.7599999998
600290.1949999998
600285.9555000002
600287.6680000001
600290.5219999999
600291.3645000001
600289.7615
600289.381
600290.9575
600295.1705
600294.7634999999
600293.7850000001
600298.8675000002
600299.8190000001
600295.906
600296.7485000002
600300.1464999998
600303.1905
600303.7889999999
600307.3224999998
600309.2250000001
600308.057
600313.1400000001
600313.9824999999
600319.7995000002
600321.4575
600324.5019999999
600325.2365000001
600323.0894999998
600322.6549999998
600323.389
600328.2815
600327.5750000002
600327.983
600330.0490000001
600328.6630000002
600329.0984999998
600332.3605
600330.8654999998
600329.0724999998
600329.8879999998
600332.6880000001
600334.0474999999
600331.7919999999
600330.7864999999
600330.0529999998
600334.7555
600338.4249999998
600337.773
600335.3815000001
600335.1370000001
600338.4810000001
600337.9644999998
600336.5515000001
600338.8895
600342.7769999998
600342.179
600344.1905
600346.6099999999
600346.801
600350.3615000001
600352.9440000001
600352.1834999998
600348.7045
600349.52
600352.8905000002
600352.429
600350.7165000001
600347.1014999999
600344.9270000001
600343.1335
600340.1434999998
600338.5405000001
600337.8339999998
600336.2574999998
600331.5830000001
600329.952
600327.9679999999
600328.8654999998
600327.8325
600328.1860000002
600331.9644999998
600336.9389999998
600340.7985
600344.2779999999
600346.6705
600345.665
600342.2675000001
600341.8599999999
600342.7025000001
600346.889
600347.2694999999
600347.4870000002
600343.5460000001
600343.4105000002
600344.6340000001
600345.6129999999
600348.6584999999
600356.8679999998
600365.594
600372.3080000002
600376.8204999999
600259.9405
600031.6634999998
600025.2749999999
600025.0844999999
600033.7015
600016.3305000002
599990.9130000002
599967.3705000002
599955.5720000002
599941.4895000001
599948.8284999998
599949.2609999999
599902.2000000002
599770.6434999998
599626.6039999998
599441.463
599155.949
599068.4360000002
598967.5469999998
598814.2725
598737.8525
598594.0929999999
598455.0115
598185.0359999998
597964.2655000002
598108.1984999999
598169.446
598197.159
598312.7135000001
598270.3905000002
598202.8870000001
598127.6770000001
598109.8199999998
598130.3730000001
598134.0115
598132.6055000001
598169.69
598202.0704999999
598193.5954999998
598192.6719999998
598192.1014999999
598179.2245
598168.1924999999
598155.8560000001
598127.1864999998
598069.7645
598052.426
598027.1230000001
597991.4075000002
597957.4325000001
597912.3695
597883.1529999999
597854.781
597765.2919999999
597726.9440000001
597689.2744999998
597688.6225
597650.3535000002
597562.5414999998
597514.1129999999
597474.2215
597443.574
597402.3045000001
597356.4410000001
597271.0380000002
597190.1475
597151.315
597117.3709999998
597004.1200000001
597000.8190000001
596915.2225000001
596889.4635000001
596841.2825000002
596782.2165000001
596776.9109999998
596727.077
596615.2204999998
596575.1875
596465.1145000001
596231.3849999998
596196.7275
596157.3925000001
596123.7859999998
596059.1395
596042.659
595967.0835000002
595921.051
595902.4945
595881.9755000002
595738.5869999998
595619.6770000001
595536.3015000001
595426.7310000001
595382.7949999999
595270.131
595318.4035
595373.9415000002
595394.372
595413.548
595457.2875000001
595509.8480000002
595543.0155000002
595593.2459999998
595627.9500000002
595691.3484999998
595711.5610000002
595746.719
595848.804
595904.8054999998
595952.5989999999
595999.1735
596004.0285
596061.2694999999
596096.915
596123.4100000001
596149.56
596182.676
596200.2505000001
596211.304
596256.693
596292.2230000002
596321.5630000001
596343.2944999998
596375.0260000001
596398.932
596422.4615000002
596449.4679999999
596475.8654999998
596511.7004999998
596528.216
596545.9819999998
596596.807
596619.1919999998
596639.8229999999
596646.318
596712.3344999999
596727.4029999999
596773.8909999998
596781.736
596811.6235000002
596834.469
596855.0134999999
596912.1414999999
596951.9364999998
596978.8845000002
597006.0784999998
597049.0235000001
597105.1754999999
597119.142
597160.8960000002
597195.912
597242.1809999999
597282.6340000001
597323.1195
597383.7880000002
597431.7124999999
597477.2395000001
597535.4339999999
597570.1260000002
597613.378
597646.335
597662.6894999999
597708.1499999999
597824.003
597841.9929999998
597867.4530000002
597901.8755000001
597924.4249999998
597946.4334999998
597962.0010000002
597991.9380000001
598033.0975000001
598074.2599999998
598119.9049999998
598190.7144999998
598246.1434999998
598288.04
598335.318
598369.4454999999
598372.5734999999
598400.9114999999
598434.872
598477.0145
598509.9715
598531.1094999998
598560.0184999998
598596.8895
598650.9315
598691.4495000001
598709.0364999999
598844.6485000001
598922.0584999998
598939.557
598992.781
599026.3105000001
599068.4270000001
599099.0775000001
599115.0545000001
599137.5279999999
599159.622
599233.8994999998
599277.9125000001
599322.2790000001
599398.9750000001
599410.6575000002
599421.7420000001
599447.4709999999
599492.2714999998
599543.7285000002
599605.074
599626.4824999999
599669.7889999999
599699.7829999998
599722.3605
599735.2930000001
599754.1205000002
599797.7544999998
599812.8879999998
599822.8859999999
599854.0219999999
599874.8339999998
599898.7705000001
599909.9915
599920.452
599961.2875000001
599965.4445000002
599996.7170000002
600018.9145
600038.2864999999
600055.1044999999
600083.0074999998
600085.2085000002
600097.2445
600125.7455000002
600140.5525000002
600171.1179999998
600190.0819999999
600211.111
600237.3565000002
600265.0425
600319.435
600378.5554999998
600387.8199999998
600423.3300000001
600444.5485
600463.702
600475.7645
600493.0704999999
600525.7000000002
600561.997
600603.7544999998
600634.9704999998
600669.6085000001
600738.719
600755.8530000001
600778.6140000001
600806.6455000001
600844.6724999999
600876.1545000002
600886.4465000001
600880.2209999999
600880.7595000002
600891.1315000001
600894.551
600890.1719999998
600884.111
600947.6494999998
600958.1299999999
600993.8879999998
601024.1974999998
601046.9284999999
601082.1255000001
601104.7200000002
601126.9070000001
601163.1345000002
601210.006
601222.764
601271.4005
601274.2505000001
601280.2209999999
601262.3684999999
601255.6299999999
601242.75
601239.051
601234.7535000001
601141.8470000001
601127.6945000002
601074.5244999998
601051.7884999998
601038.3420000002
601020.3284999998
601010.2974999999
601012.5410000002
600998.7115000002
600972.0355000002
600945.5180000002
600941.406
600946.6984999999
600905.5959999999
600738.6524999999
600535.9410000001
600343.8820000002
600305.591
600267.1915000002
600131.852
600096.6875
600066.7094999999
600050.2000000002
600023.997
600005.1795000001
600056.5545000001
600016.6664999998
600033.7459999998
599941.5639999998
599941.4555000002
599941.3739999998
599825.9185000001
599296.4134999998
599004.5504999999
598855.4005
598799.6690000002
598726.0504999999
598694.5095000002
598663.946
598663.9185000001
598663.8914999999
598696.926
598713.6875
598827.6800000002
598931.4855
598861.6889999998
598837.9079999998
598806.2004999998
598783.804
598778.2119999998
598778.2119999998
598856.3859999999
598877.0499999998
598980.3955000001
599095.6324999998
599122.2689999999
599144.6154999998
599191.3985000001
599224.2275
599259.2820000001
599249.6540000001
599241.8969999999
599236.2004999998
599228.9844999998
599217.1845
599180.6625000001
599189.9755000002
599201.1889999998
599291.4109999998
599292.2799999998
599352.2880000002
599359.4545
599455.4134999998
599548.1425000001
599711.5099999998
599788.6055000001
599802.8845000002
599856.2804999999
599896.9175
599946.1864999998
600102.7059999998
600238.105
600273.5559999999
600314.7069999999
600315.983
600318.2905000001
600331.8895
600445.4885
600454.6905
600454.7174999998
600458.9794999999
600480.9389999998
600538.8909999998
600538.9180000001
600542.5589999999
600552.8574999999
600557.0970000001
600564.869
600583.8215000001
600616.9755000002
600644.9175
600744.1005000002
600919.2089999998
600960.6460000002
601005.017
601060.7664999999
601120.2379999999
601174.5070000002
601221.3084999998
601349.5425
601522.2544999998
601556.7310000001
601737.4715
601796.432
601819.56
601892.6090000002
601964.0014999998
602106.2144999998
602226.3050000002
602435.0805000002
602611.69
602690.8999999999
602883.9284999999
602929.9435
602970.4745
603060.469
603096.6294999998
603158.9054999999
603196.9545
603282.1154999998
603381.2489999998
603461.8470000001
603476.685
603514.7634999999
603547.2535000001
603574.5014999998
603628.0765
603699.0805000002
603746.9575
603813.0210000002
603870.318
603921.8565000002
603998.0965
604052.2165000001
604118.0395
604171.5954999998
604256.3289999999
604352.9330000002
604398.9789999998
604493.5789999999
604545.0809999998
604784.2659999998
604857.3815000001
604941.173
605023.2549999999
605111.7039999999
605167.1099999999
605212.767
605275.6660000002
605327.9515
605369.6724999999
605418.9049999998
605465.3629999999
605552.4815000002
605650.5789999999
605714.9580000001
605766.3480000002
605859.9194999998
605944.4240000001
606383.9589999998
606727.5565
606941.6554999999
606924.0800000001
606909.4525000001
606891.1735
606870.6869999999
606850.4309999999
606827.3454999998
606822.9745
606810.5155000002
606807.0729999999
606793.4945
606769.1209999998
606731.7429999998
606696.2549999999
606698.2549999999
606722.0915000001
606757.2774999999
606798.7864999999
606821.5010000002
606870.395
606912.1159999999
606970.8139999998
607123.4840000002
607191.5414999998
607209.02
607269.1600000001
607358.8365000002
607359.4589999998
607364.3985000001
607392.0965
607337.344
607343.3139999998
607347.3114999998
607355.0444999998
607363.2225000001
607357.2714999998
607356.2185
607082.8709999998
607088.5780000002
607076.4219999998
607020.6354999999
606925.5695000002
606865.4619999998
606815.9024999999
606787.5269999998
606768.159
606737.3450000002
606675.8015000001
606613.7464999999
606613.1179999998
606570.2940000002
606475.773
606442.9555000002
606406.5565
606343.8174999999
606257.017
606207.2404999998
606153.5830000001
606101.656
606064.3199999998
606062.9885
605945.3865
605773.7595000002
605754.2245
605746.2489999998
605737.1085000001
605687.446
605553.5945000001
605546.3739999998
605503.699
605457.6165
605411.892
605410.8004999999
605389.0534999999
605389.0529999998
605375.4925000002
605373.5825
605389.9805000001
605400.5425
605383.0734999999
605361.7955
605353.9975
605353.0975000001
605348.0290000001
605342.9874999998
605340.1809999999
605328.5724999998
605317.3015000001
605306.0040000002
605296.2259999998
605296.1984999999
605289.1639999999
605266.6754999999
605264.8284999998
605249.1030000001
605226.1290000002
605220.0929999999
605148.0129999998
605144.2965000002
605093.2404999998
605067.6855000001
605007.7549999999
604925.5159999998
604925.4075000002
604919.3275000001
604917.8335000002
604917.7790000001
604877.895
604856.1060000001
604795.8234999999
604771.7055000002
604691.1035000002
604554.4964999999
604512.7925
604488.7135000001
604486.7234999998
604475.301
604465.6740000001
604462.838
604514.1214999999
604528.0380000002
604528.065
604559.3985000001
604604.676
604604.676
604604.7030000002
604628.9109999998
604682.9249999998
604703.3084999998
604717.6044999999
604751.4989999998
604763.0425
604763.0425
604763.6405000002
604814.4075000002
604811.1830000002
604811.1830000002
604777.2275
604791.6910000001
604795.3884999999
604892.4419999998
604957.4424999999
605035.0225
605100.8905000002
605289.2905000001
605453.7595000002
605474.5214999998
605556.8835
605635.7259999998
605651.2880000002
605744.1030000001
605873.8335000002
605928.8280000002
605938.6715000002
605944.3624999998
605944.3895
605955.9075000002
605977.69
606005.1055000001
606060.9730000002
606185.881
606223.8215000001
606262.0375000001
606295.0970000001
606344.6940000001
606411.0800000001
606410.1184999999
606409.1014999999
606408.5469999998
606407.9644999998
606390.1825000001
606468.2880000002
606478.7919999999
606478.8190000001
606478.8190000001
606700.6779999998
606744.4555000002
606763.6475
606788.8934999998
606858.6974999998
606871.8709999998
606952.7765000002
606960.7645
606974.1035000002
606958.8895
606953.764
606935.716
606918.1035000002
606908.2409999999
606863.2510000002
606729.1664999998
606697.8884999999
606650.5395
606638.7025000001
606635.8025000002
606633.4985000002
606631.1680000001
606626.8305000002
606623.091
606623.0364999999
606622.4674999998
606617.889
606616.2914999998
606614.1260000002
606610.6315000001
606609.494
606607.679
606604.6444999999
606601.125
606593.8390000002
606592.4304999998
606591.5904999999
606587.4470000002
606584.0345000001
606578.9139999999
606577.3755000001
606576.2960000001
606576.2689999999
606576.2689999999
606571.7464999999
606570.0975000001
606563.733
606554.523
606551.7940000002
606549.6264999998
606547.0775000001
606539.0295000002
606535.8594999998
606527.2409999999
606526.5625
606525.5860000001
606525.0980000002
606519.1630000002
606517.9435
606516.8854999999
606516.2889999999
606514.443
606513.3029999998
606511.3254999998
606510.7030000002
606507.8875000002
606505.2045
606504.3105000001
606504.1209999998
606502.6055000001
606500.5180000002
606499.3794999998
606498.4045000002
606496.7250000001
606493.5265000002
606491.9275000002
606487.6749999998
606480.0644999999
606480.0104999999
606478.8730000001
606474.5134999999
606468.5780000002
606465.926
606460.8835
606459.6115000001
606214.2615
606208.0495000002
606113.185
606079.412
606044.5189999999
606039.2365000001
606039.1825000001
605956.9065
605811.5115
605810.5099999998
605772.5070000002
605741.2705000001
605698.5014999998
605581.0430000001
605576.4405
605457.5269999998
605457.5269999998
605435.2385
605435.1839999999
605432.2864999999
605410.1740000001
605409.9569999999
605341.9125000001
605287.7684999998
605287.7415
605240.7239999999
605200.3875000002
605146.2760000001
605103.0954999998
605006.1905
604995.2415
604966.2969999998
604795.7340000002
604783.9879999999
604783.9610000001
604734.2110000001
604698.594
604661.577
604686.9134999998
604730.6090000002
604702.1165
604671.8045000001
604653.4440000001
604624.7969999998
604596.0959999999
604571.4364999998
604564.2744999998
604474.2645
604511.2595000002
604563.2319999998
604579.3204999999
604581.8895
604583.8905000002
604582.3135000002
604559.5055
604559.5055
604560.9145
604567.906
604577.7955
604577.8224999998
604581.0485
604582.162
604582.7050000001
604584.6579999998
604585.065
604586.7464999999
604589.1055000001
604598.8110000002
604605.2075
604610.9254999999
604627.2664999999
604636.341
604639.5915000001
604643.0049999999
604645.4955000002
604646.8975
604646.8909999998
604649.7599999998
604650.4095000001
604656.3684999999
604670.8089999999
604674.5754999998
604675.3065
604679.8015000001
604686.4010000001
604689.8119999999
604701.4904999998
604705.6894999999
604705.7429999998
604706.3050000002
604704.9175
604704.5915000001
604704.5915000001
604720.1940000001
604722.1179999998
604729.3525
604739.4840000002
604744.7935000001
604747.6099999999
604750.2910000002
604750.5614999998
604751.1830000002
604758.3590000002
604765.2930000001
604765.997
604767.352
604774.2609999999
604784.8045000001
604788.4895000001
604788.702
604787.6175000002
604786.2889999999
604785.1770000001
604784.9325000001
604784.9325000001
604784.9054999999
604786.7969999998
604792.4569999999
604801.1005000002
604809.69
604815.6515000002
604819.6074999999
604822.2620000001
604822.6924999999
604823.369
604827.6455000001
604829.4049999998
604829.8089999999
604830.1860000002
604829.8875000002
604827.4725000001
604827.7404999998
604828.0085
604831.0950000002
604833.3934999998
604835.5325000002
604838.6469999999
604842.0580000002
604842.085
604842.1120000002
604844.4415000002
604846.2565000001
604846.3105000001
604851.4040000001
604861.1894999999
604867.8004999999
604885.8105000001
604892.9624999999
604900.0874999999
604914.7944999998
604916.8224999998
604918.4989999998
604918.932
604919.0129999998
604920.7445
604930.0355000002
604933.9095000001
604933.8824999998
604942.2000000002
604939.5099999998
604935.7949999999
604935.7404999998
604934.682
604934.4920000001
604930.091
604929.8445000001
604929.6804999998
604931.6549999998
604935.9345
604936.4764999999
604939.6984999999
604942.4049999998
604941.8080000002
604940.8034999999
604940.9909999999
604941.0455
604943.9985000002
604947.2200000002
604950.9585000002
604956.1869999999
604963.2864999999
604964.4495000001
604963.1699999999
604963.5219999999
604967.0970000001
604970.7275
604972.0279999999
604973.3824999998
604988.3914999999
604992.8879999998
604993.4024999999
604995.6494999998
605003.3114999998
604999.1889999998
604999.3215000001
604999.3744999999
605000.2409999999
605005.1970000002
605012.7255000002
605017.3835
605017.5189999999
605023.1000000001
605026.8114999998
605026.3160000001
605026.2884999998
605026.2884999998
605031.8930000002
605039.6974999998
605040.1579999998
605046.2255000002
605049.2585
605049.3125
605049.3125
605067.7914999998
605069.0630000001
605070.7940000002
605072.0929999999
605075.2604999999
605084.3080000002
605092.1634999998
605092.2174999998
605092.2450000001
605092.3799999999
605103.6515000002
605106.3339999998
605106.3884999999
605106.6320000002
605118.6090000002
605126.7135000001
605143.6779999998
605146.9569999999
605148.7434999999
605150.6919999998
605160.091
605162.3930000002
605162.4205
605162.5554999998
605172.281
605179.2675000001
605179.2944999998
605185.5269999998
605188.6235000002
605188.8424999998
605189.0890000002
605193.1014999999
605194.7289999998
605195.733
605200.5044999998
605210.125
605216.0055
605219.8495
605222.881
605229.2719999999
605229.2990000001
605238.7015
605242.6855000001
605242.9024999999
605244.3385000001
605249.4870000002
605255.2059999998
605261.196
605263.8245000001
605264.9624999999
605269.1600000001
605271.4885
605275.7914999998
605276.3585000001
605276.4125000001
605278.199
605279.4985000002
605279.5255
605279.5255
605279.6069999998
605282.8585000001
605296.5965
605300.7960000001
605301.1209999998
605301.7165000001
605301.7434999999
605305.156
605315.0074999998
605315.8155
605315.3475000001
605315.7514999998
605319.4550000001
605319.2089999998
605324.3204999999
605356.611
605359.1614999999
605361.0885000001
605447.5780000002
605460.1775000002
605471.9915
605649.9010000001
605675.4789999998
605718.5904999999
605882.798
606040.6979999999
606129.3344999999
606296.773
606285.3805
606271.1935
606271.1935
606269.4029999999
606277.0929999999
606438.2749999999
606534.3905000002
606512.9785000002
606486.8714999999
606654.1995000001
606676.8344999999
606849.577
606878.5565
606937.6519999998
606932.8684999999
606931.5095000002
607113.1039999998
607198.8075000001
607207.7999999998
607227.1664999998
607255.0920000002
607369.3939999999
607373.642
607476.9915
607499.1200000001
607579.3805
607591.986
607658.0129999998
607667.3760000002
607767.5550000002
607916.7889999999
608007.9844999998
608065.0819999999
608102.0189999999
608146.2069999999
608166.1889999998
608166.2429999998
608166.2705000001
608235.3670000001
608235.4484999999
608315.9975
608348.2705000001
608359.3985000001
608507.9360000002
608732.5885000001
608811.9265000001
608855.9764999999
608900.0805000002
608904.7999999998
608979.3390000002
609039.0830000001
609125.8624999998
609137.1809999999
609137.6154999998
609142.3925000001
609250.6675
609251.5090000001
609255.1464999998
609270.5595
609292.5125000002
609319.432
609328.8484999998
609379.2955
609458.4555000002
609479.5414999998
609480.3480000002
609480.8199999998
609366.3565000002
609353.5655
609327.9824999999
609313.4640000002
609309.0380000002
609300.4024999999
609293.0890000002
609287.2055000002
609263.3484999998
609240.8135000002
609237.548
609230.747
609044.1205000002
609043.1444999999
609037.6510000001
609034.662
609025.21
609009.483
608989.2855000002
608976.3319999999
608956.0255
608954.1405000002
608941.3744999999
608939.6510000001
608937.4964999999
608914.4685
608906.0115
608900.8675000002
608880.4240000001
608874.4180000001
608855.4284999999
608852.4385000002
608847.1055000001
608843.8730000001
608828.3845000002
608877.8744999999
608915.7315000002
608953.0995
609044.4575
609094.3895
609145.3500000001
609150.6600000001
609202.4035
609218.6294999998
609234.5010000002
609250.5099999998
609266.7645
609283.2910000002
609308.8420000002
609365.196
609402.6044999999
609456.6430000002
609478.2030000002
609483.0249999999
609490.3930000002
609498.4155000001
609668.5695000002
609675.3475000001
609709.3459999999
609788.5929999999
609849.432
609904.9029999999
609975.1775000002
609994.9435
610015.4955000002
610036.3190000001
610078.6439999999
610120.7519999999
610159.6340000001
610164.2974999999
610227.0125000002
610235.0655
610261.2850000001
610282.1359999999
610290.7859999998
610294.5005000001
610297.0490000001
610320.1510000001
610472.8465
610484.0150000001
610500.713
610504.8344999999
610514.8939999999
610528.9394999999
610540.9885
610580.1430000002
610649.2815
610684.2804999999
610716.878
610741.415
610752.6269999999
610755.0929999999
610962.0734999999
611132.3295
611191.4155000001
611159.517
611151.7335000001
611146.4815000002
611142.0375000001
611135.4925000002
611127.8319999999
611117.5005000001
611093.088
611083.8355
611075.9045000002
611059.6880000001
611058.0469999998
611056.6839999999
611056.8665
611058.5665000002
611061.73
611065.5945000001
611070.4334999998
611075.1880000001
611085.5090000001
611089.0419999999
611092.6324999998
611094.895
611096.102
611096.0079999999
611095.1775000002
611093.1030000001
611091.1979999999
611069.3990000002
611052.0745000001
611046.4615000002
611027.1935
611007.4054999999
610986.159
610966.4279999998
610960.4624999999
610953.1505
610941.818
610933.7234999998
610922.9304999998
610907.1940000001
610872.2755
610864.6625000001
610848.923
610855.9624999999
610885.585
610911.3969999999
610936.7744999998
610941.2149999999
610947.5780000002
610959.8700000001
610969.1329999999
610980.4810000001
610995.946
611012.449
611031.8785000001
611035.4824999999
611037.7050000001
611074.6490000002
611085.4194999998
611091.6315000001
611088.9265000001
611138.2785
611172.0384999998
611212.361
611284.6809999999
611284.2555
611279.119
611279.2769999998
611282.173
611287.642
611291.3645000001
611295.3590000002
611309.8029999998
611325.9775
611343.3665
611361.4810000001
611367.429
611375.2370000002
611385.1740000001
611388.068
611391.2795000002
611394.9580000001
611395.2804999999
611396.423
611397.8799999999
611398.1945000002
611392.1255000001
611388.8344999999
611381.0660000001
611373.9985000002
611373.6184999999
611373.4164999998
611372.6055000001
611371.7680000002
611368.0619999999
611362.2875000001
611355.8144999999
611354.7604999999
611353.679
611352.0449999999
611351.2544999998
611350.1735
611352.1565
611354.8004999999
611356.7009999999
611359.2075
611365.861
611376.7409999999
611382.0405000001
611390.4704999998
611394.3424999998
611404.7264999999
611418.1434999998
611420.8840000001
611426.8539999998
611457.8714999999
611611.7355
611762.452
611989.1954999999
612287.3119999999
612470.2259999998
612507.4065
612500.673
612570.3760000002
612568.7185
612565.8620000002
612574.2324999999
612580.7400000002
612577.8220000002
612607.2275
612605.3650000002
612660.23
612674.432
612684.395
612694.358
612704.4284999999
612714.2025000001
612719.71
612720.9249999998
612722.7880000002
612723.9219999998
612725.8119999999
612735.4775
612740.7689999999
612770.4405
612784.4794999999
612795.5754999998
612815.0945000001
612831.4819999998
612843.3875000002
612914.5440000002
612921.4700000002
612931.2174999998
612941.4134999998
613008.6634999998
612996.7280000001
612986.517
612982.1094999998
613041.2779999999
613043.193
613062.9654999999
613081.0225
613095.9279999998
613107.602
613115.503
613119.281
613127.1154999998
613134.9249999998
613136.6425000001
613157.5090000001
613188.1485000001
613226.2629999998
613254.9139999999
613256.631
613393.6409999998
613428.1099999999
613459.9114999999
613488.3420000002
613513.8599999999
613515.105
613518.0295000002
613521.1469999999
613522.6115000001
613579.0660000001
613638.912
613830.1299999999
613831.5734999999
613842.8365000002
613843.0695000002
613843.2749999999
613843.4819999998
613843.5070000002
613843.7655000002
613843.9199999999
613844.281
613844.3065
613844.4360000002
613847.2459999998
613847.3495
613850.9330000002
613852.5055
613854.4134999998
613856.6315000001
613856.7085000002
613860.3684999999
613863.6165
613864.2850000001
613865.6724999999
613866.0070000002
613868.2420000001
613877.2834999999
613862.665
613823.6529999999
613762.1515000002
613752.4300000002
613683.784
613568.068
613541.7875000001
613518.9405
613499.935
613485.2050000001
613472.3709999998
613472.1060000001
613472.5055
613479.3404999999
613484.128
613489.1030000001
613472.5414999998
613575.9734999998
613596.5460000001
613744.3725
613763.2634999999
613847.8654999998
613915.4205
613981.1885000002
614064.3454999998
614094.7170000002
614205.1880000001
614311.5950000002
614419.2034999998
614457.7910000002
614517.9210000001
614599.051
614609.1074999999
614644.2760000001
614701.5970000001
614701.6244999999
614705.3670000001
614705.3399999999
614814.1570000001
614900.5565
614929.321
615001.6359999999
615089.7149999999
615093.952
615139.551
615180.8480000002
615271.4534999998
615303.7464999999
615304.2634999999
615304.5625
615319.2025000001
615319.9915
615386.4975
615443.8620000002
615506.2795000002
615609.8135000002
615606.1549999998
615606.1825000001
615562.5290000001
615545.5929999999
615551.7585
615557.8969999999
615560.1055000001
615571.2025000001
615578.1244999999
615584.8284999998
615592.81
615600.7914999998
615618.1105
615635.8050000002
615641.111
615650.8530000001
615659.8025000002
615668.8059999999
615679.3305000002
615689.5010000002
615708.6405000002
615710.0
615710.0
615730.2760000001
615737.2864999999
615751.3080000002
615771.412
615780.185
615792.3259999999
615801.6675
615814.213
615831.5610000002
615836.4750000001
615854.5534999999
615871.4075000002
615883.9175
615887.4720000001
615894.6354999999
615905.7055000002
615921.1970000002
615940.1055000001
615945.0430000001
615958.307
615997.7475
616074.9635000001
616124.19
616180.3065
616252.9835000001
616285.6875
616325.6625000001
616431.7170000002
616477.5334999999
616500.4844999998
616508.7059999998
616526.5345000001
616542.4109999998
616551.8599999999
616553.869
616561.9619999998
616564.9759999998
616583.8015000001
616605.9730000002
616648.04
616658.6395
616658.6669999999
616685.4100000001
616689.1069999998
616695.4130000002
616710.4745
616731.6030000001
616770.3879999998
616773.327
616779.8029999998
616804.4130000002
616815.307
616823.423
616847.2340000002
616854.6140000001
616862.835
616874.2105
616885.7450000001
616889.2820000001
616934.4015000002
616948.2255000002
616956.9920000001
616961.0504999999
616966.7785
616971.4215000002
616975.3875000002
616978.0455
616987.213
616994.9615000002
617000.3394999998
617011.1299999999
617014.9275000002
617022.7234999998
617030.7694999999
617037.4284999999
617044.8835
617048.6205000002
617069.0269999998
617077.9304999998
617085.5580000002
617100.5249999999
617107.7055000002
617120.6464999998
617157.9419999998
617164.3309999998
617203.9134999998
617221.0899999999
617256.1060000001
617357.8365000002
617421.3475000001
617446.2220000001
617466.946
617488.3824999998
617505.0389999999
617558.7664999999
617560.6414999999
617593.4024999999
617593.4300000002
617593.4569999999
617597.5044999998
617630.0079999999
617634.7050000001
617643.3114999998
617660.4084999999
617682.2489999998
617684.0660000001
617689.4095000001
617689.4095000001
617706.3080000002
617744.736
617754.6605000002
617794.358
617803.906
617812.426
617826.7000000002
617936.9785000002
617937.0329999998
617999.4874999998
618003.1519999998
618003.5589999999
618031.2944999998
618054.3034999999
618080.4015000002
618085.2570000002
618104.244
618128.7880000002
618208.6030000001
618265.6099999999
618278.8165000002
618307.3450000002
618323.9934999999
618342.2960000001
618364.665
618383.1290000002
618393.594
618400.6970000002
618407.5559999999
618424.7434999999
618624.1065000002
618671.2275
618671.3089999999
618690.9109999998
618704.0065000001
618730.2510000002
618914.3305000002
619029.0674999999
619079.5405000001
619152.2955
619263.0065000001
619307.6869999999
619335.3450000002
619357.7744999998
619364.6804999998
619404.9530000002
619442.6705
619497.815
619542.1209999998
619581.3840000001
619604.463
619769.2744999998
619780.9559999998
619798.3385000001
619841.2025000001
619856.3454999998
619872.6554999999
619901.6069999998
620254.9844999998
620259.3944999999
620701.5559999999
620775.75
620800.8489999999
620882.9674999998
620937.3985000001
621058.804
621090.2974999999
621103.0765
621112.0929999999
621126.8640000001
621143.1839999999
621150.0329999998
621160.6535
621162.9134999998
621171.9670000002
621181.3594999998
621192.6395
621202.0504999999
621210.7025000001
621213.1494999998
621212.6565
621208.5865000002
621208.4509999999
621208.4515
621212.1060000001
621218.355
621235.1179999998
621240.3095
621249.5189999999
621265.9955000002
621269.2895
621273.9775
621274.5345000001
621273.5285
621266.5010000002
621265.2390000001
621271.4530000002
621287.6800000002
621294.128
621302.7255000002
621335.3845000002
621358.5194999999
621364.756
621369.1349999998
621370.5005000001
621372.7494999999
621374.4865000001
621377.4945
621379.1324999998
621379.8845000002
621381.8859999999
621389.8999999999
621395.1795000001
621400.5049999999
621416.9445000002
621422.3799999999
621439.6554999999
621459.8555000001
621477.4874999998
621488.1264999998
621501.6765000001
621516.2115000002
621517.7094999999
621522.1140000001
621520.5490000001
621526.5260000001
621530.8369999998
621533.0474999999
621537.9440000001
621542.0595
621544.3265
621544.2744999998
621543.3569999998
621547.8029999998
621571.3305000002
621593.6954999999
621613.9265000001
621618.6710000001
621621.0984999998
621621.7940000002
621620.0495000002
621613.315
621611.3125
621617.5355000002
621620.0090000001
621624.0775000001
621626.9369999999
621625.5074999998
621619.4750000001
621616.1770000001
621610.6614999999
621609.2689999999
621608.7335000001
621608.1979999999
621608.0465000002
621620.0194999999
621624.6754999999
621627.5795
621633.534
621641.7000000002
621650.1579999998
621660.4245000002
621663.8130000001
621672.0380000002
621677.6060000001
621682.1625000001
621687.3760000002
621690.5465000002
621694.7579999999
621697.6949999998
621707.486
621715.6905
621727.5164999999
621735.4994999999
621752.9525000001
621760.5915000001
621766.9745
621768.7455000002
621778.8555000001
621779.4215000002
621791.7779999999
621796.3895
621800.8654999998
621816.7864999999
621821.1710000001
621830.3394999998
621834.7480000001
621841.034
621845.9380000001
621849.9040000001
621851.3080000002
621855.5584999998
621864.486
621874.9114999999
621884.9010000001
621892.4700000002
621903.6669999999
621909.0
621915.7170000002
621923.7540000002
621928.8220000002
621930.6889999998
621936.9840000002
621946.4870000002
621955.9849999999
621967.3530000001
621976.0495000002
621983.0550000002
621987.7855000002
621991.0164999999
622006.4885
622016.29
622020.7234999998
622021.5885000001
622026.9640000002
622027.9904999998
622029.8879999998
622034.8495
622042.122
622048.6005000002
622053.1584999999
622057.568
622064.2294999999
622069.4640000002
622098.9334999998
622103.4649999999
622142.8119999999
622149.4810000001
622153.1315000001
622158.2985
622167.8665
622173.9405
622184.2804999999
622189.6655000001
622196.3144999999
622200.2149999999
622200.679
622205.9235
622209.1605000002
622214.0780000002
622215.9879999999
622216.9855
622215.463
622213.2200000002
622211.6529999999
622199.3155
622197.6444999999
622197.7365000001
622199.7799999998
622201.3930000002
622202.1885000002
622203.6655000001
622222.5789999999
622225.4594999999
622239.8815000001
622248.9994999999
622251.8125
622252.3859999999
622259.0225
622261.7264999999
622264.6209999998
622243.1145000001
622243.3884999999
622240.6425000001
622238.4885
622238.0655
622242.1235000002
622244.477
622245.4325000001
622257.889
622264.7659999998
622292.2629999998
622296.3135000002
622312.8820000002
622318.838
622323.2234999998
622325.7895
622328.1740000001
622328.3110000002
622328.875
622327.7769999998
622326.5019999999
622324.3829999999
622324.8645000001
622326.9980000001
622330.5655
622332.7675000001
622350.3650000002
622354.0375000001
622355.537
622357.2075
622361.7864999999
622364.3259999999
622366.1775000002
622370.7165000001
622385.2735000001
622409.6710000001
622412.8859999999
622420.125
622421.8435
622423.0715000001
622424.79
622431.5120000001
622439.1405000002
622445.2250000001
622447.131
622447.8895
622449.6770000001
622456.3775
622467.1705
622470.6565
622472.1395
622472.8495
622479.4550000001
622484.6995000001
622485.5989999999
622492.8760000002
622498.844
622506.7259999998
622509.1370000001
622513.3509999998
622516.4415000002
622517.9900000002
622522.5495000002
622523.8605
622523.5754999998
622521.9900000002
622523.0025
622525.3144999999
622530.1225
622538.9720000001
622544.4065
622550.2055000002
622558.4045000002
622565.1135
622575.0655
622583.0765
622597.5635000002
622603.8565000002
622609.1735
622636.8155
622673.0899999999
622700.7694999999
622734.2085000002
622734.6605000002
622780.8679999998
622827.247
622873.3574999999
622919.952
622947.7245
622976.7675000001
623008.6839999999
623118.4265000001
623135.5525000002
623136.9114999999
623195.074
623233.4674999998
623238.0265000002
623247.2859999998
623257.9185000001
623283.0674999999
623343.1244999999
623357.8065
623377.469
623397.6260000002
623419.8420000002
623429.1875
623434.0035000001
623444.0210000002
623449.6145000001
623468.5329999998
623489.4440000001
623494.7615
623498.2765000002
623500.8994999998
623512.5155000002
623525.3059999999
623545.1485000001
623550.3840000001
623562.2245
623571.0274999999
623590.8190000001
623618.2634999999
623639.6669999999
623647.7135000001
623667.9284999999
623677.8234999999
623688.2170000002
623695.7555
623703.4870000002
623712.9369999999
623723.9994999999
623747.7344999998
623757.4515
623767.7999999998
623779.003
623787.2965000002
623832.6434999998
623843.673
623854.2294999999
623861.7494999999
623870.2275
623875.3404999999
623889.5904999999
623906.2620000001
623922.8459999999
623945.702
623952.7795000002
623963.1135
623970.0304999999
623981.091
623990.4095000001
623994.7455000002
624014.9589999998
624027.307
624034.8450000002
624042.7000000002
624053.3975
624058.7795000002
624064.0789999999
624074.5375000001
624080.7620000001
624090.4385000002
624091.7769999998
624091.2930000001
624104.8650000002
624118.0329999998
624131.3424999998
624141.665
624154.5150000001
624165.2565000001
624172.3530000001
624185.1579999998
624191.8544999999
624204.1044999999
624208.7185
624211.5890000002
624214.9569999999
624230.034
624236.2629999998
624249.3725
624253.9484999999
624262.0099999998
624266.6400000001
624266.8565000002
624269.7735000001
624283.7135000001
624288.7760000001
624308.4130000002
624316.5435000001
624322.4624999999
624330.8110000002
624336.7374999998
624341.4484999999
624345.4994999999
624366.2834999999
624368.6179999998
624373.9355000001
624387.4644999998
624392.9725000001
624396.1905
624399.0129999998
624407.8450000002
624413.8879999998
624415.6035000002
624420.369
624440.3659999999
624448.9725000001
624457.2579999999
624466.744
624476.429
624507.094
624512.642
624526.4865000001
624536.7634999999
624547.5419999999
624577.3284999998
624582.0044999998
624588.4380000001
624599.8220000002
624614.9224999999
624622.3934999998
624637.8985000001
624652.7294999999
624654.3385000001
624657.7144999998
624666.5525000002
624678.7045
624685.1609999998
624690.801
624699.1025
624705.1094999998
624710.7755
624719.3684999999
624735.8829999999
624740.9254999999
624753.4794999999
624762.7914999998
624766.5175000001
624772.6444999999
624785.2599999998
624798.4539999999
624823.2609999999
624829.9879999999
624839.673
624880.8955000001
624890.6030000001
624897.9415000002
624902.8254999998
624918.963
624924.6285000001
624944.4700000002
624956.2059999998
624962.1315000001
624969.6315000001
624985.2514999998
624992.3369999998
625009.4049999998
625017.4105000002
625023.5040000002
625061.048
625078.1535
625085.077
625091.0010000002
625112.3769999999
625115.9385000002
625124.7015
625132.1745000002
625148.3620000002
625160.5389999999
625170.8835
625187.9955000002
625216.3854999999
625219.5690000001
625225.8065
625229.5869999998
625240.9019999998
625262.2735000001
625269.5575000001
625329.8555000001
625334.8420000002
625341.4130000002
625342.8865
625349.3925000001
625356.9700000002
625360.7760000001
625371.7105
625378.1225
625387.7749999999
625399.4824999999
625408.4024999999
625416.3700000001
625421.872
625431.6800000002
625448.0205000001
625477.7034999998
625491.7105
625496.3300000001
625499.8769999999
625506.0495000002
625511.1795000001
625518.9024999999
625524.6754999999
625530.3735000002
625564.6434999998
625576.6140000001
625597.31
625619.9950000001
625652.3629999999
625703.6044999999
625721.0104999999
625736.3925000001
625752.4024999999
625760.4130000002
625777.7744999998
625784.0189999999
625799.9755000002
625811.5474999999
625829.8934999998
625861.1549999998
625863.7740000002
625865.5610000002
625861.6209999998
625858.301
625873.1685000001
625876.3530000001
625881.6209999998
625899.216
625904.2514999998
625908.2064999999
625916.0630000001
625922.5525000002
625932.3654999998
625943.5690000001
625955.2579999999
625977.2680000002
626009.9580000001
626022.3050000002
626032.6690000002
626037.2025000001
626043.2544999998
626052.6409999998
626058.3705000002
626073.4504999998
626088.0014999998
626106.0255
626112.7985
626119.4704999998
626127.9245000002
626135.2200000002
626144.2525
626151.2555
626156.699
626160.1579999998
626164.4145
626173.0455
626182.1845
626185.3360000001
626189.804
626194.5499999998
626200.8025000002
626203.1880000001
626206.4049999998
626209.1170000001
626215.952
626221.7085000002
626232.3620000002
626235.341
626241.31
626251.7769999998
626261.0380000002
626265.2319999998
626272.5724999998
626287.73
626298.4109999998
626305.4355000001
626334.6060000001
626341.5584999998
626345.1030000001
626348.3944999999
626352.2055000002
626363.2549999999
626368.9890000001
626373.2335000001
626379.5104999999
626387.6025
626400.727
626415.9674999998
626420.7230000002
626428.4410000001
626439.8895
626455.8399999999
626466.1770000001
626472.9495000001
626476.7255000002
626477.5065000001
626477.4964999999
626475.1605000002
626475.8544999999
626464.7859999998
626456.8355
626457.0515000001
626454.94
626459.091
626451.8605
626452.1690000002
626451.6584999999
626452.3760000002
626460.131
626465.9674999998
626466.2324999999
626472.3695
626472.9389999998
626477.1625000001
626477.5414999998
626480.1055000001
626480.5929999999
626482.8990000002
626484.5244999998
626485.9304999998
626485.3459999999
626483.4695000001
626482.0780000002
626482.159
626481.068
626474.9010000001
626468.7799999998
626458.3829999999
626454.6600000001
626446.2185
626436.6209999998
626407.3360000001
626402.6395
626401.5155000002
626398.9504999998
626391.645
626389.6655000001
626384.4989999998
626384.2115000002
626378.6129999999
626376.6490000002
626376.6170000001
626371.017
626368.827
626362.1779999998
626361.5145
626358.4989999998
626348.594
626344.9915
626340.9199999999
626340.1719999998
626336.7149999999
626335.3204999999
626326.5554999998
626322.9339999999
626315.9205
626310.6815
626308.3390000002
626304.3939999999
626299.4885
626299.8925000001
626297.5440000002
626296.4190000002
626296.1165
626294.5550000002
626295.9545
626295.5584999998
626297.5580000002
626296.8155
626299.6735
626299.8465
626297.6035000002
626300.4890000001
626300.6179999998
626302.0674999999
626300.94
626298.1005000002
626299.3775
626298.4380000001
626301.1365
626301.5350000001
626305.4380000001
626304.7755
626309.0595
626311.085
626311.1035000002
626314.8050000002
626317.6680000001
626319.3165000002
626317.6235000002
626322.4964999999
626321.2944999998
626323.8525
626325.9580000001
626327.4530000002
626329.6864999998
626329.9925000002
626331.9339999999
626339.3130000001
626341.952
626343.4515
626347.1830000002
626349.8365000002
626352.5860000001
626355.8245000001
626362.0235000001
626366.6009999998
626365.9644999998
626367.6565
626380.398
626383.9715
626385.2785
626388.0554999998
626388.861
626388.0010000002
626392.6745000002
626396.1044999999
626400.6979999999
626408.4029999999
626387.4235
626434.9730000002
626455.8355
626462.7110000001
626583.872
626650.1074999999
626596.6230000001
626627.6869999999
626604.7230000002
626588.7634999999
626600.0639999998
626656.54
626686.5315
626643.2080000001
626608.6115000001
626624.1179999998
626560.7174999998
626552.395
626552.4700000002
626439.645
626414.0345000001
626398.9454999999
626388.747
626293.057
626260.139
626225.0414999998
626319.0469999998
626369.1069999998
626417.3470000001
626466.7744999998
626467.9840000002
626505.3254999998
626561.0304999999
626611.4644999998
626632.4019999998
626676.3355
626707.7324999999
626748.7370000002
626811.6860000002
626834.7264999999
626875.7000000002
626907.7799999998
626958.4835000001
627002.2884999998
626990.8835
626995.7305000001
627097.7239999999
627114.9185000001
627148.0159999998
627114.2995000002
627087.3565000002
627063.7974999999
626988.068
627005.8650000002
627020.1150000002
627036.6710000001
627062.784
627091.2859999998
627132.631
627103.2555
627121.3004999999
627138.9304999998
627159.3369999998
627185.4959999998
627195.0074999998
627214.2609999999
627242.2725
627255.9405
627277.3769999999
627299.7579999999
627328.3840000001
627359.7200000002
627399.1260000002
627437.4870000002
627570.2340000002
627605.3730000001
627607.7615
627644.7415
627701.6515000002
627729.0295000002
627750.5269999998
627789.8530000001
627816.102
627862.7374999998
627900.7264999999
627981.6754999999
628161.8344999999
628201.0315
628241.5575000001
628280.835
628306.2110000001
628335.219
628401.051
628400.0395
628466.0099999998
628624.1235000002
628838.2769999998
628853.8990000002
628857.869
628863.2785
628866.9345
628870.6740000001
628874.3624999998
628878.27
628881.9364999998
628904.5965
628907.5610000002
628909.7705000001
629002.6085000001
628989.7590000001
628983.5559999999
628980.5945000001
628977.1795000001
628980.5759999999
628988.7445
629072.1505
629130.1880000001
629204.2064999999
629318.7880000002
629383.7445
629539.0449999999
629561.0025
629602.1775000002
629630.5595
629631.1324999998
629631.9915
629635.6839999999
629633.6595000001
629696.6845
629715.8319999999
629711.0959999999
629722.0049999999
629730.4909999999
629733.5559999999
629734.8095
629726.9849999999
629711.773
629747.2200000002
629748.753
629750.3739999998
629752.2149999999
629755.0904999999
629761.3144999999
629750.9644999998
629745.4415000002
629742.1715000002
629742.6645
629742.6645
629725.4139999999
629715.6834999998
629747.1860000002
629767.327
629782.6515000002
629788.1129999999
629790.8229999999
629797.8484999998
629804.1515000002
629870.9185000001
629870.8594999998
629870.6965000001
629865.8990000002
629857.1655000001
629847.6634999998
629838.8574999999
629831.0469999998
629824.4764999999
629784.4610000001
629778.0115
629774.8865
629730.3845000002
629727.2004999998
629725.9649999999
629723.4545
629720.0805000002
629716.4959999998
629712.6724999999
629733.2905000001
629735.9730000002
629796.1345000002
629821.6179999998
629916.1935
629979.8629999999
630091.5325000002
630152.6710000001
630235.0690000001
630335.7094999999
630397.1200000001
630464.8339999998
630524.27
630579.1800000002
630592.7620000001
630716.3215000001
630857.3309999998
630910.4445000002
631036.253
631151.77
631236.2845000001
631316.335
631341.3095
631358.5805000002
631364.6460000002
631360.6099999999
631363.4139999999
631365.8139999998
631367.7544999998
631374.9925000002
631383.5950000002
631394.3829999999
631406.8390000002
631420.7459999998
631442.8475000001
631455.2999999998
631477.6710000001
631494.1579999998
631527.9095000001
631705.0780000002
631705.9679999999
631707.9720000001
631752.3054999998
631785.8415000001
631849.2664999999
631927.7285000002
631932.122
631963.685
631989.7089999998
632037.065
632067.5285
632052.2225000001
632050.8574999999
632036.7949999999
632190.8250000002
632202.0210000002
632450.3955000001
632483.7694999999
632502.9024999999
632556.6749999998
632604.6694999998
632660.1469999999
632759.9175
632790.0869999998
632893.9369999999
632991.4199999999
632980.7935000001
632968.7124999999
632956.8905000002
632953.0104999999
632949.6600000001
632946.821
632944.1285000001
632936.3820000002
632923.557
632902.9160000002
632894.2289999998
632882.9180000001
632880.1124999998
632880.463
632878.2204999998
632875.8015000001
632881.4929999998
632887.4665000001
632890.392
632904.5995
632900.7050000001
632895.8815000001
632893.5745000001
632893.3875000002
632897.2645
632902.3939999999
632907.5035000001
632907.7799999998
632905.6255000001
632902.7220000001
632904.8034999999
632924.4920000001
632922.895
632923.571
632978.1044999999
633016.27
633094.5355000002
633099.844
633225.2220000001
633368.0295000002
633559.037
633643.8590000002
633706.807
633744.5249999999
633821.1869999999
634144.4615000002
634148.014
634165.3555000001
634191.7705000001
634220.878
634272.8955000001
634286.7785
634297.9219999998
634307.69
634316.5074999998
634320.19
634320.2174999998
634316.3169999998
634332.4959999998
634349.6499999999
634351.8424999998
634349.9720000001
634344.7115000002
634363.0765
634393.6680000001
634411.4484999999
634540.267
634636.0049999999
634629.869
634647.4685
634672.9065
634681.639
634694.4580000001
634705.1699999999
634734.5759999999
634871.69
635024.1595000001
635128.6239999998
635128.6510000001
635130.1885000002
635132.0049999999
635133.7930000001
635135.7659999998
635137.4330000002
635298.8034999999
635655.3275000001
635690.5765
635709.1894999999
635739.1645
635793.2855000002
635823.7719999999
635863.6085000001
635949.3325
635980.0490000001
636002.0729999999
636066.4789999998
636118.0924999998
636133.8535000002
636199.6175000002
636286.2659999998
636332.5754999998
636403.5
636479.8495
636596.898
636791.1285000001
636804.7324999999
636842.7749999999
636851.4190000002
636856.9644999998
636861.3994999998
636871.3735000002
636885.9394999999
636927.8829999999
636945.6974999998
636962.8955000001
636990.8624999998
637013.1609999998
637036.1129999999
637059.0745000001
637081.7804999999
637165.9235
637179.0610000002
637188.4049999998
637219.8739999998
637231.2855000002
637285.3195000002
637303.7230000002
637314.4125000001
637322.0240000002
637330.8944999999
637381.1949999998
637416.3670000001
637444.855
637525.804
637572.1660000002
637918.858
638151.426
638161.1150000002
638169.162
638183.94
638189.4015000002
638209.2714999998
638229.0970000001
638238.0529999998
638247.2385
638257.9474999998
638285.2105
638298.8155
638317.4624999999
638302.2344999998
638297.659
638233.9835000001
638230.9580000001
638229.8080000002
638185.6370000001
638149.1209999998
638130.469
638145.8365000002
638154.435
638146.3280000002
638142.4959999998
638138.7549999999
638135.5055
638134.4164999998
638142.0989999999
638146.4885
638147.852
638150.3555000001
638164.7855000002
638167.2289999998
638166.3879999998
638153.2634999999
638152.4695000001
638155.392
638121.2285000002
638114.9275000002
638116.2895
638112.0839999998
638108.5219999999
638102.7140000002
638090.2725
638071.5210000002
638060.1099999999
638031.3905000002
638022.8854999999
638022.3769999999
638017.9755000002
638013.04
638002.1519999998
637993.8794999998
637992.003
637987.642
637983.3505000002
637929.9945
637916.9435
637906.2969999998
637889.6795000001
637885.3204999999
637878.4569999999
637875.0425
637867.7080000001
637832.1905
637817.4950000001
637807.0285
638022.6685000001
638118.6074999999
638123.4545
638215.4130000002
638220.5565
638236.9194999998
638347.5395
638357.6365
638471.2740000002
638477.5780000002
638488.5184999998
638493.4040000001
638502.497
638515.2774999999
638540.2974999999
638553.5265000002
638664.4715
638726.7004999998
638764.1205000002
638854.5465000002
639035.2965000002
639061.4435
639091.764
639120.0055
639129.2000000002
639135.3990000002
639138.2969999998
639137.8624999998
639134.7379999999
639100.9270000001
639089.6754999999
639082.3700000001
639077.6749999998
639074.5304999999
639069.2335000001
639064.8139999998
639060.2710000002
639053.4879999999
639045.0455
639028.014
639032.5904999999
639052.2615
639079.2659999998
639053.3015000001
639052.6515000002
639034.0559999999
639043.2659999998
639067.307
639087.0260000001
639111.0164999999
639144.9895000001
639161.7239999999
639175.1779999998
639184.9929999998
639195.4989999998
639192.341
639201.0995
639208.7294999999
639207.4125000001
639196.6145000001
639179.4904999998
639164.9364999998
639142.9780000001
639121.0334999999
639089.4929999998
639113.7960000001
639132.9885
639157.4929999998
639158.6305
639091.5830000001
639067.8080000002
639057.5595
639048.1825000001
639019.8135000002
638994.4410000001
638977.4955000002
638929.0935
638915.2294999999
638894.1935
638890.6014999999
638839.0090000001
638785.2795000002
638745.8964999998
638732.301
638671.9440000001
638660.2055000002
638621.7085000002
638608.4435
638593.247
638589.315
638576.781
638531.8934999998
638489.0460000001
638452.858
638404.199
638384.0534999999
638355.4895000001
638330.0090000001
638349.4945
638428.8045000001
638463.4824999999
638506.5630000001
638536.5295000002
638544.7955
638559.1715000002
638579.5465000002
638615.1269999999
638635.2549999999
638663.483
638676.395
638701.6379999998
638726.3569999998
638664.8465
638625.267
638583.2425000002
638640.9715
638747.8130000001
638792.6875
638826.6085000001
638897.7395000001
638933.7990000001
638978.162
639014.6340000001
639071.4045000002
639096.2080000001
639138.0485
639200.0995
639236.4445000002
639269.7820000001
639392.9065
639480.7374999998
639480.7919999999
639435.2420000001
639412.7390000001
639381.7280000001
639342.9640000002
639305.7385
639224.1384999999
639189.2919999999
639103.3355
639085.3355
639065.7604999999
639098.2625000002
639056.2985
638947.128
638912.6754999999
638921.9210000001
638970.6494999998
638977.4895000001
639013.8335000002
639044.5104999999
639042.5575000001
638972.6434999998
638964.1140000001
638956.4725000001
638939.5405000001
638922.977
638911.3854999999
638899.5435000001
638886.2760000001
638885.1490000002
638868.869
638839.023
638830.3084999998
638796.0184999998
638774.9040000001
638756.1740000001
638722.5765
638694.0630000001
638666.7415
638640.7785
638614.3165000002
638539.7365000001
638470.4079999998
638322.1669999999
638262.0545000001
638232.7910000002
638216.9339999999
638114.7760000001
638062.7925
638024.2825000002
637982.0460000001
637886.0844999999
637838.875
637798.4479999999
637754.2599999998
637733.1499999999
637705.7140000002
637664.4929999998
637609.9419999998
637580.7650000001
637561.3939999999
637530.4950000001
637498.139
637457.7004999998
637484.6869999999
637503.0274999999
637523.2829999998
637579.8535000002
637595.7565000001
637503.1630000002
637439.3220000002
637399.838
637382.7075
637368.0249999999
637322.2680000002
637306.5435000001
637291.2069999999
637238.1524999999
637185.8160000001
637155.0855
637112.2525
637100.3234999999
637082.6324999998
637028.8355
637005.3144999999
636979.0980000002
636944.7445
636923.6510000001
636904.057
636889.6414999999
636880.0329999998
636860.0025
636838.1275
636809.2494999999
636789.341
636747.074
636734.7659999998
636723.6584999999
636707.4385000002
636690.156
636679.5010000002
636667.2940000002
636655.4419999998
636617.074
636567.4989999998
636520.7319999998
636497.7149999999
636417.3805
636330.1745000002
636257.8730000001
636188.7494999999
636089.9224999999
636043.031
636003.1179999998
635951.0639999998
635902.4950000001
635866.6645
635840.2420000001
635818.0329999998
635781.1945000002
635747.4594999999
635735.5214999998
635706.8930000002
635681.3314999999
635657.6910000001
635630.7075
635598.4849999999
635565.3624999998
635562.5285
635480.6030000001
635326.5830000001
635230.3805
635117.2620000001
634971.9685
634895.3585000001
634891.4805000001
634875.5750000002
634868.4920000001
634865.6395
634852.6039999998
634836.412
634830.8365000002
634809.4405
634795.4454999999
634780.7289999998
634761.639
634744.1005000002
634636.5469999998
634486.1614999999
634396.8624999998
634086.5625
633961.6264999998
633932.1340000001
633904.8360000001
633883.9470000002
633709.0125000002
633567.1995000001
633565.1630000002
633626.3939999999
633577.8684999999
633587.4874999998
633640.9339999999
633603.2944999998
633562.5414999998
633571.2664999999
633578.6754999999
633455.7115000002
633387.6535
633303.5595
633145.3355
632964.5194999999
632717.8335000002
632502.202
632631.5759999999
632682.9870000002
632716.8620000002
632728.3905000002
632736.517
632744.9945
632749.9654999999
632749.5865000002
632758.3944999999
632767.9284999999
632767.818
632774.9205
632789.574
632794.5414999998
632798.3859999999
632821.9315
632838.6005000002
632842.4890000001
632847.8275000001
632854.9339999999
632864.8459999999
632868.4569999999
632876.1784999999
632907.1600000001
632916.4870000002
632930.2034999998
632939.5945000001
632955.3105000001
632982.0380000002
633001.1894999999
633010.9720000001
633031.1135
633046.5499999998
633070.764
633073.7604999999
633077.372
633084.5924999998
633092.469
633104.5025
633105.2645
633109.0090000001
633107.1140000001
633106.9249999998
633105.3884999999
633107.1030000001
633109.9649999999
633112.5775000001
633114.0520000001
633108.9295000001
633112.6365
633111.8265
633114.4304999998
633125.6030000001
633137.0754999998
633145.2990000001
633163.173
633170.2935000001
633175.3645000001
633185.5550000002
633192.7429999998
633193.8594999998
633197.0635000002
633194.2910000002
633194.3849999998
633196.3365000002
633201.6984999999
633208.8829999999
633212.4589999998
633221.3339999998
633234.193
633239.0184999998
633241.9240000001
633251.2310000001
633253.8820000002
633256.1825000001
633260.3374999999
633264.8845000002
633269.7165000001
633273.4994999999
633278.3415000001
633284.3484999998
633281.7570000002
633284.4190000002
633286.094
633286.7280000001
633290.048
633294.1655000001
633293.236
633297.2105
633300.7725
633300.898
633303.1910000001
633304.7195000001
633307.6074999999
633302.381
633301.4224999999
633299.8509999998
633296.8854999999
633294.1995000001
633287.0384999998
633289.6145000001
633285.372
633278.7774999999
633278.3355
633275.517
633271.4084999999
633263.4569999999
633257.7064999999
633252.4805000001
633250.8700000001
633247.6639999999
633242.1839999999
633242.131
633244.9385000002
633244.6239999998
633251.8709999998
633265.5389999999
633267.6409999998
633264.7319999998
633269.1575000002
633263.1275
633264.6519999998
633264.7475
633263.0784999998
633264.0954999998
633267.2089999998
633264.5495000002
633278.5345000001
633287.5304999999
633300.943
633240.1159999999
633034.7955
632957.932
632876.7034999998
632771.0414999998
632693.9245000002
632631.3489999999
632605.0825
632513.2379999999
632487.0839999998
632467.733
632417.2514999998
632391.9975
632341.9840000002
632290.111
632233.6264999998
632140.8110000002
632082.5125000002
632051.4254999999
632020.6244999999
631975.3404999999
631808.9789999998
631820.747
631725.2829999998
631065.2009999999
631025.6749999998
631014.1919999998
630990.1845
630961.0299999998
630947.0855
630900.608
630868.3305000002
630843.142
630824.2590000001
630804.6290000002
630783.7154999999
630763.7790000001
630751.5959999999
630716.244
630698.2820000001
630681.2289999998
630669.5440000002
630644.7719999999
630624.1485000001
630601.9929999998
630545.156
630512.4249999998
630480.1094999998
630453.4075000002
630372.409
630323.2985
630294.9095000001
630275.2239999999
630275.2239999999
630238.358
630199.6170000001
630154.9215000002
630141.5669999998
630132.8065
630122.5364999999
630114.2565000001
630098.1055000001
630091.9900000002
630082.801
630080.5205000001
630079.3555000001
630073.7039999999
630060.4900000002
630058.2415
630052.1645
630053.9589999998
630056.6910000001
630051.8990000002
629934.2315000002
629836.909
629791.4594999999
629778.2220000001
629760.2620000001
629740.5444999998
629711.4265000001
629706.6009999998
629694.378
629667.1605000002
629645.267
629605.7505000001
629576.395
629566.2039999999
629546.6634999998
629525.8424999998
629491.6924999999
629456.3725
629431.7179999999
629374.781
629337.9219999998
629326.8650000002
629298.2579999999
629268.3374999999
629231.0830000001
629156.321
629122.5460000001
629088.912
629041.9755000002
629014.5550000002
628987.753
628965.7110000001
628967.0554999998
628917.9500000002
628895.5019999999
628854.9709999999
628835.7204999998
628816.5890000002
628780.4580000001
628750.9185000001
628664.477
628617.7540000002
628598.2629999998
628585.7790000001
628565.0724999998
628546.8849999998
628535.9045000002
628510.9295000001
628469.1405000002
628445.9580000001
628429.3435
628398.8280000002
628370.0674999999
628348.7124999999
628319.1515000002
628284.4964999999
628228.5844999999
628194.9610000001
628154.8305000002
628134.2744999998
628093.869
628062.6354999999
627997.3999999999
627967.0019999999
627944.9010000001
627913.139
627874.7880000002
627841.0044999998
627802.9619999998
627772.0674999999
627706.3314999999
627532.4065
627463.9794999999
627340.4155000001
627299.2094999999
627187.1275
627126.3185
627029.6595000001
626968.2225000001
626928.7650000001
626945.5044999998
626958.0465000002
626890.48
626871.1434999998
626837.1995000001
626820.1974999998
626818.8684999999
626824.9300000002
626620.6565
626519.2415
626384.1775000002
594947.5014999998
594808.8900000001
594766.2379999999
594682.4835000001
594598.5469999998
594550.2489999998
594465.7149999999
594299.2034999998
594261.7170000002
593968.4254999999
593924.548
593862.7755
593908.4109999998
593916.037
593849.9175
593813.0345000001
593719.0384999998
593637.412
593575.6044999999
593504.4249999998
593474.1025
593384.1754999999
593333.6669999999
593271.3059999999
593239.9364999998
593193.4424999999
593138.1354999999
593059.9509999999
593005.6409999998
593017.0304999999
592951.2429999998
592873.8659999999
592836.8050000002
592829.9254999999
592773.5825
592755.2590000001
592657.966
592643.4805000001
592644.9045000002
592648.5290000001
592644.7585
592641.9989999998
592640.3859999999
592637.9040000001
592635.3365000002
592633.7400000002
592630.7595000002
592627.2344999998
592625.0359999998
592622.5644999999
592620.2004999998
592618.27
592611.3775
592621.5830000001
592629.0704999999
592638.6315000001
592646.9424999999
592646.0715000001
592644.9295000001
592643.3535000002
592641.642
592637.7590000001
592634.5554999998
592631.1894999999
592628.8835
592623.2675000001
592618.0595
592607.1324999998
592602.4134999998
592559.5240000002
592513.4739999999
592419.1605000002
592405.1294999998
592398.4780000001
592302.5750000002
592189.2395000001
592064.9580000001
591968.3475000001
591850.4734999998
591820.5090000001
591789.5965
591737.7825000002
591613.4449999998
591567.9470000002
591519.0274999999
591520.2344999998
591517.3739999998
591509.7069999999
591501.1609999998
591498.9424999999
591507.7204999998
591514.8705000002
591516.9180000001
591512.8815000001
591510.827
591512.0255
591507.9415000002
591504.892
591492.963
591486.2675000001
591476.8824999998
591475.9435
591480.733
591485.608
591484.0995
591480.716
591480.3080000002
591482.3799999999
591484.756
591484.2445
591483.1354999999
591481.483
591477.361
591474.8374999999
591457.5164999999
591453.5865000002
591452.8650000002
591449.9985000002
591451.4580000001
591450.9525000001
591445.9934999999
591442.6910000001
591446.094
591445.5395
591444.7089999998
591446.3879999998
591449.0325000002
591457.5685
591459.8700000001
591470.673
591476.4945
591484.946
591496.7629999998
591503.0750000002
591505.9929999998
591508.5639999998
591511.8900000001
591518.7905000001
591526.1340000001
591529.483
591534.1749999998
591534.869
591534.1490000002
591541.5384999998
591545.3905000002
591549.301
591573.6625000001
591575.8415000001
591583.3985000001
591590.1409999998
591590.2549999999
591592.3799999999
591595.6035000002
591603.9100000001
591609.2935000001
591617.3985000001
591620.8544999999
591622.5214999998
591621.1515000002
591622.9019999998
591632.5304999999
591644.6370000001
591647.8505000002
591650.1154999998
591655.9755000002
591658.5449999999
591662.3525
591666.5490000001
591667.406
591663.4819999998
591657.9994999999
591647.9330000002
591640.8675000002
591635.5995
591638.494
591636.3369999998
591638.5040000002
591638.6880000001
591634.6664999998
591627.7985
591615.443
591608.0655
591604.9215000002
591599.4739999999
591598.5950000002
591599.037
591624.9879999999
591668.0049999999
591688.0085
591724.9980000001
591754.9985000002
591778.4029999999
591799.6905
591803.0115
591823.0115
591845.0070000002
591863.0129999998
591888.0019999999
591897.9210000001
591900.0079999999
591911.6285000001
591928.0010000002
591955.0
591988.0070000002
592004.9010000001
592030.0019999999
592073.0
592134.9909999999
592179.9985000002
592224.7990000001
592273.0014999998
592453.3799999999
592485.0055
592517.9945
592563.0025
592593.0085
592619.9929999998
592659.9964999999
592843.4275000002
592868.0070000002
592914.9985000002
592924.9950000001
592919.9950000001
592907.997
592905.815
592917.2185
592922.9879999999
592928.0095000002
592929.608
592935.0005000001
592973.7080000001
592998.1000000001
593048.0129999998
593069.9909999999
593107.9945
593150.0
593247.9644999998
593282.9929999998
593349.9934999999
593418.696
593420.162
593428.0070000002
593515.0405000001
593523.2404999998
593523.2949999999
593573.0099999998
593603.0129999998
593644.9895000001
593647.2425000002
593654.327
593672.4054999999
593722.997
593787.9929999998
593819.9504999998
593837.9945
593865.6915000002
593895.392
593895.446
593900.1970000002
593963.0109999999
593988.0104999999
594047.994
594098.0
594122.9959999998
594155.0885000001
594178.0099999998
594198.0109999999
594219.9994999999
594263.9725000001
594267.9925000002
594292.9885
594304.9989999998
594365.006
594414.9300000002
594443.0044999998
594519.9874999998
594599.9920000001
594670.031
594672.9920000001
594703.0055
594774.994
594825.0070000002
594863.0074999998
594890.0014999998
594922.9980000001
594992.9915
595017.9989999998
595028.0244999998
595059.9870000002
595078.122
595078.5025
595114.6885000002
595122.3665
595112.9964999999
595119.994
595120.4010000001
595145.0005000001
595182.9959999998
595243.003
595257.9929999998
595275.79
595278.3944999999
595303.8369999998
595303.8640000001
595370.0095000002
595428.0010000002
595509.9739999999
595613.2714999998
595663.9035
595668.1120000002
595678.372
595687.0835000002
595696.5035000001
595703.9709999999
595710.8420000002
595707.8215000001
595743.6894999999
595760.7385
595754.5825
595775.7905000001
595788.9929999998
595793.5469999998
595803.1345000002
595804.6505
595788.5175000001
595769.0210000002
595754.8025000002
595739.3900000001
595743.9870000002
595711.5329999998
595692.8675000002
595674.6765000001
595651.3640000001
595619.7585
595557.2694999999
595549.435
595545.9364999998
595543.1335
595537.4755000002
595521.94
595518.2785
595502.5784999998
595358.807
595316.3769999999
595275.9270000001
595270.131
595219.1889999998
595167.8675000002
595116.926
595057.4725000001
595010.7335000001
594965.1105
594947.5014999998
