674498.7645
674450.9185000001
674428.6039999998
674408.3300000001
674390.3835
674388.685
674367.827
674362.94
674344.9874999998
674332.1655000001
674297.4334999998
674298.7834999999
674271.8509999998
674164.7259999998
674118.7289999998
674011.5115
673859.7974999999
673747.994
673757.8815000001
673642.8835
673426.6830000002
673287.1634999998
673225.267
673202.3650000002
673171.6634999998
673142.9654999999
673092.3744999999
673063.6664999998
673031.1770000001
672986.2599999998
672945.0625
672917.2595000002
672904.372
672890.0550000002
672863.7625000002
672830.469
672812.6710000001
672792.9644999998
672779.4704999998
672772.3505000002
672734.9750000001
672703.5575000001
672682.8594999998
672661.7655000002
672641.7590000001
672600.2565000001
672528.4515
672450.8574999999
672349.3265
672289.5865000002
672281.861
672277.7714999998
672262.5765
672260.9240000001
672269.6395
672235.7604999999
672222.6510000001
672210.5589999999
672190.1579999998
672179.1529999999
672153.5435000001
672115.8590000002
671888.9369999999
671673.5380000002
671610.1179999998
671603.1660000002
671470.4070000001
671444.8424999998
671420.642
671400.2379999999
671338.3470000001
671346.5295000002
671348.0329999998
671347.435
671342.0329999998
671330.4339999999
671343.3314999999
671400.6434999998
671406.1345000002
671414.1365
671424.7494999999
671446.7335000001
671440.9375
671436.037
671435.1359999999
671445.9575
671447.844
671432.1485000001
671411.435
671393.5440000002
671408.4470000002
671459.2379999999
671480.548
671505.358
671539.5595
671580.659
671612.1630000002
671633.1505
671654.0625
671709.1669999999
671754.3484999998
671784.6485000001
671826.8700000001
671912.6469999999
671947.9654999999
671978.352
671993.9525000001
672010.1625000001
672028.9474999998
672031.753
672073.4550000001
672087.0734999999
672109.2565000001
672126.0745000001
672130.8555000001
672129.9640000002
672098.0550000002
672079.966
672045.1699999999
672017.9564999999
671990.7684999998
671941.946
671908.2579999999
671906.9275000002
671912.3484999998
671907.6214999999
671908.8420000002
671908.216
671897.8509999998
671889.0290000001
671877.1120000002
671856.2779999999
671830.5954999998
671800.0995
671786.0759999999
671791.2735000001
671797.9385000002
671803.4915
671820.0890000002
671818.0210000002
671822.9564999999
671869.1940000001
671907.4100000001
671920.0375000001
671882.557
671848.5414999998
671851.1825000001
671831.3289999999
671820.662
671808.034
671799.0079999999
671793.0575000001
671771.844
671730.8289999999
671704.7549999999
671667.2069999999
671629.8684999999
671616.1875
671610.4339999999
671603.9720000001
671583.6324999998
671534.2769999998
671508.9075000002
671491.6724999999
671469.1175000002
671428.1614999999
671377.6269999999
671325.5625
671312.6765000001
671261.0389999999
671209.4215000002
671194.9405
671177.9819999998
671151.4785000002
671113.1945000002
671097.267
671075.6924999999
671068.031
671047.3385000001
671029.5660000001
671016.9300000002
671003.7804999999
670998.324
670995.5729999999
670980.9700000002
670972.7475
670954.318
670951.2664999999
670950.4105000002
670954.193
670957.7119999998
670957.6540000001
670956.7779999999
670960.8605
670934.8374999999
670928.2464999999
670920.2105
670909.2434999999
670894.6269999999
670887.4789999998
670884.7765000002
670870.4275000002
670857.5704999999
670851.594
670841.6869999999
670828.6535
670815.8169999998
670808.8879999998
670789.6984999999
670781.9079999998
670774.4394999999
670760.4865000001
670746.4874999998
670726.3790000002
670690.2735000001
670674.983
670654.5929999999
670646.747
670642.0625
670630.7200000002
670621.5044999998
670611.3495
670606.2645
670590.9704999998
670574.2455000002
670569.0959999999
670562.6060000001
670562.7864999999
670563.8709999998
670557.3135000002
670549.5474999999
670538.4704999998
670528.4454999999
670527.0435000001
670517.736
670507.1405000002
670505.2030000002
670495.7760000001
670450.4635000001
670445.1444999999
670440.1264999998
670436.0469999998
670415.4415000002
670403.247
670385.0065000001
670354.0759999999
670356.2154999999
670359.6664999998
670366.3560000001
670376.9874999998
670381.9210000001
670389.3089999999
670399.7765000002
670413.1715000002
670422.3015000001
670426.0674999999
670431.6505
670437.0750000002
670439.6475
670451.304
670457.9649999999
670464.8105000001
670475.3739999998
670489.0175000001
670500.1409999998
670521.5584999998
670532.7434999999
670535.3165000002
670538.3670000001
670551.6115000001
670553.551
670556.557
670586.9330000002
670596.355
670645.1409999998
670665.8535000002
670686.8314999999
670707.9419999998
670732.5425
670746.6370000001
670790.1349999998
670808.6579999998
670815.2565000001
670821.1395
670835.4559999998
670862.1540000001
670870.744
670879.5350000001
670900.0525000002
670915.5485
670928.2480000001
670939.3544999999
670961.642
670987.0449999999
671025.2510000002
671033.7884999998
671053.1655000001
671083.185
671087.3760000002
671089.4330000002
671093.557
671093.2659999998
671104.8065
671088.3875000002
671095.7590000001
671101.247
671098.0320000001
671089.3525
671087.5440000002
671082.6370000001
671066.3470000001
671047.6425000001
671030.7425000002
670988.8429999999
670973.2889999999
670965.4934999999
670936.7875000001
670924.6770000001
670911.534
670906.6469999999
670904.7475
670913.699
670922.4245000002
670924.4449999998
670933.5924999998
670937.5795
670939.1324999998
670945.7344999998
670953.3865
670958.4870000002
670978.1754999999
670984.6455000001
670982.2420000001
670968.5724999998
670957.0325000002
670954.1940000001
670953.7220000001
670957.7514999998
670971.5504999999
670994.7514999998
671031.216
671049.7625000002
671043.94
671044.7960000001
671059.9950000001
671064.0449999999
671065.2185
671066.4235
671069.2774999999
671071.2675000001
671071.713
671074.0279999999
671083.435
671092.8684999999
671107.9989999998
671109.0720000002
671106.8884999999
671116.8605
671138.7445
671141.125
671155.9879999999
671167.9355000001
671117.6735
671098.1869999999
671119.3815000001
671133.2289999998
671150.4095000001
671178.3114999998
671181.6324999998
671185.1060000001
671194.889
671199.6014999999
671219.6365
671241.426
671248.9500000002
671279.8465
671307.0435000001
671331.676
671349.2570000002
671374.4640000002
671387.9049999998
671394.3829999999
671402.7374999998
671408.6949999998
671410.9295000001
671418.7684999998
671411.395
671411.3195000002
671419.2599999998
671426.7955
671439.4045000002
671453.8080000002
671465.5750000002
671470.4755000002
671472.3470000001
671471.4240000001
671462.7280000001
671482.7875000001
671491.5665000002
671503.5419999999
671508.6965000001
671520.2599999998
671531.9695000001
671546.7599999998
671563.8975
671568.6354999999
671581.4065
671583.2009999999
671579.4130000002
671579.2385
671575.9190000002
671551.8204999999
671562.4915
671566.1200000001
671566.6765000001
671569.8640000001
671582.7999999998
671587.3484999998
671585.4360000002
671585.9734999998
671593.9219999998
671598.46
671598.5765
671591.9725000001
671583.8845000002
671585.8555000001
671588.6894999999
671601.7779999999
671606.4199999999
671605.8169999998
671607.3964999998
671606.6949999998
671604.5545000001
671607.9835000001
671611.2725
671624.395
671635.8969999999
671639.9955000002
671644.4054999999
671644.2595000002
671641.1124999998
671641.6165
671643.7820000001
671642.3459999999
671639.0835000002
671619.8344999999
671609.656
671605.7855000002
671603.3594999998
671610.0005000001
671615.0575000001
671617.3275000001
671633.8900000001
671624.4815000002
671612.4619999998
671602.415
671596.696
671587.881
671578.8615000001
671576.1395
671567.5180000002
671555.2740000002
671543.3245000001
671536.2965000002
671536.7949999999
671533.3635
671518.3130000001
671507.5474999999
671503.2370000002
671499.9900000002
671494.2505000001
671491.8599999999
671489.8420000002
671489.4190000002
671487.7094999999
671485.8445000001
671481.8190000001
671479.7944999998
671479.4345
671487.2834999999
671499.3714999999
671500.6740000001
671505.5869999998
671512.8925000001
671506.0589999999
671512.0529999998
671502.6455000001
671498.9750000001
671488.3450000002
671471.1660000002
671470.3875000002
671463.0674999999
671448.1124999998
671431.2230000002
671412.7000000002
671408.227
671394.3695
671389.315
671382.7004999998
671371.5800000001
671407.0899999999
671464.4715
671535.3424999998
671605.3265
671671.0134999999
671708.2154999999
671744.4610000001
671776.2105
671801.835
671862.7030000002
671909.4470000002
671914.7804999999
671931.2680000002
671955.3760000002
671965.8105000001
671983.2250000001
671989.3640000001
672023.1179999998
672058.6150000002
672096.4035
672136.4045000002
672172.7974999999
672221.318
672267.9040000001
672294.4019999998
672352.8020000001
672374.8125
672394.9045000002
672422.5134999999
672441.6170000001
672459.7220000001
672456.8999999999
672465.1044999999
672470.202
672473.7985
672474.9175
672486.2195000001
672490.105
672495.5129999998
672488.7154999999
672484.2204999998
672482.4205
672503.815
672504.9994999999
672504.6159999999
672505.6954999999
672511.003
672497.9175
672471.6965000001
672448.6060000001
672428.1069999998
672420.6025
672406.5104999999
672317.2004999998
672254.6834999998
672224.7059999998
672251.2769999998
672311.5355000002
672361.017
672373.7445
672425.591
672440.943
672506.3905000002
672488.7485000002
672511.8514999999
672552.8415000001
672569.2409999999
672558.4484999999
672602.506
672649.602
672669.0375000001
673130.9964999999
673245.5929999999
673393.4084999999
673487.8075000001
673521.0819999999
673548.7034999998
673601.7880000002
673666.4079999998
673666.9975
673689.3500000001
673694.6965000001
673744.8390000002
673783.824
673820.5780000002
673835.7659999998
673868.81
673868.693
673892.7370000002
673880.3119999999
673914.6954999999
674013.7544999998
674042.2609999999
674054.6005000002
674091.3969999999
674159.3495
674258.9585000002
674278.5970000001
674558.54
674595.8015000001
674667.1965000001
674724.7799999998
674761.2570000002
674820.9254999999
674896.3369999998
674911.5334999999
674909.912
674897.8900000001
674907.4054999999
674895.3670000001
674901.983
674901.9325000001
674909.8790000002
674908.8555000001
674921.6924999999
674924.5554999998
674935.5984999998
674979.8895
675049.9709999999
675092.2565000001
675136.1699999999
675172.0989999999
675202.0685
675232.0495000002
675239.9909999999
675287.1354999999
675314.6140000001
675328.9885
675349.5350000001
675382.0619999999
675431.6910000001
675434.784
675440.9785000002
674684.4794999999
673063.3659999999
672744.4720000001
672672.5490000001
672549.8535000002
672488.77
672422.5515000001
672331.4700000002
672235.1535
672066.1605000002
672060.1690000002
672055.9580000001
672042.3560000001
672023.02
672022.9029999999
671994.5095000002
671991.3879999998
671974.2574999998
671924.2935000001
671888.0040000002
671883.9105000002
671831.378
671800.0545000001
671785.8305000002
671809.244
671802.3930000002
671733.869
671709.6444999999
671679.3245000001
671644.5750000002
671620.5389999999
671569.693
671565.4424999999
671547.7209999999
671494.6540000001
671471.7075
671434.2620000001
671344.3645000001
671244.9454999999
671223.2485000002
671176.051
671144.4824999999
671124.3360000001
671085.568
671065.3065
671033.895
671056.0419999999
671051.4975
670983.1384999999
670892.8254999998
670843.6549999998
670773.8484999998
670736.2664999999
670671.9879999999
670587.9525000001
670565.5660000001
670534.1655000001
670504.3574999999
670492.8820000002
670429.355
670334.7285000002
670320.0010000002
670264.2404999998
670229.8629999999
670162.6860000002
670064.2119999998
669979.4440000001
669927.6845
669887.1409999998
669850.077
669813.2420000001
669746.7689999999
669698.8744999999
669662.0589999999
669638.3394999998
669584.3665
669517.0545000001
669479.503
669397.0410000002
669354.4750000001
669236.6910000001
669212.9674999998
669188.6005000002
669152.361
669140.8629999999
669120.4805000001
669066.4785000002
669038.3325
669035.335
669035.8084999998
669094.5614999998
669107.4035
669075.3314999999
669054.4275000002
668905.1335
668743.0825
668672.4885
668633.5460000001
668552.0175000001
668494.7919999999
668484.236
668466.1690000002
668410.594
668366.9555000002
668328.3119999999
668321.6195
668285.6165
668282.4500000002
668244.8999999999
668225.5665000002
668187.7790000001
668182.1905
668171.5074999998
668157.6135
668158.1069999998
668113.952
668086.7684999998
668051.29
668021.4315
667997.5929999999
667935.5194999999
667868.7684999998
667763.71
667745.7310000001
667735.9169999999
667751.3714999999
667743.1685000001
667723.3985000001
667703.8065
667664.0070000002
667660.9279999998
667645.0210000002
667624.5485
667599.8859999999
667554.2845000001
667542.3265
667501.9750000001
667491.6065000002
667505.9029999999
667512.7055000002
667533.2815
667483.6705
667473.0669999998
667452.3775
667420.4180000001
667409.6749999998
667415.6575000002
667410.7949999999
667411.7725
667423.3829999999
667436.3015000001
667475.662
667470.2170000002
667470.111
667477.4315
667524.2324999999
667555.6894999999
667573.1795000001
667584.3650000002
667623.1609999998
667623.091
667675.9495000001
667680.7144999998
667744.5715000001
667778.128
667817.7234999998
667848.852
667877.1375000002
667890.1460000002
667929.9685
667944.9654999999
667962.8960000002
667989.2719999999
668001.8955000001
668016.5605000001
668035.8859999999
668090.6825000001
668181.3509999998
668187.6630000002
668237.6324999998
668252.9134999998
668256.5384999998
668279.0959999999
668343.7144999998
668390.0485
668407.9035
668405.7689999999
668378.892
668378.3560000001
668398.8025000002
668453.7889999999
668439.6779999998
668439.0970000001
668457.0844999999
668400.6205000002
668327.0935
668197.6699999999
668175.6044999999
668194.5690000001
668120.7075
668082.0295000002
668071.5325000002
668060.4240000001
668011.0025
667995.3459999999
667928.8059999999
667910.8769999999
667908.6694999998
667888.9704999998
667873.3155
667872.5625
667866.8280000002
667849.5249999999
667827.1685000001
667857.7069999999
667907.1375000002
667908.5660000001
668000.432
668032.8114999998
668044.5315
668040.3599999999
668005.1175000002
667988.6889999998
667981.1290000002
667979.5559999999
667988.6315000001
668038.0839999998
668253.6244999999
668315.648
668293.3829999999
668306.3360000001
668309.3794999998
668293.3365000002
668301.0449999999
668294.0695000002
668280.2009999999
668262.6885000002
668270.3785000001
668240.2144999998
668260.7925
668284.0265000002
668249.415
668220.5040000002
668168.9484999999
668126.716
668105.619
668085.2395000001
668082.3654999998
668076.8190000001
668045.8735000002
668011.4624999999
667966.756
667962.4810000001
667948.5430000001
667928.9075000002
667917.3084999998
667924.2174999998
667924.25
667905.8369999998
667955.946
667861.435
667823.4185000001
667914.4994999999
667951.7710000002
667967.3620000002
668014.3845000002
668059.4100000001
668114.56
668174.1494999998
668150.0460000001
668140.9534999998
668136.6864999998
668136.1124999998
668153.4844999998
668153.4075000002
668164.9334999998
668158.7135000001
668166.2059999998
668173.0384999998
668181.0430000001
668197.7995000002
668225.1779999998
668250.3015000001
668260.3555000001
668268.9605
668295.3089999999
668303.5070000002
668320.9855
668372.6285000001
668387.2310000001
668424.1485000001
668468.256
668491.9175
668501.2234999998
668519.5255
668519.7425000002
668551.4405
668547.6570000001
668558.1675
668557.7450000001
668556.4474999998
668549.943
668565.6475
668566.2535000001
668553.1609999998
668571.3565000002
668573.6645
668563.1565
668554.5595
668555.6600000001
668541.8594999998
668518.1455000001
668505.7604999999
668496.3555000001
668477.554
668463.0565
668435.6540000001
668432.5625
668430.1675
668431.1664999998
668394.9589999998
668420.6600000001
668432.273
668418.3590000002
668442.7749999999
668435.7689999999
668458.2735000001
668543.3684999999
668630.2455000002
668664.6584999999
668686.9605
668754.4580000001
668805.2650000001
668865.2585
668870.9780000001
668871.5669999998
668887.0580000002
668927.2684999998
668793.9594999999
668763.5625
668732.878
668676.7725
668608.6699999999
668597.2680000002
668576.8775
668535.5685
668540.2599999998
668554.4819999998
668588.9785000002
668623.3849999998
668650.2714999998
668639.3725
668656.4815000002
668662.0605000001
668668.5625
668683.375
668685.378
668694.2834999999
668686.9855
668676.2940000002
668674.662
668675.1570000001
668667.4164999998
668639.355
668665.4545
668671.8195000002
668675.0274999999
668682.1320000002
668678.4265000001
668683.3330000001
668700.2059999998
668717.7144999998
668728.747
668741.9700000002
668735.6745000002
668730.7009999999
668722.503
668707.9075000002
668696.1804999998
668662.6869999999
668625.8705000002
668501.1680000001
668231.1264999998
667739.8854999999
667626.4855
667613.1425000001
667586.3080000002
667568.8599999999
667539.2755
667523.8065
667511.1379999998
667463.8114999998
667450.662
667433.5219999999
667407.5754999998
667383.7629999998
667355.9504999998
667318.7264999999
667287.4734999998
667261.6154999998
667236.8459999999
667205.9474999998
667182.855
667145.071
667026.1905
666927.9010000001
666855.0935
666784.7905000001
666722.585
666644.5219999999
666590.6140000001
666540.0795
666455.0115
666383.8245000001
666338.2395000001
666331.7420000001
666324.6009999998
666315.2239999999
666289.3415000001
666281.3820000002
666276.1905
666244.4545
666228.7659999998
666183.7404999998
666161.9555000002
666138.963
666135.0989999999
666131.5575000001
666128.1970000002
666122.5699999998
666113.648
666110.1425000001
666092.588
666084.7030000002
666076.6645
666067.1239999998
666059.9015000002
666047.4440000001
666038.1554999999
666022.4654999999
666015.44
666011.0814999999
666006.1315000001
665997.9199999999
665989.3195000002
665979.7425000002
665975.659
665970.9235
665966.6680000001
665956.733
665955.8500000001
665934.1384999999
665926.2889999999
665918.5225
665892.9045000002
665876.9810000001
665854.6740000001
665851.8785000001
665847.3435
665834.9275000002
665816.9709999999
665796.5690000001
665777.2710000002
665738.8095
665727.5019999999
665723.9045000002
665715.6299999999
665705.7675000001
665689.6030000001
665678.3684999999
665672.423
665666.1269999999
665662.1825000001
665658.3835
665655.54
665654.6529999999
665654.5120000001
665655.1460000002
665656.4964999999
665661.3650000002
665667.7075
665672.4130000002
665678.4360000002
665673.7289999998
665667.8739999998
665651.6354999999
665634.2335000001
665602.4929999998
665580.1455000001
665576.2374999998
665538.9649999999
665473.71
665462.5754999998
665370.977
665308.5674999999
665185.6499999999
665171.4215000002
665125.0205000001
665065.9470000002
665056.5260000001
665026.2519999999
665019.1170000001
664990.7579999999
664982.2115000002
664960.75
664905.8105000001
664862.4114999999
664814.6154999998
664729.7664999999
664700.7494999999
664706.1145000001
664715.631
664721.4865000001
664750.0455
664778.588
664791.6085000001
664793.1540000001
664795.1340000001
664848.355
664857.5795
664870.4139999999
664890.2115000002
664898.6614999999
664905.3590000002
664950.6910000001
664944.0040000002
664972.2880000002
664991.858
665047.9215000002
665107.048
665143.1505
665159.0014999998
665199.1545000002
665239.4474999998
665240.9530000002
665266.7004999998
665305.3509999998
665319.0665000002
665361.0754999998
665385.7420000001
665411.3914999999
665423.7395000001
665437.0395
665454.7034999998
665457.0980000002
665473.8905000002
665493.4959999998
665502.4589999998
665516.7985
665535.2990000001
665558.8429999999
665581.8495
665594.2154999999
665596.9985000002
665605.1529999999
665620.949
665650.7549999999
665661.9550000001
665682.1685000001
665709.0504999999
665719.52
665736.7124999999
665754.6524999999
665762.7634999999
665784.6630000002
665802.3705000002
665841.145
665852.3135000002
665884.0720000002
665925.2015
665957.7735000001
665968.1510000001
665988.3185
666001.2655000002
666051.1030000001
666127.7154999999
666164.8525
666218.1044999999
666250.5134999999
666291.5065000001
666324.4084999999
666291.9284999999
666236.8089999999
666215.1105
666198.5159999998
666168.0189999999
666053.1510000001
666035.0619999999
666035.0890000002
666035.1140000001
666035.298
665628.3895
665962.699
666038.898
666470.8975
666634.3805
666389.9785000002
666388.1290000002
666384.5125000002
666373.2990000001
666301.824
666277.5350000001
666253.5189999999
666251.46
666248.963
666246.8155
666237.4465000001
666236.2059999998
666230.9134999998
666227.6009999998
666224.7935000001
666221.7179999999
666215.0924999998
666211.6630000002
666207.9454999999
666205.0395
666203.0844999999
666199.2955
666196.0419999999
666173.8280000002
666154.9394999999
666146.3914999999
666143.4870000002
666137.4989999998
666128.2209999999
666125.7355
666123.3530000001
666121.0959999999
666108.5584999998
666099.6099999999
666088.8050000002
666084.2510000002
666076.8309999998
666068.3250000002
666086.4190000002
666079.3815000001
666070.8325
666068.0189999999
666066.7264999999
666064.554
666060.5789999999
666056.3424999998
666045.0189999999
666042.4550000001
666038.6485000001
666035.0724999998
666033.1379999998
666020.551
666015.2395000001
666003.9725000001
665995.02
665984.6175000002
665971.7195000001
665958.5299999998
665945.7655000002
665942.4644999998
665940.9525000001
665939.1105
665894.2425000002
665872.6099999999
665831.4640000002
665818.6634999998
665809.6235000002
665761.6669999999
665745.2489999998
665707.5260000001
665674.4885
665654.3234999999
665641.2124999999
665614.2974999999
665597.7599999998
665584.7239999999
665558.1170000001
665547.7694999999
665536.5145
665534.2570000002
665518.6200000001
665502.3849999998
665488.0899999999
665469.571
665458.7085000002
665432.2925
665406.6655000001
665396.815
665385.7220000001
665362.5109999999
665344.5754999998
665326.5425
665277.9895000001
665251.8629999999
665237.8629999999
665233.4605
665200.523
665168.7905000001
665131.7719999999
665107.4065
665066.8509999998
665043.5720000002
665012.1264999998
664992.2220000001
664953.8374999999
664924.9994999999
664889.2880000002
664863.4339999999
664845.8020000001
664821.2609999999
664789.0855
664784.1664999998
664700.8394999998
664692.4904999998
664682.6425000001
664664.6324999998
664651.3845000002
664628.585
664614.2540000002
664613.0515000001
664606.375
664599.6614999999
664593.0474999999
664586.6425000001
664532.6225
664504.6260000002
664471.6014999999
664431.7930000001
664428.1869999999
664381.247
664358.6090000002
664350.0065000001
664341.1770000001
664332.2570000002
664323.2735000001
664314.3084999998
664305.4449999998
664301.9304999998
664261.1434999998
664256.3665
664251.9810000001
664246.6175000002
664227.0219999999
664198.2409999999
664161.094
664159.3659999999
664151.4024999999
664143.889
664137.5980000002
664131.7289999998
664127.6409999998
664120.1510000001
664118.3335000002
664087.8229999999
664058.7634999999
664010.764
664000.9145
663991.1074999999
663974.4789999998
663934.1055000001
663911.4440000001
663880.1235000002
663805.977
663721.1085000001
663677.27
663646.2475
663605.7919999999
663513.7790000001
663473.8054999998
663446.5025
663216.1154999998
663156.2344999998
663094.8054999998
663079.7480000001
663035.6209999998
663008.2834999999
662939.5085
662903.0565
662852.8245000001
662838.807
662821.9240000001
662797.6919999998
662776.8029999998
662684.4964999999
662666.1545000002
662641.844
662617.7985
662618.6765000001
662612.7415
662612.9955000002
662620.8075000001
662594.6460000002
662578.7829999998
662574.3365000002
662568.4994999999
662557.8165000002
662540.392
662512.2400000002
662479.7684999998
662455.193
662430.0120000001
662221.5274999999
662185.7315000002
662168.1315000001
662055.4339999999
662039.1025
662003.827
661987.696
661960.1239999998
661922.4780000001
661915.3130000001
661909.2459999998
661896.3480000002
661878.7059999998
661852.3080000002
661835.7995000002
661812.0395
661801.4139999999
661772.264
661599.2969999998
661589.2450000001
661567.0795
661508.7884999998
661492.6239999998
661436.8280000002
661408.381
661364.2985
661321.898
661290.8755000001
661264.79
661233.0644999999
661124.5070000002
661066.3539999998
661042.9555000002
661033.1000000001
661021.5490000001
661012.0929999999
660967.6510000001
660900.7779999999
660884.3429999999
660787.9920000001
660751.5240000002
660659.9890000001
660636.7045
660487.4665000001
660397.7755
660390.4295000001
660381.9844999998
660349.5134999999
660304.6779999998
660282.9794999999
660264.2675000001
660207.4725000001
660132.8505000002
660057.5159999998
660043.9785000002
660010.1519999998
659982.0504999999
659933.2215
659923.7119999998
659909.7779999999
659901.8165000002
659869.7974999999
659846.0580000002
659825.5070000002
659796.8445000001
659763.9900000002
659687.0980000002
659631.8785000001
659610.7324999999
659598.9709999999
659571.5440000002
659536.5019999999
659522.6954999999
659503.1595000001
659495.0025
659490.3365000002
659479.3475000001
659458.3560000001
659436.2815
659423.2420000001
659382.9054999999
659344.9079999998
659344.8635
659337.6685000001
659323.5040000002
659315.7215
659320.844
659319.6770000001
659311.5950000002
659306.7855000002
659303.8025000002
659305.0474999999
659322.6740000001
659343.9284999999
659373.2055000002
659387.006
659392.4539999999
659425.0565
659451.4679999999
659469.949
659491.9235
659505.2864999999
659510.7429999998
659515.6320000002
659521.872
659525.7755
659526.8684999999
659526.1469999999
659527.9619999998
659537.2230000002
659541.0150000001
659543.1800000002
659549.9764999999
659552.6150000002
659564.2259999998
659568.9465000001
659572.4235
659579.0274999999
659585.3615000001
659590.6305
659601.5729999999
659602.7349999999
659620.855
659631.358
659653.185
659658.1000000001
659660.372
659669.2555
659680.6845
659691.3355
659705.1165
659708.8624999998
659707.9975
659711.3585000001
659720.8174999999
659731.983
659739.7009999999
659751.7434999999
659764.21
659779.3739999998
659803.1239999998
659806.6710000001
659805.6984999999
659803.6905
659801.5490000001
659809.2395000001
659819.3080000002
659828.8089999999
659841.6035000002
659869.1935
659874.0410000002
659897.2634999999
659937.0180000002
659948.79
659950.4419999998
659956.8760000002
659965.3500000001
659974.5460000001
659986.8110000002
659989.173
659994.0
660011.176
660023.2925
660028.9240000001
660043.1524999999
660045.5225
660047.8075000001
660048.6609999998
660048.4054999999
660048.9254999999
660049.1494999998
660049.2315000002
660277.8020000001
660477.4874999998
660614.2965000002
660783.9764999999
660860.3330000001
660907.1540000001
660924.3709999998
660971.4449999998
661022.2955
661060.5935
661122.1570000001
661266.3645000001
661599.7804999999
661594.0660000001
661748.1924999999
661977.8914999999
662015.733
662066.9279999998
662078.7390000001
662115.6839999999
662169.4925000002
662356.0444999998
662477.0835000002
662640.2779999999
662676.5274999999
662790.554
662889.7464999999
662991.4865000001
663072.8130000001
663229.9615000002
663338.3744999999
663465.0099999998
663522.523
663840.5044999998
663916.5219999999
663940.3394999998
663967.6009999998
663992.1444999999
664036.5214999998
664074.4819999998
664098.0364999999
664252.3420000002
664281.0945000001
664312.1320000002
664349.8500000001
664398.1715000002
664447.4415000002
664498.2305000001
664566.8390000002
664671.1239999998
664696.5899999999
664751.8480000002
664797.3495
664828.2864999999
664853.4585000002
664891.2195000001
664946.1770000001
664995.1869999999
665058.3939999999
665043.5049999999
665062.1170000001
665087.9389999998
665107.824
665106.7390000001
665117.5970000001
665127.7785
665137.8730000001
665150.6324999998
665169.8675000002
665179.2535000001
665186.2259999998
665192.6009999998
665206.8865
665219.3934999998
665230.5945000001
665245.2914999998
665257.9410000001
665283.0384999998
665299.2549999999
665318.7960000001
665354.2009999999
665370.1830000002
665379.852
665392.506
665405.7370000002
665424.6179999998
665435.6464999998
665443.5184999998
665455.0545000001
665464.3495
665487.8709999998
665512.2785
665523.7055000002
665548.0355000002
665552.7815
665557.0745000001
665665.9785000002
665690.0825
665757.3964999998
665800.4270000001
665819.4569999999
665843.4644999998
665870.7275
665905.5214999998
665914.3590000002
665951.7735000001
665968.693
666001.2140000002
666046.7165000001
666078.0145
666101.7075
666130.9840000002
666185.744
666214.4240000001
666243.2289999998
666284.3794999998
666297.5315
666303.1329999999
666319.0885000001
666325.0890000002
666334.6770000001
666345.9265000001
666357.9794999999
666379.1754999999
666384.5290000001
666396.4175
666397.7629999998
666398.3670000001
666398.321
666398.1540000001
666399.0814999999
666429.1529999999
666440.77
666470.0290000001
666470.3369999998
666469.3119999999
666813.8505000002
667297.554
667301.574
667366.0759999999
667504.068
667593.3785000001
667709.0704999999
667902.4245000002
668010.9219999998
668116.747
668206.9410000001
669000.9555000002
669272.7544999998
669319.5639999998
669849.7170000002
670515.8335000002
670746.1510000001
672207.5129999998
671946.5315
671946.9474999998
671946.3075000001
671911.639
671867.7195000001
671798.9994999999
671810.2969999998
671904.7919999999
671940.1135
671949.4160000002
671956.6085000001
671973.4364999998
671981.517
672008.4534999998
672022.6439999999
672060.9879999999
672073.2485000002
672096.3399999999
672144.7170000002
672199.6159999999
672226.6329999999
672252.7390000001
672269.7655000002
672291.1365
672385.4980000001
672407.6425000001
672437.1205000002
672463.2579999999
672497.2459999998
672558.3760000002
672593.8335000002
672616.1255000001
672642.4750000001
672660.1074999999
672680.7344999998
672687.3585000001
672698.5584999998
672721.2880000002
672730.4644999998
672746.2599999998
672765.5194999999
672775.2634999999
672792.0040000002
672821.1225
672838.0380000002
672844.6860000002
672856.4644999998
672858.1745000002
672861.8160000001
672868.1600000001
672883.2220000001
672888.699
672907.074
672923.0894999998
672961.4065
672967.4180000001
672976.861
672991.7664999999
673005.7124999999
673013.2094999999
673043.9759999998
673057.7149999999
673114.9775
673119.5545000001
673127.6945000002
673138.8764999998
673149.0844999999
673169.4994999999
673179.1085000001
673201.9125000001
673207.7434999999
673211.713
673242.338
673248.8535000002
673270.6880000001
673280.8465
673289.997
673315.852
673350.6954999999
673358.9504999998
673372.452
673381.034
673391.179
673395.2919999999
673405.2174999998
673417.0285
673435.8624999998
673456.2000000002
673524.2965000002
673542.523
673555.4695000001
673568.4155000001
673573.6765000001
673583.5099999998
673594.0874999999
673600.6710000001
673606.29
673626.1754999999
673655.5835000002
673669.2089999998
673676.2385
673681.318
673693.1255000001
673699.5789999999
673701.0129999998
673705.5090000001
673708.7629999998
673710.4180000001
673712.7625000002
673714.1965000001
673715.3824999998
673718.1954999999
673720.9534999998
673722.25
673729.0619999999
673738.6600000001
673742.8525
673765.4975
673782.1584999999
673795.9835000001
673803.6115000001
673816.5635000002
673819.7740000002
673836.4300000002
673847.0619999999
673852.0745000001
673861.0265000002
673881.5525000002
673889.6320000002
673900.7220000001
673918.878
673930.5959999999
673968.355
673983.8415000001
673986.9054999999
673996.4019999998
674007.2280000001
674038.2234999998
674048.5384999998
674076.165
674094.2925
674106.5704999999
674123.5945000001
674139.2625000002
674166.0924999998
674206.7215
674213.5079999999
674219.173
674231.1039999998
674255.3525
674286.4035
674307.4589999998
674406.4720000001
674441.6475
674532.6239999998
674569.4920000001
674616.3119999999
674650.145
674741.0260000001
674774.2719999999
674817.219
674823.9424999999
674847.236
674874.69
674916.9024999999
674947.8955000001
674983.8234999999
674995.8650000002
675033.693
675097.517
675125.057
675169.3250000002
675205.1260000002
675203.284
675180.5920000002
675150.8635
675154.0430000001
675166.1664999998
675168.0134999999
675166.9759999998
675162.2875000001
675163.9160000002
675166.0159999998
675150.4394999999
675231.48
675627.1625000001
675707.1105
676036.1645
676603.1545000002
677074.6630000002
677159.9934999999
677386.733
677597.2884999998
677713.9275000002
677778.6669999999
677910.1065000002
678161.6860000002
678301.9920000001
678472.935
678459.6179999998
678451.19
678344.9415000002
678295.8089999999
678284.6705
678250.81
678221.9865000001
678165.781
678110.7744999998
678370.7604999999
678497.8514999999
678690.7769999998
678777.7829999998
679032.2749999999
679115.7855000002
679253.4685
679437.4145
679692.9194999998
679704.9709999999
679721.9164999998
679954.1675
680165.7705000001
680490.8934999998
680750.7574999998
680821.3659999999
681092.2395000001
681102.1225
681135.7319999998
681754.2050000001
681763.5150000001
681775.7174999998
682018.5244999998
682225.6945000002
682369.0345000001
682760.7135000001
683375.5205000001
683685.6974999998
684165.196
684615.6804999998
685060.7974999999
685384.5315
685495.7880000002
685581.3435
685820.787
685897.0205000001
685941.0205000001
686395.2744999998
686395.494
686395.5504999999
686395.5789999999
686395.665
686416.2744999998
686420.1584999999
686421.0359999998
686425.1329999999
686429.8309999998
686436.2135000001
686441.2615
686443.7765000002
686445.662
686449.0120000001
686448.412
686439.7930000001
686431.7310000001
686432.2209999999
686420.6340000001
686415.159
686415.9755000002
686418.5255
686418.3319999999
686409.1444999999
686401.5159999998
686394.5469999998
686390.3555000001
686389.9139999999
686388.3665
686385.8190000001
686382.8495
686379.426
686374.844
686372.923
686371.3755000001
686367.9635000001
686360.7965000002
686356.682
686354.1549999998
686348.5225
686345.5699999998
686340.1609999998
686338.2000000002
686333.9500000002
686331.3335000002
686325.662
686324.4670000002
686323.3530000001
686317.0095000002
686310.9585000002
686302.8985000001
686298.8794999998
686296.1230000001
686293.5499999998
686284.8969999999
686285.2919999999
686275.9235
686264.983
686250.0554999998
686221.7034999998
686215.5184999998
686210.1719999998
686207.0240000002
686203.6669999999
686197.2574999998
686196.8569999998
686193.7480000001
686186.8514999999
686176.4385000002
686171.4920000001
686166.9245000002
686164.7505000001
686158.6065000002
686153.5984999998
686148.6935
686143.6324999998
686135.3744999999
686128.7064999999
686120.1645
686109.6834999998
686105.8539999998
686100.5414999998
686096.5765
686092.037
686088.216
686080.9279999998
686080.1140000001
686077.0554999998
686073.8404999999
686069.3234999999
686065.4410000001
686062.892
686062.4015000002
686062.9345
686062.3155
686054.4380000001
686040.6545000002
686032.3514999999
686018.4394999999
686014.6039999998
686011.9835000001
686010.3110000002
686007.1860000002
685998.9155000001
685986.8365000002
685981.75
685981.5040000002
685981.2305000001
685979.0444999998
685971.3335000002
685969.3969999999
685924.54
685891.6170000001
685862.0455
685777.6995000001
685590.0715000001
685496.3365000002
685509.7004999998
685528.196
685564.7404999998
685554.3325
685540.2355
685506.9805000001
685499.9649999999
685477.5260000001
685463.2315000002
685448.8870000001
685430.7659999998
685411.5090000001
685389.7455000002
685357.7570000002
685323.2480000001
685291.5695000002
685274.8174999999
685249.071
685226.0745000001
685198.9190000002
685151.4155000001
685111.2875000001
685071.3934999998
685023.9780000001
684987.1815
684960.6839999999
684956.6869999999
684950.4959999998
684962.1815
684966.0989999999
684970.2914999998
684979.44
685028.9844999998
685039.6924999999
685038.6705
685042.8015000001
685056.4479999999
685051.8744999999
685035.4449999998
685022.767
685037.4709999999
685042.9950000001
685042.2790000001
685030.1919999998
685023.977
685032.284
685030.5
685127.6699999999
685137.0890000002
685165.3849999998
685048.4955000002
685092.196
685119.6815
685149.2829999998
685129.4815000002
685088.1735
685079.8739999998
685098.1860000002
685103.2820000001
685097.1885000002
685098.1754999999
685095.9870000002
685084.4835000001
685088.6855000001
685081.69
685076.8799999999
685059.0894999998
685042.0800000001
685049.986
685043.1885000002
685046.0935
685065.4750000001
685131.0189999999
685227.5695000002
685240.4870000002
685251.1885000002
685277.7785
685288.6910000001
685289.8879999998
685263.2884999998
685244.1834999998
685211.4964999999
685192.0729999999
685170.8829999999
685160.392
685136.5945000001
685113.7799999998
685092.4865000001
685067.2949999999
685049.8840000001
685045.4840000002
685051.2944999998
684995.7880000002
684954.1740000001
684790.0775000001
684606.6965000001
684536.4885
684426.281
684191.6935
684138.994
684130.889
684170.1945000002
684197.088
684237.9725000001
684277.5904999999
684327.6710000001
684411.5194999999
684450.1664999998
684431.8884999999
684435.0869999998
684426.8884999999
684393.5669999998
684393.9640000002
684387.7689999999
684397.4805000001
684436.8605
684420.4775
684395.8829999999
684385.185
684369.3594999998
684358.8684999999
684354.784
684344.56
684336.2634999999
684318.0610000002
684301.8755000001
684295.3675000002
684270.0685
684219.659
684205.3744999999
684186.7625000002
684182.2609999999
684166.7795000002
684184.8084999998
684185.2804999999
684148.2144999998
684123.7855000002
684093.4959999998
684077.6919999998
684045.659
684039.0995
684017.9835000001
683986.8330000001
683961.0965
683896.1745000002
683844.415
683776.1535
683757.9270000001
683664.5525000002
683631.2135000001
683572.7694999999
683536.8840000001
683487.6875
683457.7315000002
683425.5954999998
683335.5754999998
683310.3884999999
683252.1779999998
683216.0345000001
683196.5150000001
683168.44
683133.3985000001
683100.2259999998
683077.628
683058.9725000001
683039.5504999999
683017.9364999998
682994.9275000002
682947.8454999998
682907.8905000002
682852.3445000001
682832.4309999999
682776.881
682739.5375000001
682725.1375000002
682700.4270000001
682661.6150000002
682638.4175
682581.9619999998
682558.7565000001
682534.5375000001
682494.6669999999
682441.8369999998
682409.7280000001
682348.6545000002
682332.2089999998
682325.0219999999
682324.2859999998
682305.3805
682289.0554999998
682277.2209999999
682219.0285
682166.3735000002
682144.7949999999
682116.7675000001
682064.048
682046.1490000002
682039.8059999999
682029.7374999998
682025.0299999998
682031.2344999998
682012.7494999999
681988.9410000001
681954.1834999998
681933.7250000001
681908.6804999998
681810.7494999999
681789.2209999999
681757.3875000002
681676.8875000002
681649.1014999999
681589.2025000001
681558.3089999999
681533.6855000001
681428.6864999998
681390.8475000001
681369.5485
681322.625
681296.446
681217.983
681193.8015000001
681141.398
681091.4339999999
681062.5860000001
681031.3815000001
681001.2204999998
680982.7230000002
680966.5765
680950.1699999999
680945.9304999998
680921.3335000002
680878.3445000001
680829.838
680700.3489999999
680673.2850000001
680644.9589999998
680608.3105000001
680578.8185
680538.6074999999
680531.3930000002
680523.352
680491.9309999999
680465.8735000002
680419.878
680391.5920000002
680376.7905000001
680356.196
680266.4730000002
680251.7795000002
680232.4040000001
680163.4389999998
680159.7124999999
680116.7475
680083.355
680061.5805000002
680014.5784999998
679914.0860000001
679891.0104999999
679850.5214999998
679785.2355
679702.94
679680.0520000001
679669.1855000001
679665.6439999999
679655.6855000001
679652.7574999998
679644.1400000001
679644.7549999999
679630.142
679608.3445000001
679593.2995000002
679567.5249999999
679518.9405
679492.0984999998
679482.2779999999
679445.3605
679445.2914999998
679444.0565
679451.0830000001
679432.1150000002
679419.858
679381.6379999998
679338.3730000001
679314.7144999998
679289.5924999998
679262.9389999998
679211.3875000002
679180.5619999999
679144.699
679139.2620000001
679125.0835000002
679091.7245
679069.8714999999
679023.3670000001
678976.5904999999
678952.2919999999
678937.8475000001
678933.0325000002
678917.4054999999
678903.6889999998
678886.298
678845.0395
678831.6595000001
678743.8590000002
678673.0159999998
678629.5575000001
678578.5904999999
678537.2859999998
678491.3865
678452.2085000002
678429.841
678408.0655
678400.656
678385.338
678367.3119999999
678348.1839999999
678317.0240000002
678274.6595000001
678229.1970000002
678197.2285000002
678142.8805
678106.7629999998
678070.9704999998
677970.5720000002
677975.9755000002
677955.6694999998
677929.0495000002
677888.193
677868.1749999998
677851.9254999999
677824.784
677813.1014999999
677813.3700000001
677805.7544999998
677772.0159999998
677751.2149999999
677730.6710000001
677720.5320000001
677697.0839999998
677707.5890000002
677726.6179999998
677765.4874999998
677788.321
677840.6384999999
677903.4254999999
677926.2990000001
677990.9530000002
678018.014
678042.9649999999
678096.6320000002
678147.4380000001
678213.5274999999
678240.19
678261.6869999999
678284.0520000001
678352.4874999998
678383.3404999999
678411.8675000002
678431.3234999999
678465.3365000002
678474.0285
678487.0525000002
678527.2425000002
678554.3794999998
678565.3420000002
678600.8454999998
678616.1505
678624.2085000002
678631.8144999999
678672.1834999998
678710.1505
678726.108
678726.2544999998
678743.2425000002
678780.7725
678801.0389999999
678867.6230000001
678905.5525000002
678863.594
678848.8645000001
678845.5630000001
678849.6179999998
678857.8824999998
678821.9134999998
678825.4024999999
678886.9789999998
678907.3385000001
678938.2324999999
678945.0589999999
678950.6625000001
678969.8059999999
679009.2795000002
679043.2000000002
679112.4465000001
679101.5734999999
679095.8870000001
679100.6869999999
679114.9759999998
679111.4100000001
679117.8594999998
679118.7475
679125.6290000002
679139.071
679305.2425000002
679219.5695000002
679194.5855
679176.2004999998
679151.7625000002
679133.6140000001
679122.6490000002
679099.6945000002
679078.7514999998
679061.4495000001
679028.6699999999
679002.767
678982.9024999999
678967.0035000001
678913.1444999999
678906.4180000001
678883.2905000001
678880.4284999999
678874.0010000002
678858.1735
678828.1830000002
678819.9199999999
678780.4530000002
678767.7645
678759.0529999998
678459.3565000002
678414.8895
678407.4569999999
678406.0134999999
678399.3114999998
678399.3195000002
678409.8075000001
678408.202
678410.858
678421.9805000001
678435.5580000002
678444.2519999999
678457.6235000002
678507.977
678537.9915
678563.4640000002
678577.5430000001
678611.3624999998
678633.645
678645.0839999998
678640.2480000001
678640.077
678647.4559999998
678680.9734999998
678711.0704999999
678735.4504999998
678736.9394999999
678730.3390000002
678719.1209999998
678699.9139999999
678681.2880000002
678674.696
678670.25
678661.8994999998
678655.5550000002
678644.3509999998
678598.9415000002
678583.6625000001
678580.5240000002
678573.9879999999
678579.1735
678580.0904999999
678570.0945000001
678573.7565000001
678567.4424999999
678574.2574999998
678578.46
678583.9530000002
678589.7829999998
678557.4619999998
678546.807
678533.5129999998
678526.2944999998
678521.756
678496.5430000001
678484.014
678501.3004999999
678533.9295000001
678542.2294999999
678574.8390000002
678582.3095
678565.1705
678577.1230000001
678667.1600000001
678706.4309999999
678717.7294999999
678721.4065
678721.8325
678717.4185000001
678702.4649999999
678716.5504999999
678651.6275
678597.9040000001
678546.6349999998
678523.4964999999
678484.1745000002
678453.7889999999
678397.0444999998
678379.8339999998
678348.1724999999
678338.2625000002
678280.8314999999
678257.7319999998
678203.716
678196.1634999998
678187.6505
678126.5614999998
678044.5005000001
678023.2689999999
678004.3859999999
677993.1129999999
677965.7220000001
677953.5894999998
677930.2220000001
677903.6094999998
677878.3289999999
677852.7694999999
677819.56
677698.2000000002
677553.4410000001
677445.8470000001
677319.4380000001
677294.7425000002
677266.5414999998
677218.392
677118.3539999998
677039.2790000001
676990.8985000001
676974.3169999998
676900.4300000002
676860.6320000002
676801.497
676762.983
676735.7919999999
676656.9679999999
676623.6384999999
676549.483
676478.4950000001
676443.5545000001
676394.4550000001
676336.2379999999
676299.2880000002
676241.4364999998
676156.1860000002
676116.0639999998
676099.4789999998
676047.8700000001
676018.5899999999
675985.1129999999
675932.0920000002
675840.8454999998
675825.9470000002
675800.4580000001
675776.0685
675698.3675000002
675682.4844999998
675656.6105
675643.3560000001
675608.318
675426.8314999999
675397.73
675346.1965000001
675257.3429999999
675236.8050000002
675130.0490000001
675104.7965000002
675074.2165000001
675038.1469999999
675013.9515
674987.8615000001
674937.5249999999
674906.6154999998
674857.7914999998
674847.9539999999
674804.3760000002
674780.5655
674762.0665000002
674745.1335
674743.3309999998
674752.7579999999
674754.6784999999
674778.0435000001
674800.9530000002
674818.4224999999
674870.6030000001
674857.3535000002
674829.872
674824.0830000001
674806.5384999998
674810.7464999999
674774.6235000002
674780.7000000002
674784.9449999998
674767.935
674754.074
674748.2785
674709.7420000001
674728.506
674721.9780000001
674732.4205
674737.1614999999
674688.5010000002
674671.9580000001
674642.5929999999
674632.4405
674639.9615000002
674588.841
674498.7645
