528947.8620000002
528823.5449999999
528750.81
528627.7355
528548.0099999998
528497.821
528346.8530000001
528217.2385
528155.8730000001
528130.3155
528074.5525000002
528055.8495
527985.0090000001
527904.7694999999
527786.0699999998
527738.8539999998
527693.2585
527640.4824999999
527399.6159999999
527043.5285
526812.0959999999
526511.7025000001
526175.5665000002
525856.506
525833.2944999998
525807.3829999999
525803.6354999999
525772.2965000002
525568.0844999999
525366.4594999999
525402.4745
525465.8960000002
525514.102
525540.7884999998
525586.3435
525614.5765
525624.0695000002
525638.1770000001
525653.1115000001
525692.0044999998
525705.9130000002
525731.0795
525732.395
525747.4815000002
525770.2094999999
525747.6294999998
525711.6549999998
525548.4024999999
525447.8374999999
525274.5874999999
525010.3895
524816.4915
524816.0610000002
524751.1460000002
524595.6860000002
524592.1365
524582.483
524517.088
524185.2415
524184.91949999984
524054.73050000006
523999.06449999986
523870.6409999998
523625.01450000005
523543.16500000004
523457.2570000002
523391.76399999997
523454.0800000001
523487.0929999999
523535.27600000007
523553.9160000002
523577.70550000016
523602.71900000004
523631.46549999993
523678.2415
523694.2790000001
523726.1379999998
523783.5695000002
523793.5465000002
523835.13450000016
523857.77749999985
523879.98100000015
523930.6505
523949.9509999999
523985.9054999999
524031.5384999998
524096.3735000002
524124.8089999999
524279.8034999999
524288.9205
524298.7025000001
524451.6060000001
524559.8360000001
524695.0915000001
524810.1055000001
524857.7675000001
524986.6529999999
524993.1030000001
525011.2004999998
525132.2895
525222.4470000002
525322.4789999998
525366.9035
525433.2075
525518.1869999999
525606.0040000002
525669.5935
525776.2585
525795.8785000001
525820.7905000001
525896.8905000002
525930.0935
525954.1639999999
525984.44
525989.6935
526053.0235000001
526089.7305000001
526123.3165000002
526225.5134999999
526225.71
526337.017
526404.2689999999
526449.608
526477.2905000001
526594.1919999998
526684.7930000001
526721.9649999999
526722.0759999999
526811.5869999998
526868.139
526943.7864999999
526990.1225
527029.1400000001
527084.3314999999
527137.7875000001
527335.1005000002
527484.2085000002
527673.4835000001
527712.9100000001
527722.3999999999
527752.2039999999
527785.7255000002
527814.8939999999
527881.9185000001
527950.8654999998
527966.8059999999
527986.7944999998
528051.8089999999
528083.8029999998
528097.2684999998
528097.6290000002
528135.8050000002
528191.9870000002
528219.5109999999
528267.4270000001
528293.5345000001
528310.5989999999
528594.7025000001
528932.6924999999
528990.4945
529048.2955
529061.8624999998
529141.3075000001
529167.6184999999
529193.9029999999
529239.7064999999
529357.2965000002
529535.409
529621.3259999999
529629.7215
529657.6894999999
529667.2845000001
529672.0685
529695.2009999999
529724.5389999999
529757.7779999999
529815.534
529870.6705
529892.1074999999
529899.0885000001
529916.2115000002
529936.594
529950.2004999998
530011.5950000002
530078.7170000002
530085.2710000002
530106.696
530205.304
530281.8785000001
530397.5639999998
530457.1000000001
530587.7025000001
530596.6609999998
530619.2919999999
530709.7059999998
531095.713
531218.9100000001
531276.111
531306.8909999998
531397.5950000002
531414.9070000001
531430.7285000002
531457.8594999998
531520.4780000001
531750.2094999999
532364.6009999998
532410.8114999998
532439.659
532451.2475
532617.0835000002
532617.111
532617.4410000001
532767.96
532827.6605000002
532908.196
532960.3314999999
532999.2680000002
533053.3815000001
533125.0109999999
533226.5865000002
533290.9075000002
533339.8119999999
533421.5890000002
533473.7390000001
533594.088
533608.8484999998
533616.0780000002
533625.2225000001
533636.8114999998
533665.3029999998
533670.423
533805.5950000002
533838.2519999999
534000.4100000001
534016.0380000002
534057.1924999999
534156.3020000001
534246.2030000002
534369.3004999999
534376.1935
534525.5125000002
534603.8930000002
534788.196
534967.111
535076.2919999999
535168.25
535168.3050000002
535177.5315
535365.8914999999
535414.6800000002
535456.0235000001
535553.3075000001
535553.3624999998
535553.3900000001
535553.4449999998
535554.7420000001
535580.4045000002
535614.1375000002
535621.27
535625.0984999998
535663.3870000001
535684.0
535768.0989999999
535919.202
536205.2085000002
536207.202
536229.0665000002
536283.1660000002
536299.7955
536323.2910000002
536378.0055
536394.8849999998
536396.1690000002
536419.6135
536467.264
536477.8144999999
536498.4555000002
536503.091
536510.0855
536519.8280000002
536530.7620000001
536533.6099999999
536556.8029999998
536566.895
536599.1685000001
536640.1600000001
536754.7769999998
536847.4134999998
536965.9865000001
537002.0065000001
537183.5490000001
537263.2549999999
537574.915
537596.3875000002
537644.3224999998
537662.077
537710.8884999999
537762.4394999999
537780.3029999998
537790.2059999998
537831.5890000002
537918.1005000002
537948.9580000001
537988.2609999999
538140.5079999999
538310.3029999998
538346.2525
538389.375
538516.0784999998
538602.2880000002
538728.6135
538769.2170000002
538778.2625000002
539038.7965000002
539290.0619999999
539597.1090000002
539730.358
539818.0605000001
539912.6460000002
540195.3895
540245.2919999999
540276.2675000001
540276.3229999999
540320.8275000001
540394.6694999998
540394.7525
540415.196
540415.861
540416.6740000001
540416.8764999998
540423.8555000001
540425.1030000001
540431.1200000001
540431.398
540434.9874999998
540438.1775000002
540438.1775000002
540438.1779999998
540440.3884999999
540475.8714999999
540480.9054999999
540488.4019999998
540506.0945000001
540519.0049999999
540528.8084999998
540538.2115000002
540542.7744999998
540548.8125
540554.7955
540573.7030000002
540578.9775
540589.611
540592.7110000001
540596.2864999999
540599.7115000002
540602.4130000002
540604.0605000001
540605.7080000001
540618.0950000002
540619.0364999999
540620.4500000002
540632.6115000001
540635.4029999999
540638.7820000001
540640.2774999999
540647.8045000001
540652.0685
540667.9890000001
540682.0904999999
540687.6085000001
540691.4440000001
540694.3139999998
540712.8744999999
540723.3815000001
540726.642
540728.5665000002
540736.1639999999
540742.9674999998
540742.9950000001
540747.111
540750.0115
540760.3854999999
540763.0775000001
540766.4015000002
540785.372
540797.1664999998
540803.9955000002
540825.81
540849.3105000001
540853.2319999998
540855.5240000002
540866.0575000001
540884.5970000001
540887.4049999998
540893.3725
540968.219
540994.4095000001
541109.6905
541171.1970000002
541175.1845
541189.8709999998
541204.3700000001
541213.1085000001
541230.2625000002
541239.8845000002
541288.5315
541296.4515
541331.0935
541406.7974999999
541492.8065
541492.8344999999
541500.3435
541533.8999999999
541615.2080000001
541638.0975000001
541668.0065000001
541675.04
541688.5855
541700.503
541712.3939999999
541742.8999999999
541766.352
541771.2459999998
541775.4509999999
541787.4895000001
541793.5720000002
541800.4534999998
541820.5134999999
541836.006
541841.5194999999
541852.8509999998
541924.6255000001
541932.7940000002
541946.3369999998
541991.0410000002
542003.6924999999
542014.4764999999
542038.341
542038.5065000001
542075.088
542104.8089999999
542128.679
542206.6510000001
542207.8870000001
542207.9145
542296.6549999998
542393.6584999999
542447.565
542488.6875
542517.7960000001
542529.1995000001
542552.0065000001
542566.0970000001
542587.5894999998
542610.9720000001
542615.5584999998
542644.9989999998
542664.5074999998
542677.1090000002
542698.3565000002
542709.9015000002
542767.4635000001
542777.9070000001
542787.0899999999
542799.9504999998
542806.463
542926.9789999998
543025.9005
543091.4955000002
543142.0079999999
543163.2119999998
543164.7195000001
543166.227
543430.256
543433.8394999998
543439.3110000002
543452.3960000002
543463.497
543495.7880000002
543502.8790000002
543517.0894999998
543540.3065
543555.0444999998
543599.2039999999
543654.4065
543727.9419999998
543780.4145
543984.6094999998
544137.4515
544202.6710000001
544217.4100000001
544311.3884999999
544311.608
544311.7450000001
544311.8275000001
544410.0784999998
544541.3080000002
544747.7009999999
544858.0249999999
545051.0525000002
545160.8034999999
545333.2919999999
545334.7510000002
545336.1825000001
545347.0150000001
545367.3905000002
545367.4449999998
545367.4449999998
545366.409
545362.838
545359.5660000001
545356.9700000002
545349.486
545344.2910000002
545339.5065000001
545328.591
545324.6680000001
545318.6195
545310.8879999998
545306.4739999999
545292.0975000001
545287.0
545271.7115000002
545263.057
545254.4300000002
545252.1115000001
545242.8095
545238.5065000001
545234.1765000001
545221.9619999998
545211.9955000002
545204.4270000001
545178.5635000002
545176.551
545164.2025000001
545144.5444999998
545130.861
545119.3645000001
545108.8875000002
545098.7355
545065.4445000002
545055.3470000001
545047.3365000002
545036.7455000002
545031.3390000002
545024.8865
545010.3004999999
545000.5435000001
544991.8790000002
544987.2365000001
544974.5890000002
544966.7115000002
544953.9210000001
544937.9325000001
544926.0134999999
544908.2675000001
544890.6625000001
544876.6825000001
544860.1795000001
544838.6150000002
544830.4205
544804.9375
544789.2755
544777.9654999999
544771.7489999998
544763.5194999999
544750.1195
544749.3280000002
544746.4095000001
544736.8574999999
544734.7239999999
544734.5074999998
544734.2634999999
544727.8934999998
544718.997
544715.7675000001
544715.1830000002
544712.7914999998
544711.2755
544711.9040000001
544706.8560000001
544696.7944999998
544694.5109999999
544692.5095000002
544683.9440000001
544667.2664999999
544653.4849999999
544647.2075
544652.4279999998
544647.2045
544641.4605
544635.2400000002
544620.6069999998
544611.9700000002
544609.2960000001
544612.0904999999
544611.7404999998
544607.9700000002
544605.2365000001
544601.2200000002
544580.2985
544575.4215000002
544574.9100000001
544572.4175
544568.1225
544564.0290000001
544561.4454999999
544550.8799999999
544550.3650000002
544553.7974999999
544553.6954999999
544553.7230000002
544553.7230000002
544556.7735000001
544559.0134999999
544555.7045
544555.4345
544552.8969999999
544545.9169999999
544542.4164999998
544540.0915000001
544527.0920000002
544525.4945
544523.8964999998
544512.2740000002
544506.0639999998
544506.0364999999
544501.7230000002
544480.159
544464.3535000002
544451.2445
544437.8029999998
544435.5430000001
544433.4594999999
544425.3034999999
544410.9780000001
544399.131
544386.8155
544376.1060000001
544360.0074999998
544359.1940000001
544357.7445
544354.5444999998
544350.0894999998
544341.0380000002
544332.369
544327.7450000001
544324.2135000001
544312.5789999999
544310.3744999999
544304.7855000002
544301.4029999999
544296.5364999999
544295.2264999999
544293.162
544290.9725000001
544291.5935
544288.8135000002
544278.4819999998
544278.2655000002
544278.0214999998
544268.1055000001
544265.3399999999
544254.4265000001
544245.2174999998
544238.7760000001
544228.7409999999
544226.6795000001
544224.2259999998
544214.969
544200.6009999998
544187.2220000001
544180.3905000002
544179.4385000002
544176.3259999999
544166.395
544163.5605000001
544162.4054999999
544160.9539999999
544159.6605000002
544155.7769999998
544152.594
544141.5800000001
544140.8105000001
544122.3165000002
544110.5545000001
544087.1069999998
544068.5435000001
544053.27
544026.1069999998
544016.5644999999
544009.6275
544003.8820000002
543914.6135
543846.5005000001
543851.8089999999
543803.1535
543752.6044999999
543701.2064999999
543605.7045
543549.2645
543542.6359999999
543545.2355
543565.6305
543524.4139999999
543524.1974999998
543523.9810000001
543492.3215000001
543494.8679999998
543494.841
543495.199
543483.977
543457.1830000002
543445.5559999999
543441.9909999999
543436.4865000001
543425.0754999998
543426.6664999998
543427.4134999998
543428.1005000002
543426.7940000002
543425.4589999998
543415.0134999999
543409.1060000001
543406.5109999999
543402.051
543393.9685
543386.2914999998
543355.8895
543355.4300000002
543355.4309999999
543332.6880000001
543298.5465000002
543298.3300000001
543298.1135
543247.8330000001
543250.997
543265.4989999998
543279.5614999998
543300.835
543309.6329999999
543316.7990000001
543349.3065
543381.7025000001
543394.3065
543394.3339999998
543394.3615000001
543427.2275
543442.8934999998
543473.2034999998
543488.4134999998
543547.2905000001
543564.5019999999
543584.838
543644.9755000002
543663.2914999998
543682.6910000001
543702.0639999998
543739.4785000002
543771.5554999998
543796.5104999999
543828.0090000001
543835.4249999998
543835.6170000001
543872.4084999999
543902.1099999999
543942.503
543983.8985000001
543991.4855
544017.8735000002
544030.0775000001
544043.5904999999
544045.2379999999
544050.656
544055.2409999999
544057.3900000001
544079.2925
544099.801
544108.2039999999
544116.7725
544121.9084999999
544122.358
544125.3939999999
544125.6800000002
544125.781
544125.8790000002
544125.9929999998
544132.4994999999
544137.1860000002
544143.6754999999
544147.1140000001
544151.4959999998
544167.0109999999
544190.9024999999
544203.5410000002
544210.7395000001
544218.7294999999
544270.5005000001
544281.6940000001
544295.2075
544305.7944999998
544338.9070000001
544340.892
544374.7094999999
544377.2570000002
544383.3620000002
544390.3645000001
544395.8955000001
544399.8135000002
544397.9315
544396.1800000002
544386.3739999998
544386.2124999999
544386.1855000001
544381.8599999999
544329.5935
544319.9550000001
544315.8829999999
544315.2085000002
544314.1839999999
544309.0874999999
544300.8629999999
544299.048
544298.7864999999
544313.5630000001
544321.6170000001
544342.9079999998
544353.8624999998
544359.4355000001
544367.1894999999
544388.7914999998
544408.0490000001
544411.4275000002
544412.702
544425.9670000002
544464.3514999999
544464.8775
544464.9054999999
544477.5929999999
544477.8484999998
544483.4575
544485.0554999998
544486.0860000001
544482.8870000001
544478.6129999999
544463.7999999998
544459.4424999999
544455.8424999998
544441.662
544436.4015000002
544412.79
544408.7209999999
544357.2395000001
544326.0410000002
544308.733
544273.8454999998
544251.7064999999
544213.3895
544210.6425000001
544206.7799999998
544179.716
544177.105
544177.105
544177.0780000002
544171.2544999998
544159.4725000001
544159.4725000001
544140.0255
544121.3420000002
544117.4265000001
544110.9079999998
544100.378
544105.0734999999
544116.3659999999
544138.8990000002
544190.423
544289.7310000001
544305.4750000001
544305.503
544329.2009999999
544352.1069999998
544358.6554999999
544380.5485
544407.1570000001
544457.3845000002
544484.1924999999
544487.3654999998
544510.6915000002
544527.798
544535.9040000001
544542.0765
544546.2664999999
544547.4879999999
544548.6264999998
544551.5975000001
544556.2549999999
544567.9955000002
544574.9885
544583.6945000002
544583.8594999998
544598.3110000002
544600.6235000002
544614.3399999999
544617.7485000002
544620.3119999999
544640.1094999998
544649.6030000001
544659.2889999999
544672.9045000002
544692.5989999999
544704.2875000001
544720.2895
544722.389
544738.906
544739.3215000001
544744.0575000001
544756.8760000002
544777.165
544782.0844999999
544815.3884999999
544819.8925000001
544827.2799999998
544832.628
544841.0359999998
544850.7075
544880.409
544904.8900000001
544912.3865
544918.9254999999
544932.3319999999
544934.4109999998
544956.6549999998
544956.7094999999
544967.105
544972.8675000002
544976.9479999999
544981.6630000002
544989.6099999999
544989.8805
544992.3034999999
544979.1954999999
544975.3065
544965.6400000001
544961.7135000001
544961.6864999998
544961.6864999998
544961.0414999998
544957.2535000001
544961.6090000002
544964.494
544977.2735000001
544992.2889999999
545017.2955
545022.9909999999
545039.5894999998
545060.6974999998
545069.0704999999
545073.7650000001
545104.4785000002
545122.2045
545142.2000000002
545199.3029999998
545205.1974999998
545217.0950000002
545225.1645
545243.5320000001
545258.3034999999
545295.909
545297.5775000001
545302.5159999998
545320.2944999998
545336.392
545371.2034999998
545397.0184999998
545406.798
545420.7965000002
545489.71
545507.5274999999
545513.594
545541.6005000002
545555.4865000001
545590.3119999999
545612.5715000001
545641.2804999999
545655.0525000002
545683.4759999998
545689.9909999999
545694.5155000002
545708.8015000001
545719.3845000002
545721.176
545746.1570000001
545750.094
545750.2250000001
545751.9844999998
545762.0315
545786.4720000001
545792.1609999998
545829.44
545870.1540000001
545883.8799999999
545906.781
545932.744
545942.5995
545971.6965000001
545972.5350000001
546013.2725
546025.682
546035.3645000001
546036.0860000001
546040.5495000002
546068.9564999999
546081.8840000001
546081.9109999998
546104.9134999998
546114.7990000001
546116.9824999999
546123.5044999998
546125.094
546128.9210000001
546157.7285000002
546163.3875000002
546210.4049999998
546247.9079999998
546254.7714999998
546285.0699999998
546295.665
546302.9095000001
546318.1170000001
546345.8835
546452.7850000001
546478.1645
546502.5405000001
546540.3884999999
546564.1434999998
546587.8985000001
546621.085
546655.0584999998
546656.6529999999
546665.0090000001
546703.6655000001
546715.3254999998
546726.469
546752.8095
546776.7914999998
546785.6170000001
546799.9585000002
546836.0044999998
546850.9915
546878.5975000001
546897.588
546932.443
546957.1869999999
546967.6175000002
546979.0915000001
546988.9619999998
546998.7785
547074.5685
547089.3114999998
547098.8560000001
547105.4224999999
547107.4904999998
547115.6724999999
547120.8594999998
547120.8870000001
547120.8870000001
547137.2940000002
547152.0465000002
547180.4780000001
547224.9525000001
547249.0325000002
547265.3884999999
547290.6060000001
547303.7925
547314.1949999998
547321.1915000002
547328.4075000002
547330.3840000001
547331.9734999998
547339.5789999999
547342.5989999999
547349.9874999998
547356.2629999998
547359.4739999999
547376.5805000002
547407.8714999999
547450.881
547457.8684999999
547462.3130000001
547470.7969999998
547472.9895000001
547469.6885000002
547450.4849999999
547450.5125000002
547442.7990000001
547443.2985
547448.8840000001
547448.8840000001
547458.7004999998
547458.9075000002
547460.0699999998
547459.2149999999
547457.8930000002
547450.8144999999
547428.0565
547398.4925000002
547387.2615
547359.1499999999
547344.2740000002
547340.1044999999
547333.804
547329.2289999998
547323.273
547318.5079999999
547314.7985
547310.9139999999
547305.7069999999
547290.3735000002
547281.909
547274.6065000002
547266.3105000001
547222.0419999999
547218.2875000001
547217.0995
547188.7395000001
547135.6549999998
547123.088
547108.8955000001
547103.6885000002
547103.662
547091.6030000001
547079.4895000001
547072.1869999999
547072.9945
547073.2845000001
547064.852
547054.71
547051.5619999999
547046.7585
547025.611
547022.0950000002
547017.9079999998
546986.0550000002
546986.0550000002
546971.2030000002
546970.8870000001
546975.7050000001
546982.4994999999
547004.0685
547011.7124999999
547015.0915000001
547015.119
547015.119
547017.6910000001
547042.0975000001
547074.0800000001
547088.6175000002
547131.997
547137.5765
547148.2485000002
547148.4959999998
547148.551
547158.2105
547197.3555000001
547197.355
547197.4095000001
547204.0674999999
547208.6150000002
547218.6260000002
547268.7650000001
547307.4819999998
547321.4164999998
547335.2965000002
547340.4445000002
547345.5655
547350.3314999999
547356.3925000001
547403.6910000001
547426.7340000002
547454.2075
547493.6660000002
547542.8799999999
547573.2785
547603.1584999999
547606.185
547609.4900000002
547627.2609999999
547633.7535000001
547636.3884999999
547652.997
547669.8199999998
547675.4369999999
547720.9890000001
547738.952
547743.0584999998
547795.3429999999
547811.6910000001
547815.8590000002
547822.574
547824.4885
547830.7050000001
547833.8939999999
547836.5619999999
547841.9824999999
547850.4900000002
547864.4909999999
547894.3119999999
547899.869
547919.0984999998
547972.4079999998
548052.3624999998
548059.6880000001
548069.9054999999
548083.5915000001
548103.9709999999
548104.0260000001
548106.122
548137.7590000001
548168.8415000001
548174.2755
548198.5795
548213.9075000002
548215.565
548233.3794999998
548264.1894999999
548328.3135000002
548352.5784999998
548383.9084999999
548390.7910000002
548435.5825
548462.2875000001
548488.3509999998
548515.1159999999
548573.8624999998
548604.4824999999
548669.4739999999
548717.6305
548780.6400000001
548801.554
548859.881
548940.6825000001
548964.054
549068.0665000002
549126.0984999998
549147.9849999999
549165.19
549194.8944999999
549245.5180000002
549306.8775
549393.1779999998
549412.0635000002
549412.091
549421.6974999998
549454.4920000001
549460.5210000002
549468.023
549500.0070000002
549514.0104999999
549528.1055000001
549540.7069999999
549563.6745000002
549595.0125000002
549600.0899999999
549605.1195
549617.2275
549643.3985000001
549677.2889999999
549715.0079999999
549745.2064999999
549781.2855000002
549783.6804999998
549810.9909999999
549817.3135000002
549825.9559999998
549827.0104999999
549827.594
549844.1875
549888.0099999998
549934.0444999998
549959.284
549975.466
550010.4925000002
550093.6014999999
550127.4134999998
550201.5019999999
550266.1949999998
550321.5995
550441.4909999999
550484.3914999999
550543.0
550585.889
550641.8905000002
550748.0920000002
550871.5935
550914.6889999998
550948.9934999999
550958.7215
550962.6235000002
550974.2755
550974.3029999998
550989.503
550994.6579999998
551002.8289999999
551028.4385000002
551044.6979999999
551078.8599999999
551080.784
551080.8114999998
551110.2820000001
551124.3095
551169.9125000001
551208.3905000002
551208.4454999999
551227.4024999999
551233.9545
551251.1710000001
551255.0090000001
551262.9640000002
551283.4709999999
551302.0869999998
551309.7910000002
551309.8185
551309.8459999999
551323.6329999999
551351.8089999999
551365.3250000002
551398.3640000001
551420.9309999999
551421.6115000001
551430.7039999999
551430.7585
551450.034
551467.0704999999
551473.2034999998
551567.1030000001
551569.8679999998
551572.6060000001
551575.3914999999
551576.6880000001
551586.3969999999
551590.5874999999
551592.2585
551626.8445000001
551692.2955
551716.6935
551754.3059999999
551773.8050000002
551781.7310000001
551797.6869999999
551813.6979999999
551834.0635000002
551867.8045000001
551896.3599999999
551911.6919999998
551946.5079999999
551948.8144999999
551971.6354999999
551976.6609999998
551981.1924999999
551989.7910000002
552005.5920000002
552024.6105
552027.1800000002
552033.176
552046.3004999999
552047.1605000002
552052.9879999999
552057.4745
552060.9794999999
552083.1565
552084.6535
552095.7675000001
552096.5734999999
552097.3870000001
552104.0065000001
552104.8695
552106.0025
552108.5950000002
552112.2795000002
552119.0079999999
552125.7089999998
552132.2094999999
552154.1984999999
552155.6570000001
552163.9695000001
552176.4619999998
552176.7094999999
552177.3960000002
552221.0005000001
552241.3900000001
552248.7250000001
552249.2995000002
552251.5989999999
552278.6085000001
552301.8535000002
552352.6269999999
552372.1069999998
552499.0
552575.7914999998
552607.4879999999
552612.6524999999
552638.3234999999
552656.6370000001
552678.5095000002
552687.7400000002
552689.5260000001
552702.5474999999
552725.8679999998
552727.926
552732.892
552734.5924999998
552736.321
552738.9759999998
552743.7940000002
552763.4929999998
552768.1800000002
552779.2080000001
552781.963
552797.602
552817.6924999999
552828.2765000002
552835.2774999999
552847.0235000001
552852.6894999999
552863.1575000002
552877.5674999999
552886.9419999998
552938.5965
552948.2204999998
552952.3095
553034.9975
553053.9534999998
553066.0044999998
553119.4084999999
553123.3275000001
553127.7675000001
553196.3390000002
553223.3130000001
553246.1014999999
553267.1120000002
553270.3130000001
553289.1120000002
553307.8840000001
553336.7659999998
553389.8144999999
553404.8489999999
553421.395
553471.5120000001
553481.7089999998
553501.7655000002
553513.0099999998
553519.4509999999
553528.5290000001
553534.1094999998
553541.057
553573.0025
553616.7930000001
553626.75
553645.4750000001
553703.4449999998
553711.7064999999
553711.7340000002
553711.7615
553716.1724999999
553733.5685
553733.5959999999
553758.1490000002
553760.361
553760.3884999999
553762.8705000002
553777.4920000001
553778.9890000001
553781.3029999998
553788.6889999998
553790.5959999999
553796.841
553806.2089999998
553845.5014999998
553857.4130000002
553866.3475000001
553875.3730000001
553879.2965000002
553901.1340000001
553910.4890000001
554017.855
554031.2799999998
554033.1165
554033.3905000002
554043.807
554058.1705
554066.0504999999
554078.1044999999
554089.6069999998
554095.4955000002
554121.5410000002
554147.6135
554175.0954999998
554224.4920000001
554231.4304999998
554280.9589999998
554329.494
554380.4955000002
554394.0109999999
554411.29
554438.8815000001
554478.9194999998
554495.8089999999
554518.02
554533.5065000001
554546.2119999998
554564.7030000002
554573.4040000001
554579.702
554580.8020000001
554588.7785
554590.8769999999
554590.8824999998
554590.8994999998
554590.8884999999
554590.9079999998
554590.3969999999
554589.8585000001
554578.9555000002
554575.0639999998
554574.1515000002
554572.2969999998
554573.2990000001
554574.0460000001
554572.4865000001
554571.8884999999
554573.594
554577.4619999998
554582.156
554590.3964999998
554599.179
554611.8994999998
554613.9794999999
554612.8034999999
554611.2069999999
554614.5995
554623.9950000001
554627.3539999998
554630.6864999998
554642.3295
554644.0040000002
554703.3960000002
554743.2969999998
554743.324
554743.3514999999
554808.6069999998
554897.4879999999
554920.6260000002
554989.1400000001
554994.9134999998
555000.9619999998
555000.9895000001
555003.344
555018.074
555092.7365000001
555104.335
555107.7080000001
555108.2000000002
555108.5005000001
555149.6129999999
555162.8635
555202.5885000001
555237.9964999999
555301.8114999998
555347.4075000002
555354.4070000001
555365.3119999999
555366.7220000001
555368.3714999999
555368.4580000001
555368.4900000002
555373.8004999999
555389.4569999999
555392.8785000001
555404.1710000001
555422.466
555447.852
555459.7664999999
555480.4589999998
555493.656
555539.5984999998
555547.1979999999
555557.4415000002
555569.7124999999
555577.8914999999
555602.3999999999
555606.9435
555611.7625000002
555624.6775000002
555653.6120000002
555672.5715000001
555680.9794999999
555697.0729999999
555773.8790000002
555791.9015000002
555803.7140000002
555850.9915
555862.594
555867.6239999998
555883.264
555963.105
555971.9824999999
555995.4720000001
556000.7324999999
556006.497
556006.4959999998
556006.4685
556000.8605
555998.469
555991.1924999999
555991.2200000002
555991.1924999999
555994.4070000001
556000.699
556006.3859999999
556021.1129999999
556054.2050000001
556099.2004999998
556102.5044999998
556105.9525000001
556110.4874999998
556122.855
556125.8445000001
556129.3390000002
556156.6529999999
556195.591
556218.7475
556240.8335000002
556456.0699999998
556735.0345000001
556855.7050000001
556970.185
557040.3654999998
557371.2395000001
557634.4355000001
557738.406
557840.7004999998
557988.4380000001
558062.787
558078.4130000002
558142.0839999998
558192.4605
558281.1664999998
558285.3360000001
558249.1690000002
558237.4575
558175.0789999999
558139.4380000001
558144.0660000001
558121.7875000001
558099.8169999998
558091.8289999999
558073.3530000001
558065.3859999999
558067.2590000001
558068.9449999998
558064.6919999998
558063.9240000001
558064.1375000002
558047.77
557982.8884999999
557913.8525
557862.3454999998
557815.5775000001
557800.9100000001
557797.122
557771.0320000001
557769.9054999999
557757.9925000002
557674.5380000002
557606.9015000002
557592.7185
557450.2889999999
557437.8955000001
557401.1880000001
557261.5134999999
557233.781
557197.7245
557193.8744999999
557112.9210000001
557054.284
556973.2749999999
556905.4040000001
556820.0115
556792.1035000002
556725.8760000002
556705.8544999999
556642.341
556608.7425000002
556587.9909999999
556582.6074999999
556844.2220000001
556862.4145
557060.3944999999
557216.4309999999
557352.2655000002
557461.3050000002
557511.3764999998
557558.7289999998
557600.4389999998
557614.139
557682.0389999999
557723.0134999999
557758.1889999998
557808.4810000001
557865.8934999998
557951.6795000001
558047.2999999998
558203.943
558353.2825000002
558338.5630000001
558393.7855000002
558419.3845000002
558478.9720000001
558507.6710000001
558541.1225
558585.2395000001
558644.4364999998
558671.3569999998
558702.4175
558765.5495000002
558817.2030000002
558918.594
559191.3130000001
559514.6540000001
559706.5225
559773.233
559911.2664999999
559988.7069999999
560005.0924999998
560121.9375
560223.5184999998
560306.9065
560482.8020000001
560744.7324999999
560837.1005000002
560853.409
561135.2324999999
561250.1005000002
561306.3585000001
561357.0465000002
561365.8555000001
561383.6949999998
561426.0049999999
561493.0249999999
561622.5285
561707.9559999998
561854.9785000002
561875.5240000002
562012.9084999999
562100.4580000001
562146.065
562249.2795000002
562285.946
562289.0589999999
562321.8764999998
562408.6464999998
562410.9534999998
562466.639
562505.0364999999
562561.8105000001
562662.5315
562708.8420000002
562723.7549999999
562738.3659999999
562731.5605000001
562788.2400000002
562821.54
562899.8684999999
563030.0975000001
563063.0890000002
563082.1995000001
563129.3135000002
563175.5320000001
563198.9315
563223.6499999999
563238.1154999998
563267.3725
563322.3330000001
563347.9580000001
563368.6014999999
563385.7834999999
563446.3969999999
563490.3659999999
563532.4345
563563.0765
563651.7659999998
563698.7820000001
563749.0244999998
563913.6784999999
563992.699
564027.9394999999
564069.148
564093.838
564114.0265000002
564146.6855000001
564158.3714999999
564174.7464999999
564246.6014999999
564298.6145000001
564336.9415000002
564376.2494999999
564404.1804999998
564438.0754999998
564493.1464999998
564568.2064999999
564567.3505000002
564629.6735
564644.156
564668.3119999999
564737.0639999998
564797.3605
564863.7140000002
564864.4989999998
564926.5554999998
565017.8835
565093.8080000002
565142.6875
565140.4805000001
565223.943
565283.8654999998
565374.7355
565456.0460000001
565513.7955
565540.6545000002
565578.29
565624.1269999999
565678.2110000001
565718.9644999998
565810.2355
565848.699
565890.179
565930.744
566002.5825
566086.8925000001
566138.8399999999
566406.6954999999
566477.0025
566550.4435
566544.256
566579.6349999998
566673.1954999999
566770.8250000002
566782.9245000002
566843.6825000001
566847.8505000002
566915.7940000002
566950.0290000001
566992.2429999998
567069.3445000001
567149.048
567180.9665000001
567181.392
567182.5440000002
567209.1320000002
567305.2450000001
567311.44
567409.2864999999
567445.4005
567496.02
567508.0759999999
567520.8735000002
567748.878
567921.7185
568166.1510000001
568434.4819999998
568658.29
568695.7615
568724.0885000001
568744.9619999998
568759.7795000002
568775.381
568802.2595000002
568831.5070000002
568858.7069999999
568871.2815
568882.9794999999
568930.2340000002
568951.0085
568984.9070000001
569006.8075000001
569076.5194999999
569304.1529999999
569375.5550000002
569394.4585000002
569619.3990000002
569655.3815000001
569749.4720000001
569722.8015000001
569619.8314999999
569582.2664999999
569559.6370000001
569520.7294999999
569471.2009999999
569437.3130000001
569392.1090000002
569169.5885000001
569095.2374999998
569077.6395
569057.881
569021.8739999998
569020.8665
568971.6690000002
568921.7875000001
568882.8829999999
568835.4855
568809.2455000002
568765.6995000001
568711.946
568680.9380000001
568629.3939999999
568611.5839999998
568586.4164999998
568558.5465000002
568493.2230000002
568717.8820000002
568884.7340000002
569117.4855
569418.5750000002
569789.4895000001
569831.5375000001
570152.3305000002
570323.5660000001
570392.4049999998
570445.8114999998
570592.2310000001
570899.014
571039.2804999999
571503.1749999998
571784.0384999998
572444.7220000001
572769.3709999998
572967.1260000002
573082.6145000001
573285.44
573301.0805000002
573049.0495000002
572869.139
572630.3925000001
572581.0734999999
572534.9700000002
572539.6329999999
572542.2955
572545.8629999999
572558.0025
572564.5290000001
572572.3190000001
572574.0090000001
572579.236
572580.3744999999
572581.6639999999
572585.142
572595.639
572605.3245000001
572617.4240000001
572623.2485000002
572625.9385000002
572633.4980000001
572640.2149999999
572644.0610000002
572655.0515000001
572660.8284999998
572666.4915
572670.0194999999
572669.1935
572669.1754999999
572671.6595000001
572676.7390000001
572681.801
572691.4755000002
572708.3835
572717.591
572721.7349999999
572727.0995
572740.7725
572744.3900000001
572755.6834999998
572771.4114999999
572780.2850000001
572786.6710000001
572790.0079999999
572793.4309999999
572794.8420000002
572800.3394999998
572801.5405000001
572799.9185000001
572800.6954999999
572800.5425
572799.8365000002
572797.4484999999
572796.3679999998
572796.7119999998
572819.287
572821.1699999999
572821.3029999998
572822.9985000002
572821.4805000001
572822.9284999999
572826.1875
572823.9194999998
572823.5279999999
572816.7804999999
572810.2349999999
572807.4474999998
572809.244
572813.5334999999
572814.0355000002
572816.4275000002
572816.1035000002
572816.4635000001
572817.9764999999
572819.2590000001
572819.8314999999
572823.3369999998
572822.3330000001
572813.9975
572811.7634999999
572814.8645000001
572813.3029999998
572814.9909999999
572811.5520000001
572812.6434999998
572811.2629999998
572809.8990000002
572809.3280000002
572805.5079999999
572803.6025
572804.3245000001
572802.9964999999
572802.2820000001
572804.2379999999
572805.5685
572805.5474999999
572798.9934999999
572800.3955000001
572798.6784999999
572797.5860000001
572798.4199999999
572793.4440000001
572792.2820000001
572791.2609999999
572792.4730000002
572790.8234999999
572783.8620000002
572780.5865000002
572777.6595000001
572775.7285000002
572774.0325000002
572775.7185
572774.0225
572780.8045000001
572783.6529999999
572784.7094999999
572781.3760000002
572783.051
572782.7275
572780.3799999999
572779.4095000001
572782.2845000001
572780.2335000001
572782.568
572782.8714999999
572782.1124999998
572778.9325000001
572780.0440000002
572779.2370000002
572783.0184999998
572787.3404999999
572792.1705
572794.6275
572800.7719999999
572803.5550000002
572804.1275
572806.0265000002
572808.7475
572815.8034999999
572824.0839999998
572829.7570000002
572834.2209999999
572842.537
572865.6039999998
572877.6699999999
572881.6400000001
572896.7344999998
572904.8755000001
572919.4449999998
572936.7629999998
572940.1260000002
572955.7774999999
572960.0134999999
572968.4934999999
572973.2349999999
572974.4959999998
572976.2464999999
572982.4435
572987.7000000002
572993.2634999999
572996.6135
572994.1179999998
572992.0265000002
572981.9959999998
572977.5329999998
572969.6260000002
572962.8335000002
572956.8820000002
572951.2710000002
572948.213
572947.7415
572955.2815
572957.3319999999
572958.4819999998
572958.5534999999
572958.1354999999
572955.9024999999
572946.5070000002
572944.4934999999
572938.1660000002
572929.8714999999
572924.0795
572914.344
572913.9504999998
572906.077
572899.2289999998
572893.4865000001
572890.4805000001
572885.3914999999
572885.2475
572885.75
572888.548
572890.5235000001
572916.8045000001
572920.5495000002
572923.798
572925.9035
572930.3105000001
572951.3675000002
572964.4775
572973.7875000001
572977.4005
572991.4375
572994.7744999998
573001.5814999999
573007.2319999998
573015.6869999999
573032.0959999999
573039.5924999998
573055.1894999999
573058.8450000002
573074.2165000001
573078.6910000001
573084.1705
573086.6880000001
573087.3295
573088.4249999998
573088.1150000002
573084.9515
573084.7960000001
573085.5610000002
573086.7415
573088.2815
573091.9164999998
573100.8629999999
573118.0014999998
573120.8335000002
573154.1179999998
573166.4805000001
573184.5485
573185.7999999998
573188.3794999998
573206.8975
573210.6765000001
573219.6869999999
573226.8585000001
573241.6485000001
573245.0035000001
573246.6809999999
573267.5150000001
573271.8480000002
573274.5025
573275.4775
573276.9670000002
573279.3975
573285.3659999999
573293.1710000001
573303.5150000001
573305.9199999999
573310.548
573320.6915000002
573330.3050000002
573330.3314999999
573333.3020000001
573333.3284999998
573339.506
573347.3829999999
573375.6889999998
573471.1970000002
573178.0155000002
573080.6970000002
573035.119
572892.3054999998
572769.6804999998
572619.9855
572596.6625000001
572529.3029999998
572506.3799999999
572503.5775000001
572504.9929999998
572469.3790000002
572451.7760000001
572431.9545
572410.7645
572387.7154999999
572381.1044999999
572378.4440000001
572359.5984999998
572339.9334999998
572316.463
572220.5359999998
572194.7149999999
572166.5474999999
572133.0614999998
572114.1935
572110.8429999999
572091.5795
572044.4435
571990.6839999999
571957.5025
571923.3939999999
571891.8725
571869.1639999999
571804.7884999998
571788.0104999999
571765.7335000001
571709.807
571689.5350000001
571639.7264999999
571611.6485000001
571563.0935
571488.8374999999
571427.2140000002
571398.3835
571379.307
571355.9945
571281.256
571240.5929999999
571220.5274999999
571191.1949999998
571100.7200000002
571039.7239999999
570957.7280000001
570809.9589999998
570768.5474999999
570720.7859999998
570678.4405
570634.6009999998
570613.4810000001
570610.6285000001
570591.648
570550.6565
570509.6974999998
570446.2365000001
570386.4265000001
570236.0894999998
570175.6129999999
569987.2275
569928.3670000001
569776.0589999999
569729.7195000001
569675.4454999999
569644.1009999998
569616.9750000001
569589.6715000002
569572.1595000001
569546.176
569538.764
569493.7535000001
569295.0954999998
569269.3925000001
569251.6639999999
569233.6864999998
569219.0219999999
569203.494
569188.3160000001
569180.3344999999
569176.7030000002
569173.2395000001
569171.625
569172.4685
569183.1579999998
569184.7864999999
569200.4160000002
569210.0449999999
569209.1724999999
569204.0575000001
569194.1069999998
569180.0115
569092.557
569068.9589999998
569053.6025
569035.5945000001
569018.8025000002
568999.7119999998
568978.0545000001
568954.5704999999
568927.6140000001
568872.9695000001
568774.0180000002
568695.557
568640.8895
568623.4559999998
568597.7015
568552.5685
568586.2875000001
568593.3080000002
568589.2209999999
568590.0724999998
568584.7514999998
568578.5079999999
568575.0290000001
568570.5049999999
568567.5605000001
568567.6135
568566.27
568565.9635000001
568563.8295
568562.1634999998
568558.8204999999
568555.1779999998
568551.6845
568550.3075000001
568547.6839999999
568542.1784999999
568538.287
568533.8309999998
568533.0164999999
568528.7285000002
568524.994
568520.7965000002
568518.7385
568516.6315000001
568515.9380000001
568516.3799999999
568511.4539999999
568506.787
568506.372
568500.4249999998
568499.8114999998
568496.727
568482.7280000001
568481.8185
568478.162
568473.0115
568469.5074999998
568462.8250000002
568454.6425000001
568449.3125
568440.2264999999
568432.3709999998
568429.3259999999
568425.7514999998
568418.5044999998
568416.3700000001
568417.6255000001
568414.8875000002
568413.4545
568413.179
568410.0
568409.537
568408.8840000001
568406.1039999998
568405.537
568406.5644999999
568403.0830000001
568401.5625
568399.639
568400.355
568400.6239999998
568397.1705
568389.8670000001
568386.5830000001
568383.4925000002
568380.6639999999
568378.2119999998
568376.9500000002
568374.4375
568374.4100000001
568369.7815
568367.1354999999
568364.2985
568364.0759999999
568363.9380000001
568363.9380000001
568363.7174999998
568345.1464999998
568336.2829999998
568335.6579999998
568333.9235
568333.4474999998
568333.4199999999
568333.3374999999
568325.3459999999
568325.1529999999
568324.5180000002
568323.8824999998
568323.5814999999
568323.4720000001
568323.3854999999
568320.8174999999
568318.2769999998
568315.4685
568312.2925
568312.9095000001
568311.2110000001
568307.0014999998
568302.4145
568294.7895
568290.2280000001
568284.5035000001
568281.3875000002
568284.5359999998
568286.8314999999
568289.9900000002
568292.1170000001
568292.7995000002
568293.0995
568263.3369999998
568251.9745
568217.1140000001
568089.3250000002
567811.4564999999
567749.8525
567635.0795
567529.5134999999
567357.3289999999
567215.7025000001
566997.4794999999
566799.1384999999
566664.6384999999
566527.6839999999
566455.8735000002
566324.8280000002
566188.9054999999
566010.8319999999
565478.5104999999
564865.2829999998
564701.7069999999
564509.2615
564068.3679999998
563972.1834999998
563650.3640000001
563185.1680000001
562908.2505000001
562702.6694999998
562073.1945000002
561777.8555000001
561612.182
561539.3714999999
561472.375
561172.6770000001
560880.7565000001
560702.6694999998
560632.6910000001
560007.6770000001
559860.8394999998
559622.8514999999
559522.6600000001
559289.4555000002
559032.659
559006.2069999999
558837.5299999998
558712.1549999998
558609.452
558542.5265000002
558527.2985
558452.6464999998
558448.014
558342.6444999999
558264.5194999999
558147.0155000002
558067.9440000001
557712.6255000001
557552.0095000002
557211.105
557022.619
556151.3470000001
555958.4654999999
555695.398
555555.3900000001
555352.4440000001
555305.3824999998
555146.895
555109.1395
555037.139
554999.8739999998
554985.264
554974.2450000001
554844.6329999999
554782.9045000002
554526.4215000002
554430.8495
554190.3615000001
553563.5759999999
552564.3135000002
552384.443
552160.1855000001
551775.9794999999
551546.2995000002
551193.5495000002
550965.4465000001
550818.0014999998
550499.6740000001
550468.2985
550466.5589999999
550408.6754999999
550331.6885000002
550263.8514999999
550089.3760000002
549999.6875
549965.3695
549955.3700000001
549948.0504999999
547913.0625
547899.9785000002
547640.6299999999
547605.0380000002
547545.6575000002
547467.7895
546782.1524999999
546738.2124999999
546674.0019999999
546607.7740000002
546552.6910000001
546519.7144999998
546464.8590000002
546401.1239999998
546326.9185000001
546293.6570000001
546229.8054999998
546207.0299999998
546195.0290000001
546179.2050000001
546171.0720000002
546163.3539999998
546174.9619999998
546203.7574999998
546220.2009999999
546248.1464999998
546254.0614999998
546253.25
546250.9654999999
546254.6184999999
546262.0690000001
546269.506
546284.6770000001
546327.7039999999
546363.8330000001
546390.6200000001
546411.8355
546425.0734999999
546439.2144999998
546495.7289999998
546503.051
546518.227
546535.4700000002
546550.0814999999
546570.4539999999
546579.5595
546608.8215000001
546630.4515
546645.1880000001
546657.3165000002
546665.5665000002
546687.6400000001
546698.2755
546704.0455
546708.6499999999
546712.6505
546721.5269999998
546726.7200000002
546733.0490000001
546733.702
546737.6005000002
546737.2590000001
546738.1409999998
546744.2050000001
546755.2255000002
546765.517
546777.5159999998
546797.1230000001
546801.71
546802.6485000001
546800.0449999999
546795.926
546791.1129999999
546780.7370000002
546777.639
546774.6140000001
546768.9180000001
546759.8925000001
546756.4134999998
546749.9364999998
546732.9874999998
546707.5255
546695.8879999998
546684.7365000001
546666.4649999999
546657.2374999998
546653.0885000001
546650.1439999999
546645.5610000002
546642.0924999998
546635.0065000001
546613.486
546605.4424999999
546603.7324999999
546598.631
546657.3884999999
546667.0554999998
546705.7365000001
546732.4945
546769.0359999998
546109.2089999998
545751.9959999998
545696.3854999999
545639.3245000001
545446.9389999998
545323.3365000002
545272.1839999999
545263.5240000002
545212.4739999999
545184.4315
545077.1894999999
544996.9180000001
545043.7144999998
545082.2034999998
545070.6244999999
545151.7535000001
545212.3555000001
545334.8119999999
545555.7949999999
545538.6690000002
545492.5495000002
545452.7965000002
545416.5295000002
545363.7239999999
545306.4105000002
545292.256
545303.733
545307.648
545321.2050000001
545344.8250000002
545341.8755000001
544944.1384999999
544709.6275
544350.287
543944.25
543496.247
543217.8325
543184.6924999999
542964.7404999998
542938.6129999999
542547.3394999998
542529.3909999998
542214.6584999999
541803.9474999998
541341.8300000001
541132.7925
540916.7834999999
540871.869
540293.7110000001
540282.9330000002
540250.7645
540229.3190000001
540121.2684999998
540045.9589999998
539997.2294999999
539917.4369999999
539856.6165
539810.5040000002
539800.881
539786.1294999998
539739.9929999998
539708.9410000001
539684.7935000001
539585.8975
539571.5115
539083.9844999998
538853.6184999999
538687.5345000001
538390.4654999999
538376.577
538150.9550000001
537707.1545000002
537200.7910000002
536952.0035000001
536772.7620000001
536582.0800000001
536577.068
536456.5504999999
536325.0145
535974.0430000001
535849.0674999999
535573.7820000001
535307.0
535137.2409999999
535101.6515000002
534512.0975000001
534154.9394999999
533987.4045000002
533816.0715000001
533237.2914999998
533186.0965
533084.423
533011.3034999999
532973.3700000001
532914.4805000001
532798.756
532761.6275
532735.244
532661.7179999999
532631.3905000002
532603.0355000002
532566.7404999998
532496.9504999998
532456.9360000002
532408.1005000002
532363.8190000001
532307.304
532272.8530000001
532226.031
532194.9045000002
532142.8955000001
532125.4909999999
532089.6529999999
531990.4674999998
531970.7694999999
531906.1205000002
531881.2895
531846.3969999999
531778.4249999998
531715.648
531673.9734999998
531620.3314999999
531592.8125
531557.2379999999
531447.7790000001
531415.4109999998
531314.2710000002
531241.2864999999
531198.4049999998
531157.2820000001
531128.2200000002
531089.1005000002
531033.4109999998
530980.2094999999
530952.0520000001
530933.7045
530903.5095000002
530873.3394999998
530835.6535
530791.0669999998
530758.7615
530689.8075000001
530612.4824999999
530541.7675000001
530523.9615000002
530505.4819999998
530406.4904999998
530353.3424999998
530199.0150000001
530134.4049999998
529524.6800000002
529513.1935
529471.7464999999
529461.9054999999
529380.0380000002
529087.1845
529001.8730000001
528947.8620000002
