612914.5440000002
612843.3875000002
612831.4819999998
612815.0945000001
612795.5754999998
612784.4794999999
612770.4405
612740.7689999999
612735.4775
612725.8119999999
612723.9219999998
612722.7880000002
612720.9249999998
612719.71
612714.2025000001
612704.4284999999
612694.358
612684.395
612674.432
612660.23
612605.3650000002
612607.2275
612577.8220000002
612580.7400000002
612574.2324999999
612565.8620000002
612568.7185
612570.3760000002
612500.673
612507.4065
612470.2259999998
612287.3119999999
611989.1954999999
611762.452
611611.7355
611457.8714999999
611426.8539999998
611420.8840000001
611418.1434999998
611404.7264999999
611394.3424999998
611390.4704999998
611382.0405000001
611376.7409999999
611365.861
611359.2075
611356.7009999999
611354.8004999999
611352.1565
611350.1735
611351.2544999998
611352.0449999999
611353.679
611354.7604999999
611355.8144999999
611362.2875000001
611368.0619999999
611371.7680000002
611372.6055000001
611373.4164999998
611373.6184999999
611373.9985000002
611381.0660000001
611388.8344999999
611392.1255000001
611398.1945000002
611397.8799999999
611396.423
611395.2804999999
611394.9580000001
611391.2795000002
611388.068
611385.1740000001
611375.2370000002
611367.429
611361.4810000001
611343.3665
611325.9775
611309.8029999998
611295.3590000002
611291.3645000001
611287.642
611282.173
611279.2769999998
611279.119
611284.2555
611284.6809999999
611212.361
611172.0384999998
611138.2785
611088.9265000001
611091.6315000001
611085.4194999998
611074.6490000002
611037.7050000001
611035.4824999999
611031.8785000001
611012.449
610995.946
610980.4810000001
610969.1329999999
610959.8700000001
610947.5780000002
610941.2149999999
610936.7744999998
610911.3969999999
610885.585
610855.9624999999
610848.923
610864.6625000001
610872.2755
610907.1940000001
610922.9304999998
610933.7234999998
610941.818
610953.1505
610960.4624999999
610966.4279999998
610986.159
611007.4054999999
611027.1935
611046.4615000002
611052.0745000001
611069.3990000002
611091.1979999999
611093.1030000001
611095.1775000002
611096.0079999999
611096.102
611094.895
611092.6324999998
611089.0419999999
611085.5090000001
611075.1880000001
611070.4334999998
611065.5945000001
611061.73
611058.5665000002
611056.8665
611056.6839999999
611058.0469999998
611059.6880000001
611075.9045000002
611083.8355
611093.088
611117.5005000001
611127.8319999999
611135.4925000002
611142.0375000001
611146.4815000002
611151.7335000001
611159.517
611191.4155000001
611132.3295
610962.0734999999
610755.0929999999
610752.6269999999
610741.415
610716.878
610684.2804999999
610649.2815
610580.1430000002
610540.9885
610528.9394999999
610514.8939999999
610504.8344999999
610500.713
610484.0150000001
610472.8465
610320.1510000001
610297.0490000001
610294.5005000001
610290.7859999998
610282.1359999999
610261.2850000001
610235.0655
610227.0125000002
610164.2974999999
610159.6340000001
610120.7519999999
610078.6439999999
610036.3190000001
610015.4955000002
609994.9435
609975.1775000002
609904.9029999999
609849.432
609788.5929999999
609709.3459999999
609675.3475000001
609668.5695000002
609498.4155000001
609490.3930000002
609483.0249999999
609478.2030000002
609456.6430000002
609402.6044999999
609365.196
609308.8420000002
609283.2910000002
609266.7645
609250.5099999998
609234.5010000002
609218.6294999998
609202.4035
609150.6600000001
609145.3500000001
609094.3895
609044.4575
608953.0995
608915.7315000002
608877.8744999999
608828.3845000002
608843.8730000001
608847.1055000001
608852.4385000002
608855.4284999999
608874.4180000001
608880.4240000001
608900.8675000002
608906.0115
608914.4685
608937.4964999999
608939.6510000001
608941.3744999999
608954.1405000002
608956.0255
608976.3319999999
608989.2855000002
609009.483
609025.21
609034.662
609037.6510000001
609043.1444999999
609044.1205000002
609230.747
609237.548
609240.8135000002
609263.3484999998
609287.2055000002
609293.0890000002
609300.4024999999
609309.0380000002
609313.4640000002
609327.9824999999
609353.5655
609366.3565000002
609480.8199999998
609480.3480000002
609479.5414999998
609458.4555000002
609379.2955
609328.8484999998
609319.432
609292.5125000002
609270.5595
609255.1464999998
609251.5090000001
609250.6675
609142.3925000001
609137.6154999998
609137.1809999999
609125.8624999998
609039.0830000001
608979.3390000002
608904.7999999998
608900.0805000002
608855.9764999999
608811.9265000001
608732.5885000001
608865.1320000002
608931.1724999999
608951.0104999999
609003.4054999999
609083.6099999999
608878.5520000001
608867.2115000002
608888.682
608888.7089999998
608892.1030000001
608892.1839999999
608899.5325000002
608899.5384999998
608899.5384999998
608906.9534999998
609223.8095
609313.8914999999
609340.7880000002
609357.5375000001
609365.8714999999
609369.9575
609375.8835
609403.2935000001
609472.4545
609541.5874999999
609542.3975
609563.2395000001
609583.6765000001
609620.4994999999
609620.5265000002
609677.6634999998
609684.7615
609684.9509999999
609690.1529999999
609693.1869999999
609703.6984999999
609815.372
609880.8300000001
610006.1919999998
610025.165
610043.8119999999
610124.8259999999
610255.3065
610255.361
610260.4564999999
610280.1889999998
610287.5240000002
610298.0805000002
610298.1614999999
610366.5869999998
610448.6935
610551.2985
610624.8480000002
610683.7094999999
610690.5384999998
610690.5929999999
610694.7390000001
610985.6940000001
610986.9674999998
610987.9975
610985.0345000001
610984.895
610984.2234999998
610967.5959999999
610990.1464999998
610992.9125000001
611004.0780000002
611005.3934999998
611042.6905
611042.7000000002
611066.3975
611096.8065
611121.6660000002
611159.5605000001
611226.4870000002
611247.7344999998
611247.7615
611255.7154999999
611262.6140000001
611262.6409999998
611314.8905000002
611314.9175
611318.44
611330.7415
611625.5
611627.4240000001
611648.182
611738.4509999999
611839.9674999998
611840.8075000001
612024.3050000002
612288.412
612300.506
612307.2039999999
612307.4479999999
612307.5295000002
612311.0274999999
612502.8535000002
612498.4569999999
612494.2710000002
612485.6634999998
612485.557
612446.3875000002
612477.1094999998
612481.0159999998
612486.0345000001
612494.6069999998
612496.8505000002
612499.9054999999
612506.2069999999
612506.2069999999
612542.9019999998
612510.3450000002
612510.3450000002
612509.4904999998
612510.4385000002
612732.8909999998
612850.1494999998
612993.6745000002
612999.8775
613135.6060000001
613268.7974999999
613399.3185
613582.1345000002
613691.8445000001
613826.5240000002
613943.8895
613988.5935
614023.1825000001
614028.8859999999
614028.9670000002
614130.4989999998
614226.1965000001
614249.5189999999
614368.568
614397.6834999998
614480.5440000002
614594.1705
614643.0044999998
614663.5320000001
614691.5405000001
614705.8284999998
614729.2045
614729.2585
614762.7990000001
614819.9569999999
614880.7209999999
614931.162
615120.3544999999
615127.821
615206.0795
615206.5665000002
615225.6105
615258.8015000001
615391.5655
615388.6014999999
615388.574
615388.5469999998
615345.4959999998
615287.1349999998
615286.3259999999
615286.2719999999
615284.682
615284.7089999998
615281.216
615310.1945000002
615375.9284999999
615391.1154999998
615433.9745
615477.9674999998
615572.7039999999
615819.5745000001
615824.5065000001
615825.1839999999
615844.8605
615851.9885
615852.2864999999
615978.2875000001
616174.193
616279.7974999999
616291.4254999999
616318.611
616425.5935
616441.8295
616442.4530000002
616477.6354999999
616771.1894999999
616778.6434999998
616999.3555000001
617040.9665000001
617041.2374999998
617135.5754999998
617177.838
617203.429
617287.4555000002
617378.2245
617569.1340000001
617793.2039999999
617817.4895000001
617913.6485000001
618009.6894999999
618133.7089999998
618204.2004999998
618269.3509999998
618271.2990000001
618380.5534999999
618516.6170000001
618682.3374999999
618717.3875000002
618728.5474999999
618754.713
618824.6154999998
618825.3190000001
618854.6165
618889.5440000002
618889.571
619029.0894999998
619104.8555000001
619143.1825000001
619155.5894999998
619190.7825000002
619180.2025000001
619139.2769999998
619139.1965000001
619134.3895
619134.3895
619134.3624999998
619057.0499999998
619054.8110000002
619054.784
618918.2335000001
618841.5099999998
618804.4734999998
618727.4785000002
618642.9895000001
618557.77
618509.6145000001
618469.4594999999
618429.304
618367.8999999999
618354.9114999999
618304.5474999999
618124.8470000001
618124.7930000001
618124.7930000001
618102.3859999999
617959.591
617746.5435000001
617666.594
617637.199
617556.8990000002
617536.81
617537.645
617551.0800000001
617558.73
617561.7340000002
617562.0959999999
617562.747
617562.747
617581.435
617587.5104999999
617587.5644999999
617623.693
617636.7119999998
617636.7664999999
617731.3739999998
617778.1085000001
617926.9819999998
618078.6954999999
618223.7315000002
618262.2540000002
618262.56
618277.3075000001
618277.335
618281.9070000001
618305.2340000002
618305.2620000001
618306.0945000001
618304.3390000002
618353.2514999998
618451.5814999999
618450.4564999999
618450.4605
618449.3110000002
618448.4139999999
618448.3870000001
618439.1609999998
618438.8275000001
618438.8020000001
618440.9164999998
618486.6490000002
618494.77
618570.2250000001
618576.9885
618597.9730000002
618598.054
618676.7055000002
618833.8514999999
618889.9084999999
618832.8739999998
618806.7755
618806.2094999999
618805.9670000002
618698.8004999999
618678.5085
618661.0674999999
618660.9334999998
618656.6735
618634.2955
618610.9410000001
618600.2315000002
618600.2045
618447.0095000002
618425.6690000002
618421.9539999999
618426.4815000002
618426.4805000001
618429.5695000002
618429.7004999998
618433.1625000001
618441.9605
618443.3004999999
618439.9175
618430.3725
618430.3725
618429.8775
618429.2445
618429.2174999998
618426.9070000001
618240.7914999998
618113.7519999999
618096.534
618047.034
617990.2919999999
617922.3725
617922.1570000001
617919.9980000001
617841.4874999998
617800.128
617808.4265000001
617960.9734999998
617964.1099999999
617836.1595000001
617748.767
617665.0014999998
617664.9205
617606.0950000002
617600.2935000001
617600.2935000001
617597.7995000002
617586.8934999998
617586.8930000002
617586.8930000002
617586.9975
617590.5414999998
617523.0715000001
617465.4994999999
617443.1184999999
617429.2995000002
617372.5444999998
617223.8465
617167.4985000002
617120.6005000002
617078.1984999999
616978.5014999998
616876.6290000002
616831.5534999999
616764.253
616716.0644999999
616566.7239999999
616552.2725
616502.2179999999
616416.9950000001
616372.0380000002
616250.1460000002
616118.5805000002
616117.4715
616107.787
615955.7535000001
615935.4369999999
615779.7434999999
615779.716
615779.6889999998
615646.1915000002
615613.0989999999
615461.2895
615433.2749999999
615419.2140000002
615251.2370000002
615202.5690000001
615163.2985
615034.1880000001
615030.3034999999
615011.5065000001
614925.2245
614863.6260000002
614764.0049999999
614755.159
614701.6244999999
614701.5970000001
614644.2760000001
614609.1074999999
614599.051
614517.9210000001
614457.7910000002
614419.2034999998
614311.5950000002
614205.1880000001
614094.7170000002
614064.3454999998
613981.1885000002
613915.4205
613847.8654999998
613763.2634999999
613744.3725
613596.5460000001
613575.9734999998
613472.5414999998
613489.1030000001
613484.128
613479.3404999999
613472.5055
613472.1060000001
613472.3709999998
613485.2050000001
613499.935
613518.9405
613541.7875000001
613568.068
613683.784
613752.4300000002
613762.1515000002
613823.6529999999
613862.665
613877.2834999999
613868.2420000001
613866.0070000002
613865.6724999999
613864.2850000001
613863.6165
613860.3684999999
613856.7085000002
613856.6315000001
613854.4134999998
613852.5055
613850.9330000002
613847.3495
613847.2459999998
613844.4360000002
613844.3065
613844.281
613843.9199999999
613843.7655000002
613843.5070000002
613843.4819999998
613843.2749999999
613843.0695000002
613842.8365000002
613831.5734999999
613830.1299999999
613638.912
613579.0660000001
613522.6115000001
613521.1469999999
613518.0295000002
613515.105
613513.8599999999
613488.3420000002
613459.9114999999
613428.1099999999
613393.6409999998
613256.631
613254.9139999999
613226.2629999998
613188.1485000001
613157.5090000001
613136.6425000001
613134.9249999998
613127.1154999998
613119.281
613115.503
613107.602
613095.9279999998
613081.0225
613062.9654999999
613043.193
613041.2779999999
612982.1094999998
612986.517
612996.7280000001
613008.6634999998
612941.4134999998
612931.2174999998
612921.4700000002
612914.5440000002
