556592.3615000001
556596.2629999998
556599.4670000002
556612.2505000001
556627.8254999998
556663.3254999998
556666.7340000002
556673.3675000002
556678.2115000002
556690.8645000001
556695.5690000001
556711.611
556728.8535000002
556747.75
556803.5469999998
556813.6609999998
556850.0924999998
556862.3999999999
556888.1275
556888.1545000002
556888.5085
556904.0935
556911.4805000001
556914.4789999998
556919.8744999999
556930.611
556946.3135000002
556950.182
556971.9215000002
557002.7655000002
557024.6815
557038.3635
557060.2604999999
557074.8659999999
557081.102
557091.2884999998
557091.3429999999
557091.3429999999
557111.602
557115.9160000002
557122.554
557129.0010000002
557135.6894999999
557155.7075
557159.7949999999
557165.7949999999
557169.3234999999
557173.3445000001
557185.7045
557191.6869999999
557195.5120000001
557195.8424999998
557201.2974999999
557205.2940000002
557206.8369999998
557208.7115000002
557210.1485000001
557224.4929999998
557228.764
557230.5830000001
557231.1630000002
557231.801
557230.5894999998
557230.5924999998
557230.6485000001
557230.6494999998
557231.71
557227.1625000001
557222.588
557220.5644999999
557220.381
557220.1940000001
557218.0469999998
557218.0745000001
557215.3065
557200.267
557184.1145000001
557177.557
557176.3990000002
557176.4019999998
557176.432
557177.2795000002
557184.3775
557191.4175
557198.719
557213.9035
557233.966
557250.0504999999
557263.3939999999
557282.7855000002
557289.5899999999
557301.8695
557301.8994999998
557301.9295000001
557303.7200000002
557309.6639999999
557312.3344999999
557312.8939999999
557312.8900000001
557312.8859999999
557317.1154999998
557318.8760000002
557318.9644999998
557348.6430000002
557415.3394999998
557449.3960000002
557470.986
557498.9654999999
557516.6285000001
557520.7684999998
557526.4819999998
557571.6345000002
557566.2884999998
557580.9005
557598.6030000001
557616.6655000001
557623.949
557643.361
557665.1860000002
557669.8594999998
557669.7264999999
557702.0580000002
557724.7804999999
557744.5269999998
557763.4405
557777.1889999998
557796.3824999998
557801.415
557807.577
557821.9610000001
557849.5904999999
557855.6069999998
557875.1195
557892.3224999998
557907.3725
557929.8015000001
557946.3084999998
557980.2445
558015.7510000002
558024.5320000001
558027.801
558030.9865000001
558058.0805000002
558061.0844999999
558063.6365
558069.6315000001
558075.9619999998
558081.0490000001
558091.8404999999
558103.378
558108.9385000002
558115.2884999998
558122.8385000001
558130.929
558174.102
558186.4254999999
558199.9084999999
558215.5904999999
558221.5819999999
558252.1290000002
558282.4139999999
558284.3319999999
558286.7969999998
558288.1639999999
558293.5210000002
558295.2385
558295.5929999999
558308.7000000002
558312.7119999998
558324.9874999998
558334.8454999998
558346.2645
558347.5315
558349.2115000002
558360.2000000002
558361.3344999999
558362.1090000002
558383.3895
558388.1575000002
558394.304
558397.6880000001
558397.9959999998
558397.5419999999
558395.2450000001
558395.1905
558395.6129999999
558396.1510000001
558399.5805000002
558409.8374999999
558415.1030000001
558431.5070000002
558509.9900000002
558531.8870000001
558531.9145
558531.9145
558548.8095
558574.4389999998
558588.6165
558611.014
558645.0904999999
558660.6549999998
558697.1549999998
558696.8659999999
558701.0320000001
558702.8964999998
558703.0855
558705.8144999999
558709.1575000002
558728.8054999998
558746.8020000001
558758.3990000002
558794.8075000001
558835.1209999998
558887.5504999999
558898.0164999999
558903.6885000002
558905.622
558906.4635000001
558906.4904999998
558906.4904999998
558915.4100000001
558916.0085
558924.3514999999
558926.6570000001
558926.7119999998
558926.7119999998
558945.29
558948.6120000002
558953.7464999999
558970.6765000001
558990.5935
558986.4989999998
558987.9249999998
558989.5980000002
558991.1680000001
558991.872
558995.602
558997.0005000001
558997.0005000001
558997.0279999999
558998.844
559019.9040000001
559044.8305000002
559049.4920000001
559055.5619999999
559073.7985
559112.1090000002
559129.5290000001
559142.858
559151.8990000002
559158.1009999998
559162.0899999999
559168.5965
559169.6919999998
559176.185
559179.5490000001
559184.5
559187.8870000001
559190.2905000001
559206.9975
559211.2015
559225.3560000001
559240.7645
559268.8245000001
559273.0844999999
559276.69
559280.406
559284.0950000002
559291.0704999999
559302.1655000001
559339.4419999998
559358.1074999999
559370.1575000002
559387.0550000002
559456.6749999998
559470.318
559517.1094999998
559559.0984999998
559585.7765000002
559608.1825000001
559608.182
559608.2094999999
559604.105
559604.1195
559604.1345000002
559608.8969999999
559615.6880000001
559630.0120000001
559648.4040000001
559738.2960000001
559764.8939999999
559812.3110000002
559856.9904999998
559878.6005000002
559897.1000000001
559939.7174999998
559955.3245000001
559969.6979999999
560017.1845
560045.5435000001
560045.571
560045.5980000002
560119.3909999998
560171.9904999998
560185.3944999999
560436.3870000001
560570.6935
560632.4704999998
560678.7960000001
560723.6664999998
560759.2310000001
560802.7735000001
560816.6395
560830.3684999999
560844.0980000002
560884.906
560887.4555000002
560896.5575000001
560917.5
560932.3925000001
560975.6945000002
560981.5249999999
560983.2574999998
560983.2850000001
560983.3125
560998.7579999999
561000.8394999998
561003.2494999999
561008.0419999999
561008.6735
561012.5989999999
561033.9909999999
561038.6124999998
561046.3709999998
561064.9709999999
561086.2895
561093.8539999998
561096.8675000002
561105.9904999998
561136.1099999999
561153.1120000002
561156.6894999999
561163.8835
561177.4479999999
561178.5444999998
561191.7015
561218.6055000001
561237.105
561242.3355
561242.8059999999
561244.0995
561250.4015000002
561255.4985000002
561262.469
561260.8755000001
561260.605
561260.5780000002
561266.4709999999
561268.3999999999
561271.3620000002
561273.7940000002
561275.8119999999
561272.7064999999
561272.7069999999
561272.7069999999
561273.3514999999
561275.8775
561275.554
561271.1009999998
561264.8914999999
561264.3174999999
561263.1414999999
561249.3879999998
561249.3884999999
561249.3884999999
561254.5010000002
561264.0019999999
561262.2275
561262.0929999999
561262.0929999999
561262.7510000002
561266.9750000001
561267.0070000002
561267.1354999999
561269.8339999998
561270.1150000002
561302.9325000001
561323.7535000001
561356.179
561416.6690000002
561426.3445000001
561433.8744999999
561443.6430000002
561486.3815000001
561525.9644999998
561553.7285000002
561675.5435000001
561705.0410000002
561705.0954999998
561705.2050000001
561744.1924999999
561800.5894999998
561871.9819999998
561914.5070000002
561944.8480000002
561975.1894999999
562006.2085000002
562011.4130000002
562036.3725
562064.074
562071.5995
562104.2045
562143.5
562161.9035
562192.3530000001
562197.5010000002
562203.7085000002
562235.8985000001
562271.1005000002
562303.3004999999
562323.5655
562325.6830000002
562332.5989999999
562340.898
562374.1074999999
562385.6090000002
562396.2055000002
562440.1875
562451.2940000002
562451.5720000002
562451.602
562451.6025
562451.8369999998
562454.3675000002
562470.3955000001
562466.5929999999
562466.5929999999
562466.5929999999
562466.9405
562475.5984999998
562474.2795000002
562474.3344999999
562462.8319999999
562453.9474999998
562449.0559999999
562450.19
562455.1349999998
562460.8739999998
562466.227
562481.4720000001
562561.9465000001
562692.4295000001
562765.7034999998
562765.7855000002
562791.7030000002
562824.9840000002
562845.713
562862.7544999998
562883.4019999998
562913.4870000002
562913.5145
562943.966
562954.0005000001
562971.9964999999
562989.6475
563018.3004999999
563027.3815000001
563028.8684999999
563040.4900000002
563100.0134999999
563134.4065
563172.9890000001
563220.4029999999
563241.4380000001
563267.8480000002
563282.5109999999
563297.2015
563324.9619999998
563330.3994999998
563335.321
563345.1910000001
563353.4385000002
563354.3944999999
563354.3314999999
563354.2859999998
563356.5290000001
563366.4029999999
563394.0924999998
563395.8944999999
563397.753
563404.8054999998
563406.7755
563407.8975
563434.3645000001
563438.9435
563443.4945
563447.3900000001
563447.0984999998
563446.784
563443.2795000002
563440.2089999998
563434.2015
563425.6505
563422.3220000002
563403.6710000001
563399.9245000002
563398.2944999998
563380.5784999998
563380.6060000001
563374.628
563355.52
563343.1460000002
563309.9539999999
563294.781
563257.4394999999
563167.8110000002
563107.3314999999
563069.267
562998.4185000001
562942.7149999999
562926.0350000001
562893.5915000001
562871.9185000001
562823.9109999998
562826.3335000002
562820.8139999998
562810.0150000001
562807.8234999999
562797.7245
562798.6804999998
562792.3229999999
562789.2294999999
562759.9900000002
562753.656
562755.9109999998
562765.2475
562850.5070000002
562907.0580000002
562966.3560000001
562983.2990000001
563022.466
563025.6609999998
563029.8365000002
563048.5954999998
563057.0559999999
563081.6510000001
563090.9985000002
563100.3964999998
563103.4095000001
563106.3679999998
563106.4934999999
563106.5920000002
563107.0430000001
563107.4670000002
563112.9070000001
563117.7004999998
563118.9750000001
563120.0835000002
563120.4049999998
563120.4070000001
563120.1669999999
563120.1000000001
563120.1000000001
563120.1570000001
563121.3065
563124.5865000002
563125.4615000002
563126.6779999998
563126.375
563127.486
563129.8785000001
563132.0014999998
563134.8505000002
563138.068
563138.0950000002
563138.6120000002
563139.0750000002
563142.2620000001
563145.1094999998
563147.1129999999
563146.4670000002
563146.2305000001
563145.9925000002
563146.2760000001
563146.5639999998
563145.0520000001
563142.9895000001
563141.6035000002
563140.7525
563139.3585000001
563131.8319999999
563128.6935
563107.0965
563078.5125000002
563076.4564999999
563068.4745
563067.1235000002
563064.392
563056.6889999998
563047.0
563039.949
563030.7680000002
563030.3480000002
563029.9015000002
563032.5904999999
563048.3045000001
563053.4005
563104.7110000001
563124.0989999999
563138.602
563157.9015000002
563162.3744999999
563165.0639999998
563167.6995000001
563175.8879999998
563176.4909999999
563176.023
563176.0014999998
563175.1519999998
563172.3114999998
563169.838
563165.4550000001
563143.102
563110.1225
563110.1230000001
563110.0959999999
563104.2165000001
563089.4780000001
563080.2735000001
563073.7209999999
563068.5915000001
563049.7030000002
563033.6940000001
563023.602
563017.8635
563012.8679999998
562997.2769999998
562994.6584999999
562992.0129999998
562988.9994999999
562963.2889999999
562959.2555
562954.6839999999
562951.2609999999
562949.3884999999
562908.4920000001
562898.8415000001
562895.5079999999
562801.1645
562781.2749999999
562776.1460000002
562774.8029999998
562753.5989999999
562750.1290000002
562740.6949999998
562731.7089999998
562727.9114999999
562718.1954999999
562714.3735000002
562710.8470000001
562706.7225000001
562703.7025000001
562680.4885
562657.5915000001
562660.5055
562672.7910000002
562678.4840000002
562682.372
562682.3895
562682.3895
562673.2960000001
562673.4100000001
562673.5554999998
562683.7059999998
562684.6535
562689.3944999999
562690.5189999999
562691.2779999999
562690.3125
562689.1905
562672.0079999999
562663.4909999999
562657.3905000002
562652.5954999998
562649.713
562648.0274999999
562642.0869999998
562635.1724999999
562630.7595000002
562603.3799999999
562596.2475
562591.9900000002
562585.3629999999
562578.4920000001
562564.824
562553.7505000001
562545.6949999998
562496.8884999999
562489.1090000002
562483.5989999999
562477.8050000002
562477.0775000001
562470.071
562460.5584999998
562458.9339999999
562449.4024999999
562445.1225
562439.1625000001
562431.1000000001
562429.9100000001
562421.6984999999
562419.6505
562414.7719999999
562404.5660000001
562363.2680000002
562346.0874999999
562340.5830000001
562334.1150000002
562328.1915000002
562332.5619999999
562342.6609999998
562356.0890000002
562371.3119999999
562399.1025
562475.3914999999
562496.6094999998
562524.682
562530.2910000002
562536.1140000001
562561.4575
562587.6875
562615.9750000001
562626.173
562640.7094999999
562651.4815000002
562665.048
562703.1409999998
562709.0965
562725.9375
562818.3684999999
562840.4079999998
562858.3135000002
562880.9389999998
562913.4805000001
562942.054
562947.003
562951.3144999999
562964.7395000001
563011.3385000001
563023.9745
563039.102
563057.8075000001
563068.2655000002
563076.2940000002
563096.0499999998
563106.392
563151.0025
563161.2845000001
563195.3224999998
563299.7200000002
563387.1425000001
563387.1970000002
563387.7144999998
563466.0830000001
563484.6085000001
563524.7115000002
563561.699
563599.3095
563635.8944999999
563671.8895
563693.7725
563706.0715000001
563706.0984999998
563728.4105000002
563751.7944999998
563786.8900000001
563821.5935
563856.3985000001
563891.8964999998
563902.031
563913.3760000002
563932.8015000001
563963.006
563982.0894999998
563992.7215
564037.4309999999
564106.7995000002
564125.1600000001
564137.1359999999
564155.6175000002
564176.5014999998
564198.5285
564231.8555000001
564264.52
564276.1995000001
564307.693
564345.7999999998
564394.3084999998
564436.1025
564456.7725
564458.8394999998
564480.3820000002
564503.4789999998
564503.5065000001
564506.0855
564525.551
564535.6749999998
564549.2999999998
564572.693
564582.1055000001
564601.256
564634.5125000002
564660.1565
564688.8314999999
564735.6264999998
564760.0214999998
564760.5384999998
564770.0090000001
564830.3975
564845.9194999998
564869.9679999999
564932.4325000001
564947.0405000001
564970.3835
564989.7944999998
564991.2250000001
565006.96
565014.4199999999
565017.2935000001
565020.4950000001
565023.6690000002
565025.2845000001
565027.2969999998
565027.1864999998
565027.0745000001
565024.9725000001
565006.1105
565003.0065000001
565004.2420000001
565009.8730000001
565016.5210000002
565025.506
565032.2009999999
565041.0929999999
565052.8025000002
565085.9555000002
565134.0745000001
565157.8730000001
565208.8125
565219.8484999998
565236.7944999998
565255.656
565272.0920000002
565288.2965000002
565320.1680000001
565359.2855000002
565370.2595000002
565379.7404999998
565405.2204999998
565405.3295
565406.0079999999
565413.2834999999
565416.0795
565421.5465000002
565427.8020000001
565443.0869999998
565448.6625000001
565477.8635
565535.0325000002
565555.5959999999
565589.8865
565653.8489999999
565673.8969999999
565717.0595
565735.2415
565742.9950000001
565747.77
565747.8245000001
565796.861
565846.5920000002
565877.148
565883.5724999998
565899.9385000002
565914.5079999999
565941.1699999999
566012.5455
566060.963
566099.145
566136.5924999998
566167.3095
566197.2790000001
566199.0444999998
566272.7935000001
566309.003
566324.2064999999
566341.0814999999
566344.7590000001
566347.8914999999
566368.0929999999
566392.2820000001
566411.5205000001
566416.2965000002
566418.7115000002
566427.4509999999
566436.1630000002
566449.9275000002
566456.0874999999
566461.9985000002
566473.2215
566501.2604999999
566519.2990000001
566540.9035
566583.8870000001
566633.0125000002
566633.0669999998
566668.557
566677.9205
566683.588
566687.398
566703.4075000002
566719.8034999999
566733.7985
566736.315
566744.0844999999
566792.1655000001
566834.8675000002
566841.3805
566852.4819999998
566873.1809999999
566878.1469999999
566882.0984999998
566885.0175000001
566893.3624999998
566905.0260000001
566944.7365000001
566958.5395
566972.5520000001
566991.4235
567012.8295
567030.7370000002
567049.6135
567063.2315000002
567084.5690000001
567108.1795000001
567116.6430000002
567125.963
567144.997
567168.3944999999
567199.4309999999
567225.6154999998
567242.8495
567255.2655000002
567256.4364999998
567256.4909999999
567278.111
567294.8785000001
567300.6945000002
567306.679
567319.8999999999
567338.4049999998
567368.6009999998
567381.7165000001
567392.3229999999
567395.2749999999
567399.0935
567410.994
567446.5315
567457.9054999999
567535.4125000001
567542.8760000002
567566.4835000001
567569.2285000002
567574.8879999998
567585.2004999998
567607.8015000001
567622.8969999999
567626.7864999999
567634.3169999998
567637.9700000002
567647.4029999999
567661.1645
567661.2749999999
567662.7450000001
567665.2149999999
567665.298
567684.0704999999
567699.0010000002
567743.1834999998
567743.2110000001
567809.7094999999
567846.7069999999
567847.4005
567848.5584999998
567870.8300000001
567874.7944999998
567883.8835
567889.2880000002
567897.0729999999
567910.2965000002
567917.5175000001
567950.2475
567969.98
567991.0499999998
568016.8029999998
568026.8955000001
568035.0255
568042.185
568049.7719999999
568059.3695
568050.79
568050.2124999999
568048.6889999998
568039.6039999998
568037.3594999998
568015.3119999999
568000.0529999998
567999.9720000001
567998.9920000001
567995.1074999999
567995.0
567981.5660000001
567971.1549999998
567963.0554999998
567941.3445000001
567920.1055000001
567905.2604999999
567894.179
567874.9160000002
567858.804
567845.926
567842.8344999999
567821.2755
567627.8004999999
567541.9100000001
567569.5975000001
567586.1025
567596.898
567636.7735000001
567636.7735000001
567654.9955000002
567681.6275
567689.0614999998
567700.9325000001
567720.2094999999
567769.0950000002
567810.3050000002
567821.3275000001
567847.4920000001
567867.19
567881.1940000001
567951.2085000002
567986.1549999998
568008.3165000002
568027.2455000002
568070.0885000001
568137.5959999999
568214.2094999999
568214.2365000001
568216.2225000001
568262.1979999999
568282.3640000001
568300.977
568396.9484999999
568409.0610000002
568442.8130000001
568530.2115000002
568598.9125000001
568604.6584999999
568669.3084999998
568742.7620000001
568764.6784999999
568785.5865000002
568785.6135
568785.6409999998
568789.1165
568797.5890000002
568818.9925000002
568820.8459999999
568862.273
568917.1460000002
568938.2069999999
568970.1035000002
568990.6239999998
569022.9715
569036.0235000001
569047.1954999999
569092.1030000001
569117.8119999999
569126.0924999998
569167.4955000002
569159.1970000002
569159.1970000002
569235.4194999998
569266.6834999998
569299.5805000002
569338.3845000002
569353.906
569383.9114999999
569401.2540000002
569402.5695000002
569402.5965
569432.6705
569453.1910000001
569480.52
569536.5095000002
569645.3900000001
569645.4440000001
569952.2089999998
569987.9885
569988.0155000002
569993.7400000002
570035.1945000002
570089.3525
570114.815
570128.7689999999
570162.4985000002
570244.6945000002
570293.1979999999
570416.389
570639.5984999998
570730.3640000001
570741.057
570756.4284999999
570842.2034999998
571011.4874999998
571056.6685000001
571109.5614999998
571139.8394999998
571152.9679999999
571096.7370000002
571072.1035000002
571064.1375000002
571053.4164999998
571035.1214999999
570976.5945000001
570911.088
570897.9920000001
570897.8029999998
570897.8300000001
570881.5724999998
570854.6475
570840.7475
570868.6680000001
570904.0690000001
570900.4479999999
570904.2115000002
570886.54
570849.8569999998
570892.372
570937.8925000001
570976.6269999999
571008.6469999999
571023.3135000002
570958.4644999998
570969.1354999999
571015.1099999999
571044.29
571078.1630000002
571092.5155000002
571126.824
571150.6094999998
571174.4194999998
571213.8934999998
571259.4929999998
571283.5225
571309.5754999998
571333.1510000001
571333.1784999999
571333.2055000002
571363.7055000002
571369.1099999999
571370.4679999999
571405.0455
571411.7075
571429.8250000002
571568.4479999999
571551.2400000002
571543.0800000001
571538.9049999998
571527.2055000002
571524.2740000002
571520.6639999999
571478.5055
571469.8654999998
571434.9950000001
571422.7209999999
571411.7825000002
571347.8080000002
571316.892
571269.9750000001
571229.494
571142.5375000001
571077.9764999999
571044.9449999998
571018.6575000002
570990.7969999998
570940.395
570897.537
570871.0690000001
570836.0729999999
570804.2905000001
570778.6039999998
570759.8585000001
570728.2015
570690.8229999999
570665.0915000001
570625.4410000001
570634.1379999998
570674.4364999998
570723.7744999998
570727.4550000001
570765.0109999999
570846.8429999999
570849.3004999999
570846.565
570837.4824999999
570823.6379999998
570810.0109999999
570790.1910000001
570771.4945
570761.3679999998
570757.2009999999
570757.2009999999
570765.1299999999
570785.3815000001
570778.2544999998
570732.1120000002
570689.2930000001
570673.7620000001
570669.7714999998
570646.0825
570642.6605000002
570636.2895
570646.6135
570644.3829999999
570638.3445000001
570637.0164999999
570636.9934999999
570606.3824999998
570596.1880000001
570577.0334999999
570577.0065000001
570532.7385
570525.139
570517.8125
570517.7855000002
570517.7579999999
570505.2544999998
570429.5325000002
570398.8900000001
570401.281
570407.9589999998
570368.5065000001
570360.8489999999
570342.7799999998
570325.199
570296.7760000001
570268.5430000001
570252.0625
570227.3960000002
570176.6869999999
570124.2135000001
570058.0970000001
570024.0989999999
569977.8344999999
569927.8900000001
569907.6784999999
569907.6784999999
569890.9759999998
569856.7540000002
569754.9685
569718.006
569616.0835000002
569558.1915000002
569497.7034999998
569478.9445000002
569464.0320000001
569465.2579999999
569459.2834999999
569458.6214999999
569464.9685
569453.0775000001
569448.3265
569448.2999999998
569448.4005
569446.452
569444.6499999999
569443.7944999998
569400.7039999999
569326.5929999999
569277.8884999999
569277.8615000001
569224.9389999998
569176.4759999998
569089.202
568980.4245000002
568940.1639999999
568890.9734999998
568813.5704999999
568716.1085000001
568714.98
568687.1510000001
568629.631
568519.6770000001
568455.5235000001
568391.3735000002
568342.8399999999
568310.8429999999
568291.81
568252.4389999998
568247.6269999999
568244.7420000001
568047.6549999998
568021.483
567994.6765000001
567968.2119999998
567946.0665000002
567924.6085000001
567861.2969999998
567792.3514999999
567790.9114999999
567766.0734999999
567741.1735
567701.8539999998
567676.6685000001
567654.2760000001
567576.9224999999
567538.0495000002
567499.7595000002
567487.2089999998
567428.0260000001
567390.4720000001
567367.9665000001
567360.0695000002
567281.0194999999
567199.0329999998
567130.6255000001
567013.3635
566895.0435000001
566775.3859999999
566592.5189999999
566524.6875
566438.6000000001
566341.4449999998
566206.7889999999
566137.7319999998
566069.1815
565920.287
565809.0395
565678.8250000002
565540.9145
565419.6120000002
565336.2089999998
565254.6175000002
565136.4385000002
565100.6335
565061.1949999998
565017.4670000002
564980.9679999999
564944.6349999998
564952.0704999999
564944.1329999999
564878.25
564846.494
564793.4810000001
564738.9895000001
564712.1860000002
564677.2105
564641.0995
564633.966
564636.9240000001
564491.2179999999
564477.1195
564452.804
564419.1090000002
564373.2585
564326.81
564306.2135000001
564286.9065
564178.571
564166.185
564156.1765000001
564111.8259999999
564031.7230000002
563989.1264999998
563918.923
563797.7475
563737.0975000001
563627.3319999999
563572.9360000002
563456.1065000002
563381.4075000002
563265.9515
563244.5090000001
563182.9509999999
563162.5945000001
563101.0759999999
563092.9010000001
563070.7250000001
563047.392
563007.2595000002
562963.3730000001
562919.6359999999
562888.1834999998
562833.4315
562813.5890000002
562785.9440000001
562745.1894999999
562740.0065000001
562721.273
562699.0235000001
562675.517
562668.5
562643.9959999998
562632.2395000001
562615.1724999999
562571.1170000001
562539.5695000002
562298.1170000001
562180.7390000001
562078.4360000002
561960.5350000001
561911.7305000001
561856.8640000001
561856.8640000001
561809.5805000002
561760.4619999998
561708.5904999999
561635.7919999999
561592.2740000002
561522.3739999998
561273.1225
561215.6804999998
561171.7604999999
561124.6595000001
561094.8994999998
560977.3084999998
560859.9180000001
560787.79
560702.0129999998
560654.5035000001
560596.8125
560553.6754999999
560526.3415000001
560506.7004999998
560466.4725000001
560428.361
560363.3305000002
560290.0395
560231.0490000001
560200.5715000001
560131.9449999998
560080.1830000002
560014.7795000002
559962.6340000001
559920.8275000001
559827.7930000001
559751.23
559735.5440000002
559631.5430000001
559592.2599999998
559564.6979999999
559518.2574999998
559498.8445000001
559457.5695000002
559398.5814999999
559318.9700000002
559280.426
559263.9304999998
559250.3909999998
559207.4369999999
559156.1880000001
559123.5614999998
559071.392
559026.1995000001
559000.4035
558979.8964999998
558974.557
558971.8020000001
558922.5975000001
558902.9440000001
558929.0565
558932.6165
558925.9950000001
558911.4539999999
558917.9934999999
558909.469
558890.4759999998
558862.54
558846.2030000002
558822.9130000002
558784.2255000002
558763.5244999998
558710.4994999999
558668.2985
558667.111
558640.6905
558557.5924999998
558496.8544999999
558460.9495000001
558458.3605
558446.6094999998
558342.9015000002
558319.2919999999
558296.7409999999
558265.2655000002
558212.9730000002
558185.1094999998
558129.6044999999
558079.9704999998
558019.1605000002
557992.3615000001
557963.1120000002
557920.176
557885.7615
557854.4504999998
557815.1864999998
557775.0285
557739.0784999998
557743.963
557740.702
557734.4084999999
557722.1005000002
557742.1645
557751.4855
557747.3495
557746.0534999999
557746.0534999999
557743.1140000001
557741.858
557743.0014999998
557748.517
557780.3975
557795.662
557795.6625000001
557796.79
557801.7119999998
557801.5639999998
557801.1165
557801.1170000001
557799.5559999999
557807.8975
557808.5325000002
557821.4205
557828.4024999999
557833.4975
557833.5249999999
557833.5249999999
557860.3769999999
557890.1584999999
557906.8135000002
557916.5065000001
557926.8089999999
557951.0070000002
557990.3925000001
558015.3144999999
558048.8509999998
558068.4564999999
558088.202
558115.2884999998
558155.9040000001
558159.5825
558176.1660000002
558165.5639999998
558148.5104999999
558132.5210000002
558122.7675000001
558098.9555000002
558077.8709999998
558079.2045
558080.4109999998
558080.4385000002
558081.4270000001
558144.2004999998
558214.7960000001
558243.2015
558251.8849999998
558347.4649999999
558380.1970000002
558413.3939999999
558413.4484999999
558453.6235000002
558596.869
558697.7510000002
558758.4855
558836.9454999999
558923.9624999999
559008.4785000002
558989.3204999999
558955.5044999998
559080.0729999999
559235.6030000001
559385.7765000002
559618.6735
559637.551
559713.196
559722.1030000001
559816.9900000002
559870.2595000002
559904.554
559950.409
560001.5010000002
560098.0975000001
560240.6000000001
560268.2999999998
560306.7974999999
560314.1910000001
560350.5809999998
560352.3530000001
560354.0980000002
560378.7935000001
560363.4504999998
560350.6639999999
560340.7834999999
560321.4015000002
560309.4445000002
560293.4745
560253.9819999998
560245.5965
560245.5695000002
560243.6815
560195.2965000002
560167.1915000002
560180.5885000001
560209.6035000002
560138.0145
560124.6915000002
560105.2760000001
560104.0025
560099.406
560073.1099999999
560066.281
560039.7740000002
560073.4525000001
560073.4525000001
560117.6105
560235.6869999999
560346.0894999998
560391.4534999998
560507.0660000001
560507.9950000001
560507.9994999999
560508.2319999998
560513.2650000001
560557.8739999998
560577.1905
560608.202
560619.1425000001
560627.8944999999
560644.3709999998
560648.5035000001
560683.6919999998
560651.219
560606.4644999998
560477.2755
560378.4065
560343.5894999998
560343.6170000001
560353.9635000001
560461.5109999999
560487.8879999998
560563.1800000002
560640.9180000001
560757.6974999998
560795.9915
560796.0184999998
560832.429
560901.0890000002
560963.3870000001
561017.713
561037.7650000001
561057.8450000002
561115.565
561164.6120000002
561293.5065000001
561302.713
561323.679
561354.4364999998
561396.3075000001
561462.0920000002
561483.9045000002
561553.997
561626.1005000002
561691.852
561756.7075
561927.6954999999
562031.6984999999
562116.6995000001
562245.5109999999
562357.4199999999
562394.7110000001
562402.3445000001
562432.906
562433.79
562458.0095000002
562475.2579999999
562487.2680000002
562485.0885000001
562480.8964999998
562470.6885000002
562469.6000000001
562467.4040000001
562465.0580000002
562455.977
562450.9885
562443.0504999999
562436.2834999999
562428.4734999998
562414.7025000001
562413.8944999999
562413.8785000001
562412.3725
562403.3254999998
562389.1030000001
562406.1869999999
562406.0580000002
562406.0285
562405.8794999998
562466.4844999998
562527.7505000001
562609.9160000002
562715.1039999998
562815.392
562860.2275
562916.9109999998
563127.4079999998
563199.381
563199.435
563233.9794999999
563333.3459999999
563462.6444999999
563512.6264999998
563700.7170000002
563708.8775
563956.352
564089.8679999998
564104.1124999998
564173.4840000002
564203.5225
564368.7974999999
564493.0935
564518.0635000002
564560.7565000001
564587.2034999998
564619.4934999999
564648.06
564648.0874999999
564658.1910000001
564676.9915
564697.1414999999
564697.3314999999
564723.5099999998
564777.7949999999
564870.9975
564913.4709999999
564919.5355000002
564949.3089999999
565052.5504999999
565135.3199999998
565310.9155000001
565485.0490000001
565717.0274999999
565858.0954999998
565999.0440000002
566085.6694999998
566178.898
566266.4010000001
566401.3034999999
566608.9100000001
566755.2735000001
566755.3004999999
566809.3914999999
566827.932
566854.8130000001
566854.8130000001
566854.8399999999
566970.9114999999
567086.9789999998
567031.9095000001
566738.3514999999
566770.7625000002
566784.3939999999
566793.818
566766.8245000001
566826.9145
566890.3955000001
566963.4720000001
566963.4720000001
566963.4989999998
566966.7944999998
567024.2565000001
567008.119
567000.0095000002
566999.8224999998
566999.3675000002
566980.4019999998
566961.8909999998
566939.906
566939.7995000002
566939.7999999998
566932.307
566932.2799999998
566913.5090000001
566918.0414999998
566926.6575000002
566954.3190000001
566967.0950000002
566949.3909999998
566890.6044999999
566823.3369999998
566760.6855000001
566706.4649999999
566654.9874999998
566533.1915000002
566437.2710000002
566420.8360000001
566332.4205
566304.6869999999
566261.9534999998
566239.7450000001
566271.2059999998
566280.0249999999
566333.2850000001
566337.585
566345.0894999998
566417.1575000002
566404.662
566370.4380000001
566343.034
566335.6290000002
566332.6290000002
566332.6290000002
566296.7930000001
566262.2514999998
566262.2514999998
566262.1699999999
566198.2344999998
566104.1609999998
566051.9975
566053.4994999999
566063.0765
566019.1905
565957.744
565914.1740000001
565920.1409999998
565967.2319999998
566024.3975
566079.2319999998
566074.744
566077.6685000001
566082.497
566084.0750000002
566087.389
566058.0605000001
566022.9525000001
565997.7604999999
565974.5904999999
565966.8500000001
565960.2799999998
565907.676
565872.2045
565923.304
565917.3629999999
565865.2949999999
565811.1519999998
565810.963
565718.9145
565715.1014999999
565638.8914999999
565643.4685
565664.2935000001
565694.7349999999
565694.7625000002
565893.7990000001
565910.6115000001
566056.7829999998
566064.7230000002
566121.8500000001
566257.7935000001
566360.568
566441.7804999999
566638.2464999999
566905.7165000001
566958.6614999999
566976.1735
566979.5355000002
567233.1069999998
567340.2914999998
567348.2579999999
567459.0595
567494.5219999999
567507.1039999998
567736.8050000002
567874.8815000001
567896.7025000001
567966.949
568063.9745
568213.7925
568284.7990000001
568391.2489999998
568441.3525
568471.96
568574.3339999998
568780.9224999999
568832.2475
568906.8289999999
568942.3930000002
568949.1320000002
568990.7000000002
569034.906
569079.5924999998
569131.5240000002
569143.8560000001
569143.9105000002
569190.9114999999
569229.4105000002
569274.7045
569351.6935
569398.3629999999
569432.2634999999
569527.7185
569712.0164999999
569723.1965000001
569733.023
569787.8679999998
569811.1094999998
569858.8339999998
569980.0180000002
570006.6510000001
570009.9900000002
570015.2025000001
570078.9745
570203.2055000002
570305.6340000001
570391.1140000001
570528.7845000001
570594.815
570666.0924999998
570708.0954999998
570718.3799999999
570769.2059999998
570847.9164999998
570898.7220000001
570970.3999999999
571021.9824999999
571146.9054999999
571330.8309999998
571526.9745
571683.2855000002
571857.0950000002
572034.119
572125.6804999998
572211.2034999998
572377.1715000002
572395.3339999998
572403.1554999999
572412.0995
572584.7650000001
572765.5965
572834.3110000002
572953.202
573075.389
573103.4895000001
573153.5644999999
573153.7275
573174.9385000002
573219.8300000001
573347.7220000001
573491.9870000002
573636.4879999999
573670.6400000001
573721.8125
573775.9975
573836.659
573951.8544999999
574048.5825
574149.3790000002
574250.2795000002
574354.0299999998
574355.1945000002
574485.713
574538.8645000001
574678.5129999998
574769.4465000001
574802.3259999999
574862.8994999998
574985.0865000002
575012.0104999999
575051.3650000002
575117.9145
575150.8909999998
575191.9240000001
575245.4325000001
575358.8284999998
575404.3985000001
575427.1965000001
575666.2455000002
575688.6239999998
575731.9925000002
575779.6105
575860.8509999998
575926.3560000001
575967.2795000002
575995.088
575999.906
575999.9874999998
576152.4125000001
576206.1030000001
576209.3050000002
576264.8969999999
576380.7455000002
576487.6690000002
576597.2790000001
576663.2294999999
576766.8220000002
576807.4210000001
576860.6499999999
576860.6770000001
577027.6554999999
577174.784
577353.8675000002
577439.4764999999
577549.6260000002
577897.0235000001
578066.9049999998
578283.6974999998
578438.3684999999
578520.6705
578616.8360000001
578628.5655
578632.017
578662.406
578772.088
578862.202
578952.2875000001
578991.3539999998
579050.443
579100.7094999999
579174.3080000002
579235.5074999998
579296.6800000002
579460.4065
579504.9394999999
579560.1880000001
579687.8539999998
579687.9624999999
579755.5534999999
579755.6889999998
579792.2930000001
579904.892
579939.935
579989.4730000002
580078.2659999998
580099.5065000001
580109.2305000001
580113.4950000001
580194.0825
580296.3714999999
580343.4045000002
580356.594
580388.6735
580674.6175000002
580783.5995
580843.2620000001
580891.9040000001
581118.3025000002
581236.8879999998
581248.5899999999
581249.5945000001
581338.7834999999
581480.1195
581590.3555000001
581665.7144999998
581792.0279999999
582011.5924999998
582091.4240000001
582096.4040000001
582102.8015000001
582115.8714999999
582121.2825000002
582122.6269999999
582125.4164999998
582124.7319999998
582120.3254999998
582122.9005
582127.3420000002
582123.1379999998
582123.9435
582113.0085
582107.0274999999
582103.3865
582104.6195
582119.2880000002
582121.6179999998
582130.1540000001
582132.7335000001
582142.4465000001
582145.0085
582153.0699999998
582161.4525000001
582174.0980000002
582176.2519999999
582174.1085000001
582175.8034999999
582181.5405000001
582183.2124999999
582181.6570000001
582177.7459999998
582178.798
582185.5240000002
582195.6554999999
582198.2555
582207.1609999998
582205.8195000002
582207.7910000002
582218.0814999999
582219.4545
582218.227
582218.2540000002
582216.5625
582214.6255000001
582215.2069999999
582216.6085000001
582223.1235000002
582223.1775000002
582228.1120000002
582232.9079999998
582232.881
582233.2895
582236.3054999998
582236.1425000001
582239.4300000002
582241.9210000001
582242.5375000001
582067.7925
582067.7385
582018.5090000001
581920.997
581920.9700000002
581907.8739999998
581750.4929999998
581719.4865000001
581675.6099999999
581604.7995000002
581575.0460000001
581474.7480000001
581366.0125000002
581357.6630000002
581327.8004999999
581332.173
581332.1974999998
581332.1970000002
581319.6444999999
581290.0444999998
581220.7944999998
581195.3335000002
581131.7889999999
581106.1060000001
581106.0244999998
581028.784
581018.5465000002
581018.5460000001
580996.0074999998
580987.9989999998
580941.6529999999
580873.5795
580856.094
580759.3760000002
580723.716
580680.9624999999
580653.2995000002
580645.2590000001
580622.2259999998
580605.9855
580594.5055
580546.3089999999
580545.3034999999
580476.3489999999
580414.2464999999
580328.9679999999
580312.9100000001
580311.477
580308.6105
580308.8709999998
580309.0010000002
580311.7030000002
580312.8925000001
580312.8925000001
580313.1625000001
580319.9500000002
580322.3569999998
580318.8934999998
580320.1340000001
580324.4720000001
580334.9254999999
580335.5120000001
580333.2464999999
580333.426
580335.838
580339.2710000002
580342.4224999999
580346.1669999999
580354.8385000001
580357.3330000001
580359.2525
580356.7985
580357.9534999998
580362.5660000001
580365.7135000001
580363.4704999998
580363.6315000001
580363.6315000001
580363.7390000001
580365.2434999999
580367.6000000001
580368.4160000002
580370.0745000001
580371.7455000002
580377.9360000002
580387.1315000001
580400.858
580401.932
580400.7829999998
580391.2535000001
580390.4759999998
580390.7420000001
580390.7689999999
580391.327
580391.9389999998
580391.7105
580391.5095000002
580391.5635000002
580392.5899999999
580392.5899999999
580392.5899999999
580391.0380000002
580382.8525
580381.5474999999
580378.3944999999
580370.1954999999
580370.1120000002
580370.085
580370.085
580369.4725000001
580378.577
580382.2990000001
580385.4079999998
580384.2655000002
580388.5720000002
580395.6710000001
580403.6205000002
580405.4559999998
580405.1184999999
580402.8435
580402.1035000002
580402.1839999999
580403.0419999999
580406.7409999999
580408.256
580411.9095000001
580412.0455
580419.5455
580424.2310000001
580425.3245000001
580422.3790000002
580419.0375000001
580416.7795000002
580416.5074999998
580416.5869999998
580416.5595
580416.8489999999
580421.0375000001
580432.605
580432.7549999999
580430.0345000001
580422.6705
580418.2735000001
580415.3865
580415.4569999999
580418.8250000002
580418.7650000001
580416.2045
580415.8900000001
580412.9720000001
580412.2475
580413.1340000001
580411.6345000002
580404.051
580403.7154999999
580408.2655000002
580409.7769999998
580413.662
580419.4375
580427.3665
580428.7940000002
580426.0715000001
580418.3309999998
580416.8530000001
580419.9334999998
580423.1940000001
580422.1359999999
580423.6124999998
580422.4644999998
580417.818
580417.1809999999
580424.0469999998
580431.2880000002
580431.7684999998
580427.8160000001
580427.2875000001
580424.8110000002
580419.8224999998
580417.6085000001
580414.7075
580411.3110000002
580402.9005
580395.0975000001
580393.2969999998
580393.4635000001
580390.5210000002
580389.4180000001
580388.5904999999
580388.5894999998
580388.6414999999
580390.3135000002
580390.9070000001
580391.0019999999
580390.3964999998
580390.693
580391.2355
580392.3480000002
580393.1630000002
580394.196
580396.7055000002
580399.8884999999
580402.1400000001
580402.1940000001
580402.2485000002
580410.3505000002
580414.8459999999
580415.9750000001
580412.6000000001
580412.6000000001
580411.4029999999
580411.2115000002
580410.5014999998
580410.7154999999
580410.9024999999
580412.5240000002
580412.764
580412.7910000002
580412.7910000002
580410.3385000001
580410.0380000002
580409.108
580407.8034999999
580402.5164999999
580399.9945
580399.5320000001
580398.6885000002
580398.6845
580398.7344999998
580401.2085000002
580402.0189999999
580402.8029999998
580403.2000000002
580406.7080000001
580409.6984999999
580409.8470000001
580409.9215000002
580411.1885000002
580417.7475
580418.0414999998
580418.202
580417.5959999999
580414.5945000001
580414.835
580414.8884999999
580416.8654999998
580419.105
580419.2889999999
580419.9920000001
580420.2085000002
580423.602
580424.9024999999
580425.281
580426.6340000001
580426.7390000001
580427.003
580424.6745000002
580423.8254999998
580423.4955000002
580422.807
580423.0115
580420.4045000002
580419.6749999998
580418.9164999998
580418.4235
580417.9029999999
580416.1039999998
580413.8139999998
580413.8399999999
580413.8925000001
580415.2974999999
580410.1315000001
580408.6299999999
580408.3280000002
580407.8879999998
580406.9315
580404.9364999998
580406.0565
580402.7045
580402.6765000001
580402.5010000002
580402.7650000001
580403.0290000001
580402.0395
580401.5995
580401.6129999999
580400.1035000002
580399.9049999998
580400.3025000002
580400.4084999999
580400.4084999999
580400.4084999999
580400.1614999999
580399.4479999999
580399.602
580399.602
580400.0589999999
580402.2374999998
580403.1170000001
580401.9284999999
580402.3224999998
580402.6919999998
580404.3599999999
580406.0285
580405.8585000001
580405.6009999998
580405.6105
580405.6285000001
580406.1099999999
580406.5109999999
580406.006
580407.6475
580409.0469999998
580408.4114999999
580408.19
580408.5099999998
580408.7234999998
580408.5809999998
580408.4049999998
580412.4985000002
580412.1340000001
580411.8250000002
580409.02
580408.7204999998
580409.2285000002
580409.4964999999
580409.8739999998
580416.7030000002
580416.213
580414.2510000002
580414.1970000002
580414.1970000002
580411.2085000002
580410.77
580410.3305000002
580408.2625000002
580406.878
580405.4934999999
580403.7000000002
580402.5040000002
580395.2289999998
580393.7195000001
580393.6919999998
580393.6919999998
580392.1965000001
580386.7034999998
580385.4759999998
580380.7039999999
580380.1795000001
580379.7374999998
580374.2115000002
580372.9109999998
580368.31
580362.8065
580360.2209999999
580359.5134999999
580359.0989999999
580357.1940000001
580357.1664999998
580357.1664999998
580354.71
580348.7889999999
580347.8925000001
580345.6094999998
580334.6090000002
580331.702
580330.8605
580329.0690000001
580322.9219999998
580322.895
580322.5150000001
580321.2675000001
580320.0164999999
580318.4095000001
580316.9114999999
580316.3629999999
580316.1154999998
580314.8905000002
580313.3930000002
580307.8229999999
580306.429
580304.2774999999
580300.4095000001
580299.8900000001
580299.2475
580299.1074999999
580297.173
580296.7914999998
580295.693
580295.0915000001
580293.7245
580293.9075000002
580295.9569999999
580295.4315
580295.2094999999
580295.3939999999
580295.8429999999
580295.7579999999
580295.7004999998
580293.7080000001
580290.9035
580290.3314999999
580292.5104999999
580292.6094999998
580292.878
580293.3075000001
580293.3075000001
580293.3075000001
580292.432
580292.6425000001
580293.8365000002
580295.1115000001
580295.1115000001
580295.1384999999
580296.1949999998
580298.497
580298.5775000001
580299.2485000002
580300.4139999999
580301.4985000002
580302.5959999999
580303.8275000001
580305.23
580305.9040000001
580306.111
580306.5954999998
580307.3500000001
580306.6260000002
580307.4100000001
580308.7085000002
580310.4994999999
580310.5265000002
580310.5534999999
580311.1455000001
580311.6035000002
580310.7409999999
580310.713
580312.3399999999
580320.1230000001
580323.733
580325.4375
580333.5120000001
580336.6749999998
580336.6749999998
580336.702
580337.0945000001
580339.6384999999
580341.6409999998
580345.4605
580349.7940000002
580350.7135000001
580351.9304999998
580362.4665000001
580365.395
580368.7625000002
580368.7625000002
580368.7895
580371.7110000001
580372.6009999998
580371.9945
580370.5474999999
580369.4005
580364.6315000001
580364.1655000001
580363.0950000002
580357.199
580355.3990000002
580353.6260000002
580352.6945000002
580351.9865000001
580349.81
580349.6460000002
580349.4275000002
580350.4219999998
580350.9870000002
580351.6535
580351.787
580357.8790000002
580358.2039999999
580357.5890000002
580357.5049999999
580354.3900000001
580348.7064999999
580344.648
580344.5935
580303.6515000002
580257.7620000001
580214.0019999999
580207.8089999999
580167.3080000002
580119.6030000001
580110.3435
580082.426
580039.7629999998
579997.0989999999
579982.656
579970.6200000001
579943.2179999999
579897.7370000002
579819.3284999998
579802.6614999999
579767.199
579732.9955000002
579741.0274999999
579753.531
579810.801
579887.4054999999
579949.9925000002
579950.128
580027.5469999998
580051.6469999999
580051.6745000002
580075.1235000002
580161.1305
580266.1740000001
580275.8544999999
580275.8544999999
580320.0795
580461.977
580546.8905000002
580554.81
580614.9665000001
580745.8865
580826.9279999998
580859.3119999999
580960.3999999999
581061.1905
581313.1094999998
581435.3930000002
581485.6910000001
581535.9895000001
581571.2634999999
581571.2634999999
581571.2905000001
581615.0545000001
581616.2985
581630.3635
581654.1195
581681.3295
581698.006
581698.196
581761.48
581837.9794999999
581872.9720000001
581988.9474999998
582040.4005
582421.3799999999
582431.1795000001
582432.3679999998
582455.841
582479.1735
582502.8045000001
582515.1195
582530.0444999998
582547.7285000002
582558.9925000002
582578.1014999999
582590.4624999999
582602.7689999999
582620.7884999998
582638.5085
582657.2714999998
582693.682
582701.7565000001
582714.2055000002
582726.0970000001
582726.1244999999
582738.8849999998
582754.7675000001
582778.9934999999
582781.8259999999
582797.7585
582823.3185
582826.1239999998
582850.6085000001
582854.8555000001
582854.8829999999
582854.9100000001
582876.4734999998
582895.267
582906.7710000002
582906.7985
582935.8105000001
582954.9045000002
582975.0595
582981.2340000002
582993.3300000001
583009.5035000001
583045.3325
583068.358
583099.3849999998
583115.8640000001
583115.8909999998
583124.2119999998
583155.3330000001
583204.2585
583224.8679999998
583236.9594999999
583237.1499999999
583272.6094999998
583297.4844999998
583306.048
583335.0874999999
583356.9405
583367.0129999998
583414.7829999998
583450.8095
583474.9355000001
583489.6405000002
583522.3245000001
583528.5210000002
583528.7925
583544.3930000002
583546.7315000002
583554.02
583585.9750000001
583651.0155000002
583658.4185000001
583658.4454999999
583704.7965000002
583721.128
583729.2799999998
583734.0499999998
583743.5090000001
583782.8220000002
583783.0120000001
583929.8859999999
584010.3990000002
584013.3585000001
584014.9605
584164.5035000001
584164.5304999999
584189.7799999998
584382.5049999999
584459.0269999998
584522.5019999999
584685.2030000002
584732.6949999998
584784.5965
584790.7075
584846.9495000001
584923.6379999998
584930.9909999999
584912.8934999998
584902.8144999999
584862.5565
584828.8300000001
584846.5805000002
584852.6324999998
584940.6060000001
585076.6924999999
585187.7234999998
585301.6315000001
585389.8865
585413.895
585441.2910000002
585441.2910000002
585449.6099999999
585429.3119999999
585449.4054999999
585452.2370000002
585452.2905000001
585453.7990000001
585473.6315000001
585482.0189999999
585476.1995000001
585476.0040000002
585488.3725
585487.9065
585487.9065
585479.9925000002
585468.5430000001
585439.7514999998
585420.3930000002
585448.8525
585495.0115
585500.0255
585506.0970000001
585555.7599999998
585567.889
585620.8909999998
585722.4904999998
585756.0954999998
585782.9900000002
585796.0214999998
585809.4895000001
585800.6055000001
585796.6625000001
585796.69
585856.3905000002
585920.1014999999
585945.0049999999
585955.7969999998
585960.3925000001
585963.3025000002
585969.7234999998
585977.5055
586001.5874999999
586006.4040000001
586030.2064999999
586038.0924999998
586053.892
586071.0225
586075.2914999998
586080.1340000001
586116.8900000001
586133.5614999998
586141.8840000001
586178.4550000001
586214.8714999999
586271.7315000002
586298.1545000002
586323.1910000001
586371.5534999999
586383.0800000001
586426.8259999999
586469.3169999998
586478.1775000002
586492.0125000002
586518.5874999999
586534.0759999999
586541.2769999998
586552.5005000001
586604.2025000001
586627.5780000002
586635.4334999998
586666.0350000001
586699.7025000001
586733.3969999999
586740.9279999998
586757.486
586779.4709999999
586785.6124999998
586810.4040000001
586818.9145
586840.3944999999
586877.4465000001
586886.091
586905.2039999999
586905.2310000001
586911.6405000002
586944.9874999998
586981.2990000001
586982.0869999998
587034.551
587047.852
587061.5724999998
587079.1285000001
587101.4945
587127.9925000002
587129.4605
587134.5729999999
587140.2259999998
587148.2404999998
587171.7055000002
587227.855
587242.5525000002
587244.074
587254.2135000001
587254.6485000001
587266.4005
587281.1740000001
587306.7710000002
587327.6570000001
587353.1120000002
587373.5035000001
587386.6995000001
587400.3435
587405.5724999998
587423.7475
587425.108
587429.2489999998
587440.5005000001
587450.5460000001
587466.4530000002
587466.48
587466.5070000002
587474.2825000002
587486.5155000002
587497.3125
587504.6165
587514.7544999998
587537.392
587551.8914999999
587563.091
587576.7974999999
587596.0669999998
587626.3960000002
587644.7319999998
587674.381
587684.1485000001
587706.7045
587713.5079999999
587718.5425
587732.5125000002
587748.4934999999
587757.3895
587762.8110000002
587763.2459999998
587780.7525
587802.6834999998
587814.6749999998
587815.7085000002
587843.077
587854.1400000001
587857.7655000002
587867.8725
587871.0920000002
587876.0750000002
587880.9695000001
587882.6545000002
587883.9315
587886.4045000002
587908.4895000001
587933.5984999998
587978.6140000001
587996.0575000001
588007.9045000002
588037.1055000001
588055.3879999998
588078.9685
588085.3709999998
588098.0945000001
588098.8905000002
588097.4644999998
588096.1460000002
588103.213
588104.6864999998
588104.7135000001
588125.1000000001
588130.8785000001
588135.7905000001
588141.1940000001
588149.4109999998
588155.6965000001
588177.2799999998
588197.815
588214.2409999999
588225.2540000002
588245.4685
588263.6815
588263.8714999999
588279.2034999998
588301.3220000002
588301.3764999998
588317.4355000001
588330.7714999998
588342.9015000002
588370.4040000001
588404.0019999999
588417.2985
588433.9199999999
588434.3815000001
588441.2059999998
588450.1235000002
588450.1510000001
588450.4500000002
588461.8535000002
588473.3114999998
588498.4045000002
588513.0405000001
588526.3735000002
588536.4745
588556.5945000001
588558.5214999998
588559.716
588565.6320000002
588571.0299999998
588575.7749999999
588575.7744999998
588575.8020000001
588583.2069999999
588584.3435
588584.5329999998
588588.0
588591.7415
588592.2294999999
588592.4734999998
588594.6165
588597.4394999999
588602.4070000001
588604.8505000002
588610.4985000002
588614.5720000002
588615.6315000001
588642.7105
588659.3105000001
588671.807
588692.2714999998
588703.2094999999
588725.202
588736.2675000001
588747.3059999999
588754.9345
588768.5355000002
588795.801
588807.1409999998
588833.7785
588856.1035000002
588868.9049999998
588874.1880000001
588880.3725
588891.196
588907.1765000001
588922.8404999999
588925.6094999998
588931.7714999998
588949.2795000002
588987.9539999999
589016.1145000001
589017.6379999998
589025.8015000001
589037.594
589056.6120000002
589060.0635000002
589063.2445
589066.0189999999
589066.1005000002
589066.5904999999
589068.6044999999
589070.8955000001
589073.1864999998
589077.7365000001
589083.4040000001
589100.2725
589105.9885
589150.2215
589154.3034999999
589162.713
589173.3065
589182.8755000001
589186.6924999999
589189.96
589194.8895
589197.6150000002
589202.1669999999
589210.2795000002
589211.6740000001
589215.3525
589218.7544999998
589222.7795000002
589230.6335
589238.8645000001
589250.6775000002
589261.1354999999
589268.0090000001
589294.1910000001
589305.5704999999
589315.7910000002
589331.9925000002
589346.8875000002
589346.9419999998
589349.9265000001
589355.19
589361.0954999998
589372.3934999998
589376.3859999999
589383.7505000001
589405.6005000002
589424.0049999999
589439.7455000002
589443.6855000001
589444.5010000002
589449.4985000002
589455.9065
589463.3459999999
589485.7215
589505.7930000001
589524.5055
589542.3955000001
589571.4010000001
589582.7039999999
589586.6239999998
589588.2574999998
589598.469
589598.898
589598.8990000002
589611.6094999998
589615.3964999998
589617.1675
589621.0920000002
589629.8125
589634.2259999998
589644.5525000002
589647.3605
589651.5869999998
589668.7925
589687.2034999998
589694.287
589697.8125
589699.3705000002
589700.0809999998
589716.3204999999
589724.0704999999
589732.3555000001
589732.3829999999
589744.9870000002
589746.7785
589750.6055000001
589761.3025000002
589769.0210000002
589781.7940000002
589796.1954999999
589831.3084999998
589882.0520000001
589890.3080000002
589912.8790000002
589923.446
589930.8820000002
589945.131
589985.8420000002
590001.2459999998
590009.2650000001
590033.5499999998
590064.8665
590088.949
590115.4700000002
590133.6595000001
590150.7064999999
590154.6724999999
590160.912
590162.54
590162.5669999998
590165.1175000002
590172.8509999998
590211.8089999999
590223.8300000001
590253.4504999998
590267.3744999999
590267.4015000002
590267.8084999998
590297.318
590316.9955000002
590338.4440000001
590366.9550000001
590399.7525
590419.9265000001
590424.1074999999
590433.7485000002
590443.5520000001
590460.9835000001
590469.5079999999
590480.9105000002
590493.4024999999
590523.699
590535.3914999999
590554.19
590559.6779999998
590563.4545
590584.5249999999
590598.6085000001
590605.1069999998
590611.5780000002
590620.9559999998
590623.429
590626.2004999998
590631.0090000001
590636.9024999999
590660.0109999999
590673.2089999998
590678.9975
590693.1230000001
590693.2585
590703.9635000001
590718.9580000001
590735.7684999998
590755.4895000001
590768.6910000001
590774.5575000001
590781.9180000001
590825.3560000001
590848.8135000002
590867.4945
590878.7085000002
590885.9610000001
590886.7755
590892.5890000002
590901.5
590906.7170000002
590922.7480000001
590933.3374999999
590942.6800000002
590947.2965000002
590954.1690000002
590967.1529999999
590978.3994999998
590983.398
590996.5984999998
591011.503
591023.3654999998
591033.9794999999
591044.8875000002
591057.3879999998
591064.2185
591067.8505000002
591068.2030000002
591080.4054999999
591085.807
591088.6579999998
591091.5095000002
591093.7910000002
591096.8879999998
591100.3114999998
591103.4915
591108.2225000001
591110.3160000001
591114.5554999998
591124.6105
591127.0920000002
591129.682
591129.7094999999
591129.7094999999
591141.2555
591159.5655
591172.6290000002
591173.199
591186.7864999999
591213.9019999998
591225.2574999998
591242.6430000002
591255.7919999999
591259.3500000001
591260.898
591262.8530000001
591265.9484999999
591271.0515000001
591272.3544999999
591273.6030000001
591275.9904999998
591280.412
591287.2719999999
591287.4615000002
591289.1434999998
591293.4019999998
591301.7050000001
591311.9909999999
591345.0120000001
591349.8220000002
591360.639
591373.5504999999
591374.3930000002
591375.3990000002
591394.8339999998
591399.2664999999
591404.6775000002
591415.8829999999
591423.6094999998
591428.1549999998
591434.0049999999
591437.27
591446.0225
591452.381
591461.264
591469.7919999999
591472.6430000002
591475.0049999999
591479.2105
591481.7319999998
591488.858
591493.3015000001
591499.5534999999
591508.3879999998
591512.0320000001
591518.8845000002
591535.8555000001
591547.2055000002
591550.3335000002
591553.9764999999
591559.6285000001
591566.2294999999
591567.9130000002
591582.818
591599.037
591598.5950000002
591599.4739999999
591604.9215000002
591608.0655
591615.443
591627.7985
591634.6664999998
591638.6880000001
591638.5040000002
591636.3369999998
591638.494
591635.5995
591640.8675000002
591647.9330000002
591657.9994999999
591663.4819999998
591667.406
591666.5490000001
591662.3525
591658.5449999999
591655.9755000002
591650.1154999998
591647.8505000002
591644.6370000001
591632.5304999999
591622.9019999998
591621.1515000002
591622.5214999998
591620.8544999999
591617.3985000001
591609.2935000001
591603.9100000001
591595.6035000002
591592.3799999999
591590.2549999999
591590.1409999998
591583.3985000001
591575.8415000001
591573.6625000001
591549.301
591545.3905000002
591541.5384999998
591534.1490000002
591534.869
591534.1749999998
591529.483
591526.1340000001
591518.7905000001
591511.8900000001
591508.5639999998
591505.9929999998
591503.0750000002
591496.7629999998
591484.946
591476.4945
591470.673
591459.8700000001
591457.5685
591449.0325000002
591446.3879999998
591444.7089999998
591445.5395
591446.094
591442.6910000001
591445.9934999999
591450.9525000001
591451.4580000001
591449.9985000002
591452.8650000002
591453.5865000002
591457.5164999999
591474.8374999999
591477.361
591481.483
591483.1354999999
591484.2445
591484.756
591482.3799999999
591480.3080000002
591480.716
591484.0995
591485.608
591480.733
591475.9435
591476.8824999998
591486.2675000001
591492.963
591504.892
591507.9415000002
591512.0255
591510.827
591512.8815000001
591516.9180000001
591514.8705000002
591507.7204999998
591498.9424999999
591501.1609999998
591509.7069999999
591517.3739999998
591520.2344999998
591519.0274999999
591567.9470000002
591613.4449999998
591737.7825000002
591789.5965
591820.5090000001
591850.4734999998
591968.3475000001
592064.9580000001
592189.2395000001
592302.5750000002
592398.4780000001
592405.1294999998
592419.1605000002
592513.4739999999
592559.5240000002
592602.4134999998
592607.1324999998
592618.0595
592623.2675000001
592628.8835
592631.1894999999
592634.5554999998
592637.7590000001
592641.642
592643.3535000002
592644.9295000001
592646.0715000001
592646.9424999999
592638.6315000001
592629.0704999999
592621.5830000001
592611.3775
592618.27
592620.2004999998
592622.5644999999
592625.0359999998
592627.2344999998
592630.7595000002
592633.7400000002
592635.3365000002
592637.9040000001
592640.3859999999
592641.9989999998
592644.7585
592648.5290000001
592644.9045000002
592643.4805000001
592657.966
592755.2590000001
592773.5825
592829.9254999999
592836.8050000002
592873.8659999999
592951.2429999998
593017.0304999999
593005.6409999998
593059.9509999999
593138.1354999999
593193.4424999999
593239.9364999998
593271.3059999999
593333.6669999999
593384.1754999999
593474.1025
593504.4249999998
593575.6044999999
593637.412
593719.0384999998
593813.0345000001
593849.9175
593916.037
593908.4109999998
593862.7755
593924.548
593968.4254999999
594261.7170000002
594299.2034999998
594465.7149999999
594550.2489999998
594598.5469999998
594682.4835000001
594766.2379999999
594808.8900000001
594947.5014999998
594965.1105
595010.7335000001
595057.4725000001
595116.926
595167.8675000002
595219.1889999998
595270.131
595382.7949999999
595426.7310000001
595536.3015000001
595619.6770000001
595738.5869999998
595881.9755000002
595902.4945
595921.051
595967.0835000002
596042.659
596059.1395
596123.7859999998
596157.3925000001
596196.7275
596231.3849999998
596465.1145000001
596575.1875
596615.2204999998
596727.077
596776.9109999998
596782.2165000001
596841.2825000002
596889.4635000001
596915.2225000001
597000.8190000001
597004.1200000001
597117.3709999998
597151.315
597190.1475
597271.0380000002
597356.4410000001
597402.3045000001
597443.574
597474.2215
597514.1129999999
597562.5414999998
597650.3535000002
597688.6225
597689.2744999998
597726.9440000001
597765.2919999999
597854.781
597883.1529999999
597912.3695
597957.4325000001
597991.4075000002
598027.1230000001
598052.426
598069.7645
598127.1864999998
598155.8560000001
598168.1924999999
598179.2245
598192.1014999999
598192.6719999998
598193.5954999998
598202.0704999999
598169.69
598132.6055000001
598134.0115
598130.3730000001
598109.8199999998
598127.6770000001
598202.8870000001
598270.3905000002
598312.7135000001
598197.159
598169.446
598108.1984999999
597964.2655000002
598185.0359999998
598455.0115
598594.0929999999
598737.8525
598814.2725
598967.5469999998
599068.4360000002
599155.949
599441.463
599626.6039999998
599770.6434999998
599902.2000000002
599811.7390000001
600117.2960000001
600213.2914999998
600376.2540000002
600479.8665
600537.3470000001
600616.6905
600747.094
600993.5745000001
601073.2714999998
601133.7620000001
601149.2940000002
601159.6290000002
601223.7055000002
601250.3254999998
601288.5894999998
601375.0104999999
601417.0775000001
601504.3125
601548.7990000001
601593.6655000001
601627.1675
601706.3840000001
601739.2884999998
601781.8994999998
601852.9805000001
601862.2815
601897.4670000002
601946.031
602011.2579999999
602022.949
602045.872
602052.8059999999
602068.8990000002
602087.6614999999
602093.6779999998
602102.7895
602119.2149999999
602140.2059999998
602155.815
602167.4015000002
602179.9380000001
602229.236
602275.5950000002
602299.551
602309.4755000002
602347.8684999999
602415.0299999998
602445.5104999999
602469.9265000001
602490.0465000002
602512.585
602531.4775
602554.2310000001
602581.6124999998
602592.0780000002
602641.1294999998
602669.9500000002
602674.577
602692.5255
602727.3820000002
602740.0235000001
602760.9855
602770.0380000002
602787.2749999999
602800.5134999999
602824.8994999998
602857.6145000001
602878.0044999998
602890.2659999998
602898.5025
602902.5750000002
602927.344
602954.7220000001
602976.0929999999
602994.8565000002
603006.9824999999
603053.2579999999
603081.3429999999
603106.0954999998
603126.4900000002
603140.7420000001
603154.1490000002
603168.2094999999
603187.5194999999
603237.4550000001
603286.3259999999
603300.4654999999
603311.068
603328.119
603348.7875000001
603365.2995000002
603400.273
603407.5329999998
603421.2450000001
603437.0780000002
603444.9644999998
603450.8635
603468.4580000001
603475.693
603502.2595000002
603510.8769999999
603529.2884999998
603545.608
603580.3089999999
603611.7765000002
603645.7740000002
603686.0194999999
603698.2815
604211.4785000002
604217.1060000001
604258.9180000001
604329.7855000002
604346.7215
604419.4375
604485.3799999999
604507.31
604629.6179999998
604664.8624999998
604690.0860000001
604764.591
604792.5490000001
604868.0214999998
604921.503
604983.5499999998
605014.8925000001
605050.0079999999
605089.0959999999
605139.3254999998
605153.193
605195.7930000001
605214.7480000001
605234.9679999999
605290.2264999999
605367.0874999999
605391.3475000001
605401.0704999999
605421.298
605481.2570000002
605563.5644999999
605625.9644999998
605670.2510000002
605703.341
605729.969
605798.5405000001
605809.8849999998
605817.9249999998
605836.9840000002
605856.352
605885.923
605937.6625000001
605991.3415000001
606025.0074999998
606056.2000000002
606067.1094999998
606091.568
606137.5449999999
606143.9325000001
606155.4130000002
606163.1905
606175.889
606184.3174999999
606198.3650000002
606206.4934999999
606222.591
606229.1675
606236.611
606271.6184999999
606279.9934999999
606286.6510000001
606296.5184999998
606313.4295000001
606329.8220000002
606339.2294999999
606348.0655
606356.551
606372.054
606388.8640000001
606397.5635000002
606411.5954999998
606422.7645
606427.8764999998
606449.2579999999
606474.7799999998
606479.0699999998
606483.9870000002
606482.8820000002
606486.5249999999
606484.5279999999
606496.9679999999
606486.1269999999
606482.1434999998
606470.1935
606461.1795000001
606451.3530000001
606435.2855000002
606427.4589999998
606420.7335000001
606351.7365000001
606323.4040000001
606304.6255000001
606288.9109999998
606276.5904999999
606275.5674999999
606278.0904999999
606279.7694999999
606284.6205000002
606279.2990000001
606306.7850000001
606326.111
606334.5155000002
606345.8960000002
606354.872
606364.0440000002
606366.5325000002
606373.7694999999
606379.4920000001
606388.6099999999
606393.0754999998
606401.156
606410.3744999999
606416.6044999999
606426.2820000001
606431.0695000002
606435.0754999998
606441.3859999999
606443.1825000001
606441.9959999998
606445.6165
606454.5384999998
606458.4065
606467.821
606474.2455000002
606480.4479999999
606486.3560000001
606496.1179999998
606502.9755000002
606509.3730000001
606522.3964999998
606529.8805
606532.9095000001
606542.6699999999
606553.9920000001
606567.3760000002
606572.4445000002
606588.1379999998
606597.7400000002
606601.0044999998
606608.3075000001
606629.3555000001
606632.4844999998
606636.2475
606644.7370000002
606649.2335000001
606656.9870000002
606662.2429999998
606665.807
606681.3815000001
606693.7034999998
606703.7064999999
606707.8695
606711.5515000001
606720.6105
606732.0534999999
606741.1099999999
606750.3454999998
606760.8709999998
606771.0704999999
606785.3514999999
606791.6124999998
606798.5145
606804.605
606809.4114999999
606812.585
606815.5989999999
606825.145
606830.5044999998
606833.9550000001
606838.6305
606853.7255000002
606870.3404999999
606875.3470000001
606880.8955000001
606890.514
606897.1225
606918.9955000002
606928.5134999999
606936.895
606943.8374999999
606952.8845000002
606993.3480000002
607016.0125000002
607032.7195000001
607057.2174999998
607066.7590000001
607075.952
607080.6414999999
607091.9484999999
607097.0950000002
607129.4145
607146.361
607147.5359999998
607111.8845000002
607119.9005
607128.5315
607138.0495000002
607142.3065
607149.3955000001
607154.5274999999
607158.6425000001
607164.1710000001
607192.091
607236.4915
607281.0584999998
607309.2519999999
607323.7719999999
607365.818
607371.4465000001
607387.2940000002
607403.3110000002
607418.2434999999
607430.5395
607437.9084999999
607459.2799999998
607476.6044999999
607485.2820000001
607493.9575
607512.6085000001
607537.8730000001
607562.4275000002
607619.2925
607632.3415000001
607637.0345000001
607662.517
607677.0655
607694.909
607724.0049999999
607749.5715000001
607768.9840000002
607722.733
607667.3629999999
607641.165
607617.003
607571.2390000001
607526.8969999999
607508.074
607476.003
607474.2620000001
607462.7085000002
607423.3730000001
607470.6825000001
607519.2774999999
607560.8925000001
607577.477
607589.7015
607666.4435
607694.6175000002
607710.6705
607757.7735000001
607800.4920000001
607851.4419999998
607888.1455000001
607980.2264999999
608034.1869999999
608072.0255
608101.3824999998
608122.7985
608168.0444999998
608205.1535
608229.5265000002
608289.3975
608342.5035000001
608390.7965000002
608452.3289999999
608464.75
608521.6129999999
608582.9670000002
608570.0260000001
608547.548
608535.8059999999
608509.7415
608498.287
608414.9709999999
608405.4024999999
608402.5874999999
608428.4575
608414.0465000002
608405.423
608342.1055000001
608266.1439999999
608204.5395
608060.4175
607990.6235000002
607947.764
607848.909
607761.594
607733.506
607704.6264999998
607659.9010000001
607614.9929999998
607598.2735000001
607510.8769999999
607443.0260000001
607397.2710000002
607321.3654999998
607244.56
607254.0765
607217.5249999999
607230.3709999998
607229.4495000001
607225.9750000001
607224.1605000002
607216.8744999999
607213.9605
607210.0789999999
607202.4385000002
607200.69
607201.966
607187.679
607184.5559999999
607185.3790000002
607178.1065000002
607179.4045000002
607177.0720000002
607180.1085000001
607171.889
607162.4049999998
607154.8530000001
607143.6804999998
607132.3254999998
607125.3514999999
607120.7599999998
607096.4145
607089.1800000002
607083.4504999998
607065.5580000002
607058.1405000002
607049.3435
607043.2714999998
606998.8204999999
606933.5839999998
606901.9410000001
606835.932
606738.3135000002
606767.0525000002
606791.7919999999
606828.9594999999
606855.1770000001
606896.7740000002
607019.6834999998
607062.0134999999
607135.4605
607197.4495000001
607216.5504999999
607364.3220000002
607443.3755000001
607505.2429999998
607828.0534999999
607941.3229999999
608107.4920000001
608239.7234999998
608350.4564999999
608456.3289999999
608597.6510000001
608666.5465000002
608734.514
608960.8335000002
609050.77
608468.5295000002
608326.2045
608261.8859999999
608193.9164999998
608050.1699999999
607930.2919999999
607759.6179999998
607634.9720000001
607387.503
607283.2340000002
607103.1845
607027.3495
606969.935
606906.233
606858.0750000002
606827.69
606796.0929999999
606724.9909999999
606630.3319999999
606555.1839999999
606481.3735000002
606414.3620000002
606360.8764999998
606305.4925000002
606242.8840000001
606229.8879999998
606199.2124999999
606160.077
606117.2684999998
606056.7595000002
606006.869
605960.4865000001
605936.9100000001
605905.5364999999
605872.4405
605840.7289999998
605804.031
605766.2595000002
605730.6444999999
605690.1575000002
605651.3280000002
605592.3459999999
605541.5784999998
605465.7710000002
605436.0299999998
605420.3955000001
605392.0184999998
605368.7689999999
605333.679
605277.0690000001
605234.1519999998
605192.8300000001
605167.3369999998
605150.6200000001
605123.8670000001
605096.486
605057.4435
605032.4205
605011.6214999999
604993.4385000002
604990.6605000002
604985.7604999999
604969.5935
604964.2085000002
604947.202
604900.8404999999
604860.3700000001
604833.1694999998
604819.5950000002
604811.3475000001
604793.1200000001
604751.7179999999
604717.585
604696.9309999999
604672.0035000001
604659.8679999998
604651.156
604641.6090000002
604641.2850000001
604616.6625000001
604604.77
604563.0809999998
604552.6030000001
604537.9644999998
604533.6645
604525.5844999999
604477.8229999999
604472.1235000002
604467.8065
604461.5805000002
604459.52
604457.8344999999
604452.3675000002
604446.9564999999
604417.7935000001
604391.9385000002
604367.1669999999
604342.4785000002
604296.7015
604281.841
604270.3465
604263.6405000002
604256.8854999999
604249.1524999999
604232.4369999999
604223.4504999998
604213.3480000002
604201.0145
604184.9534999998
604178.4764999999
604163.5975000001
604156.3829999999
604133.1044999999
604125.5090000001
604115.4160000002
604096.4130000002
604080.6490000002
604068.9155000001
604032.8990000002
604029.3080000002
604002.7115000002
603975.1094999998
603965.5784999998
603961.1414999999
603948.4054999999
603940.4810000001
603918.7880000002
603908.2535000001
603904.3080000002
603892.2995000002
603886.8015000001
603881.0855
603869.2930000001
603866.2179999999
603855.6535
603846.7234999998
603829.0019999999
603818.3034999999
603808.8015000001
603797.4484999999
603788.9504999998
603779.1225
603753.7250000001
603707.5189999999
603679.523
603673.7209999999
603667.648
603656.3760000002
603647.6055000001
603636.5244999998
603634.5685
603624.932
603611.0745000001
603597.7574999998
603591.7370000002
603557.7749999999
603548.4035
603531.2705000001
603519.0074999998
603512.852
603506.014
603494.8195000002
603478.4805000001
603461.949
603458.574
603444.3325
603439.1329999999
603428.2629999998
603407.9989999998
603402.5784999998
603394.5734999999
603363.6625000001
603335.6940000001
603330.7650000001
603327.4435
603309.713
603307.8605
603289.8314999999
603280.9240000001
603275.4780000001
603266.6795000001
603264.7200000002
603254.6699999999
603254.369
603226.8470000001
603206.6409999998
603172.3034999999
603151.5780000002
603128.5129999998
603087.3355
603046.3234999999
603040.9330000002
603029.4695000001
603007.0334999999
602985.9874999998
602977.2195000001
602970.4355000001
602969.0384999998
602975.5384999998
602985.0380000002
602981.6875
602984.435
602975.503
602974.3284999998
602978.5729999999
602966.4759999998
602969.5724999998
602964.1765000001
602946.3934999998
602940.6784999999
602933.2179999999
602924.7220000001
602895.9295000001
602886.9759999998
602880.824
602874.2625000002
602865.872
602860.3909999998
602854.4534999998
602843.9695000001
602829.5380000002
602796.4054999999
602751.9240000001
602745.5830000001
602719.4219999998
602718.3045000001
602704.9920000001
602697.6175000002
602659.2324999999
602643.2234999998
602634.4309999999
602614.7450000001
602580.7985
602542.466
602530.7059999998
602518.7820000001
602504.0795
602467.9005
602449.8820000002
602441.1159999999
602436.0504999999
602428.9725000001
602425.7615
602418.1074999999
602410.8404999999
602406.0485
602401.6365
602395.2404999998
602369.3509999998
602352.6365
602331.4015000002
602303.8495
602225.3544999999
602210.1085000001
602181.5499999998
602144.963
602131.324
602056.1105
602043.4240000001
601977.1400000001
601957.4035
601949.5635000002
601931.7625000002
601914.1200000001
601897.7595000002
601891.5005000001
601880.9904999998
601862.8344999999
601848.1060000001
601842.9065
601833.7045
601807.9805000001
601798.8330000001
601770.358
601766.8185
601721.4100000001
601718.5520000001
601714.0325000002
601708.2075
601702.4900000002
601686.483
601677.8794999998
601670.9649999999
601665.7944999998
601659.969
601656.1025
601652.0444999998
601645.565
601633.0435000001
601628.7684999998
601580.0674999999
601564.1400000001
601549.412
601543.0410000002
601536.8879999998
601527.3305000002
601518.2110000001
601511.8390000002
601502.0389999999
601492.7009999999
601489.406
601483.8250000002
601478.1074999999
601473.48
601468.4164999998
601464.7935000001
601457.3615000001
601450.4474999998
601445.111
601440.8105000001
601433.4045000002
601417.9955000002
601410.5090000001
601394.0384999998
601388.6475
601367.2494999999
601363.7089999998
601355.1340000001
601350.0699999998
601342.7200000002
601327.5290000001
601321.4849999999
601310.6499999999
601299.9775
601296.3560000001
601251.9245000002
601216.3445000001
601189.2289999998
601150.9245000002
601105.2694999999
601094.5695000002
601081.3934999998
601072.6809999999
601062.4445000002
601052.4805000001
601033.2599999998
601017.0619999999
601005.2735000001
601002.3599999999
600979.2185
600977.6124999998
600977.3135000002
600972.304
600969.5545000001
600964.872
600960.2165000001
600958.8284999998
600957.3585000001
600955.7519999999
600948.7549999999
600947.9105000002
600946.3045000001
600945.2429999998
600937.8925000001
600933.9449999998
600933.4275000002
600930.7595000002
600926.5120000001
600925.3695
600923.9815000002
600922.0759999999
600919.9525000001
600918.5635000002
600918.1275
600897.0565
600891.1214999999
600887.8275000001
600883.145
600878.4895000001
600853.0619999999
600850.4215000002
600842.0635000002
600840.321
600836.4279999998
600830.7115000002
600822.2714999998
600815.4380000001
600812.4985000002
600804.9849999999
600800.4385000002
600789.1400000001
600787.0440000002
600782.8514999999
600770.2735000001
600759.1945000002
600756.7445
600753.0965
600748.2510000002
600736.7620000001
600730.3909999998
600722.8769999999
600714.7645
600714.0025
600707.8505000002
600707.523
600693.1490000002
600693.0669999998
600691.5699999998
600691.1345000002
600683.7845000001
600674.7195000001
600674.8004999999
600662.8224999998
600660.6995000001
600652.5869999998
600645.0184999998
600636.3339999998
600612.051
600602.1414999999
600599.1475
600596.915
600589.5920000002
600585.5355000002
600578.9205
600560.8169999998
600557.5504999999
600555.1275
600527.9045000002
600512.1970000002
600500.6264999998
600475.6085000001
600462.5959999999
600457.3144999999
600451.2985
600442.9410000001
600432.1335
600429.1115000001
600419.7744999998
600409.8110000002
600403.6039999998
600403.8215000001
600399.3025000002
600396.1719999998
600392.8509999998
600387.8960000002
600380.6275
600378.5584999998
600375.6460000002
600372.6784999999
600368.9219999998
600359.6660000002
600353.3229999999
600349.0219999999
600346.4900000002
600345.1290000002
600331.3544999999
600322.9424999999
600315.8645000001
600308.8679999998
600306.5269999998
600293.6779999998
600283.551
600145.7765000002
600072.6830000002
600027.656
599783.2459999998
599655.949
599493.0685
599338.5734999999
599257.4470000002
599038.199
598888.2990000001
598787.9745
598693.2285000002
598703.2765000002
598718.9334999998
598699.5809999998
598657.2059999998
598642.8930000002
598627.9249999998
598579.5109999999
598523.767
598488.7059999998
598474.0090000001
598454.3840000001
598429.693
598405.7965000002
598388.048
598353.6630000002
598321.3484999998
598288.2480000001
598261.2719999999
598252.7275
598233.1545000002
598200.2725
598148.1214999999
598110.8050000002
598062.6275
598049.7124999999
598051.9005
598045.4585000002
598033.2259999998
598028.7985
598012.534
597990.5079999999
597965.3854999999
597891.3484999998
597871.5869999998
597845.3735000002
597784.5584999998
597745.3870000001
597689.1414999999
597648.1384999999
597600.3135000002
597581.5329999998
597564.2195000001
597547.338
597521.2785
597429.1359999999
597348.3245000001
597251.744
597118.0495000002
597049.6009999998
596965.9019999998
596922.5049999999
596792.3254999998
596578.3259999999
596364.0189999999
596358.4700000002
596346.5835000002
596336.247
596327.1889999998
596216.1490000002
596131.4734999998
596073.3735000002
596002.5120000001
595946.5975000001
595920.5715000001
595910.6614999999
595890.0915000001
595785.7664999999
595716.8415000001
595666.3495
595596.2604999999
595504.9134999998
595464.5699999998
595427.9360000002
595339.9920000001
595268.6919999998
595207.0155000002
595161.6719999998
595098.5070000002
595086.7464999999
595049.108
595014.4855
594978.2365000001
594948.9610000001
594930.3325
594888.8420000002
594847.0279999999
594829.6000000001
594797.73
594752.7004999998
594721.409
594693.1175000002
594664.4594999999
594641.145
594610.3390000002
594592.7680000002
594565.5860000001
594543.8265
594517.4879999999
594496.7855000002
594468.048
594443.727
594410.6664999998
594385.2965000002
594323.8859999999
594288.7289999998
594201.2914999998
594178.0644999999
594143.1400000001
594104.591
594079.0359999998
594021.9019999998
594000.0805000002
593968.551
593919.909
593866.3955000001
593825.6230000001
593795.8905000002
593780.4160000002
593750.1825000001
593703.2485000002
593645.7365000001
593629.7204999998
593522.5279999999
593457.8220000002
593429.7390000001
593409.6584999999
593356.2995000002
593306.4279999998
593278.0954999998
593245.852
593162.358
593116.1554999999
593087.3629999999
593061.443
593034.5605000001
593007.5559999999
592975.253
592950.125
592929.0350000001
592887.5325000002
592863.4964999999
592826.5559999999
592801.284
592764.5389999999
592763.2315000002
592754.3034999999
592729.2740000002
592714.4029999999
592694.3399999999
592669.6519999998
592637.7429999998
592627.4219999998
592631.0035000001
592618.696
592572.6775000002
592582.0
592552.6694999998
592560.4024999999
592506.0444999998
592483.3089999999
592435.9185000001
592397.0014999998
592372.8020000001
592353.4759999998
592261.1290000002
592121.1499999999
592023.0534999999
592000.7220000001
591976.9700000002
591913.9890000001
591750.486
591668.341
591586.27
591501.6375000002
591410.4780000001
591316.7045
591228.3744999999
591166.1275
591119.1614999999
591080.5545000001
590963.0699999998
590875.571
590797.0090000001
590611.8525
590518.5104999999
590314.8265
590254.1965000001
590216.0430000001
590202.9284999999
590036.307
590007.9010000001
589977.5835000002
589918.7574999998
589866.0630000001
589844.2595000002
589795.3065
589771.5729999999
589748.665
589699.5210000002
589666.1269999999
589664.406
589639.4405
589584.233
589543.6305
589462.8220000002
589353.02
589210.6754999999
589194.1519999998
589149.1469999999
589114.4105000002
589092.1765000001
589053.7820000001
588944.7925
588913.966
588898.9509999999
588887.5414999998
588872.5565
588836.2220000001
588820.9345
588769.307
588757.716
588713.9610000001
588666.5490000001
588654.2895
588630.5704999999
588608.6379999998
588595.8254999998
588584.0874999999
588576.719
588565.27
588551.733
588528.9145
588520.2859999998
588497.3794999998
588467.1710000001
588454.7340000002
588397.6115000001
588318.5095000002
588104.4515
587995.6715000002
587940.8684999999
587893.2845000001
587832.159
587773.2374999998
587674.6490000002
587614.2505000001
587559.7179999999
587528.443
587317.5729999999
587103.4309999999
587085.0325000002
587063.8895
586981.9934999999
586913.5595
586834.7390000001
586712.7080000001
586668.7829999998
586639.4049999998
586561.1030000001
586548.2790000001
586503.2620000001
586460.3530000001
586405.869
586358.8870000001
586349.372
586355.3135000002
586112.7505000001
585952.3465
585917.2170000002
585682.7105
585442.0180000002
585371.5320000001
585371.2705000001
585285.3735000002
585180.2850000001
585168.9819999998
585119.0490000001
585042.5355000002
584936.7574999998
584879.9909999999
584869.3884999999
584786.1735
584747.2170000002
584706.824
584677.0525000002
584593.6055000001
584563.1090000002
584498.02
584430.5695000002
584402.3755000001
584390.3725
583722.6804999998
583658.0490000001
583217.0800000001
583211.267
583185.2889999999
583158.0175000001
583136.4615000002
583105.659
583104.352
583074.2974999999
583060.0959999999
582964.0
582958.8420000002
582908.27
582879.9750000001
582817.0795
582738.1779999998
582728.7225000001
582719.2549999999
582683.4435
582649.0639999998
582627.0784999998
582607.8544999999
582586.1770000001
582559.6460000002
582531.3705000002
582498.3859999999
582476.8654999998
582458.2634999999
582419.5109999999
582452.4449999998
582497.8990000002
582556.3215000001
582598.8305000002
582644.9484999999
582635.676
582579.0184999998
582494.2815
582404.6255000001
582236.8429999999
582185.9304999998
582131.4309999999
582093.9424999999
582052.0789999999
582017.088
581973.1225
581835.2725
581800.3229999999
581765.9474999998
581649.0869999998
581539.9385000002
581457.0355000002
581376.824
581340.2625000002
581288.52
581212.256
581057.0965
581025.7034999998
580844.8365000002
580751.4500000002
580706.5265000002
580599.9534999998
580548.1505
580522.4709999999
580476.6549999998
580400.4874999998
580358.807
580301.5970000001
580164.9454999999
580155.4929999998
580031.875
580022.2960000001
579996.9024999999
579716.7795000002
579654.5559999999
579592.4900000002
579578.6935
579522.369
579408.9454999999
579321.2250000001
579211.3705000002
579180.7105
579223.9890000001
579301.227
579379.8794999998
579410.3089999999
579536.7684999998
579631.3654999998
579567.4525000001
579459.4585000002
579314.1235000002
579280.8629999999
579280.5904999999
579277.1269999999
579288.2239999999
579295.6910000001
579309.3220000002
579315.1575000002
579315.7149999999
579362.2905000001
579393.5184999998
579411.1469999999
579428.7955
579472.6660000002
579513.4959999998
579603.7390000001
579616.2825000002
579620.9849999999
579618.9130000002
579624.2349999999
579642.787
579658.4470000002
579675.4745
579679.6864999998
579695.392
579696.412
579693.5044999998
579694.7680000002
579680.2480000001
579614.128
579597.5055
579563.0589999999
579568.6154999998
579541.3744999999
579534.3250000002
579533.0894999998
579516.5155000002
579515.8254999998
579518.9530000002
579523.1030000001
579530.1815
579541.1869999999
579559.6430000002
579564.9509999999
579578.9465000001
579569.6154999998
579558.0525000002
579563.0469999998
579573.8114999998
579569.7154999999
579516.5210000002
579410.5674999999
579321.2004999998
579313.531
579237.338
579133.2659999998
579066.2609999999
578999.7664999999
578947.2710000002
578806.1170000001
578742.1549999998
578697.02
578640.0844999999
578579.3769999999
578542.9339999999
578489.4569999999
578408.5729999999
578356.8355
578273.784
578192.9585000002
578164.2825000002
578115.3300000001
578097.0194999999
578062.5894999998
578080.4819999998
578075.9734999998
578047.2434999999
578027.298
578021.696
577985.0104999999
577979.6384999999
577983.5049999999
577966.1290000002
577936.969
577920.1175000002
577858.412
577843.6519999998
577827.5950000002
577857.5874999999
577888.861
577908.1035000002
577927.3824999998
577945.9704999998
578000.3319999999
578020.1565
578078.6299999999
578092.9215000002
578074.2995000002
578070.4665000001
578075.321
578035.6690000002
577962.244
577953.1009999998
577952.8265
577945.1260000002
577914.335
577892.0440000002
577879.622
577879.0095000002
577884.165
577881.0019999999
577867.2319999998
577820.7655000002
577739.2815
577632.4109999998
577637.2239999999
577639.3300000001
577640.2230000002
577635.9095000001
577627.9890000001
577626.7370000002
577605.3895
577618.0784999998
577690.8535000002
577759.3185
577794.8654999998
577877.753
577946.4619999998
578019.79
578072.5120000001
578141.3339999998
578202.7390000001
578263.8620000002
578259.6995000001
578286.4275000002
578276.3034999999
578276.0014999998
578258.5410000002
578235.1995000001
578221.8560000001
578151.267
578091.7255000002
578122.3985000001
578153.4824999999
578242.3875000002
578396.2850000001
578473.5444999998
578493.4605
578532.8824999998
578553.1540000001
578572.602
578587.463
578547.3415000001
578527.4580000001
578508.8969999999
578496.6375000002
578446.3725
578418.5619999999
578379.7645
578354.6305
578318.7919999999
578292.4394999999
578248.0384999998
578228.4275000002
578183.389
578155.4389999998
578130.037
578073.6340000001
577991.2370000002
577928.0704999999
577858.0469999998
577739.6795000001
577678.3590000002
577608.44
577550.0410000002
577523.9449999998
577470.3195000002
577426.4635000001
577407.2804999999
577401.1510000001
577387.5559999999
577372.1584999999
577310.3565000002
577258.7960000001
577216.8420000002
577182.6494999998
577106.6209999998
576999.3594999998
576926.946
576895.8165000002
576866.3489999999
576817.0729999999
576761.8029999998
576712.5244999998
576673.3620000002
576621.1395
576557.2749999999
576443.4755000002
576401.0575000001
576334.0035000001
576270.1905
576210.818
576163.5120000001
576099.0159999998
576051.6940000001
576002.4360000002
575953.1680000001
575934.2955
575901.6645
575847.2895
575800.5120000001
575791.4145
575754.0655
575701.5225
575674.1839999999
575638.8495
575532.6154999998
575515.173
575445.7000000002
575408.503
575378.8265
575325.6395
575285.5965
575231.122
575168.1974999998
575125.5240000002
575085.3605
575050.6035000002
574994.8790000002
574970.0495000002
574937.8939999999
574900.5630000001
574843.3234999999
574811.0210000002
574786.3764999998
574755.5285
574723.8089999999
574673.0175000001
574616.2209999999
574569.8050000002
574517.7400000002
574496.8709999998
574477.8015000001
574430.3560000001
574389.9509999999
574347.2464999999
574285.105
574262.006
574238.2944999998
574205.4909999999
574177.244
574153.0989999999
574144.696
574135.6830000002
574135.4345
574124.9155000001
574106.5090000001
574097.5775000001
574090.4895000001
574086.9925000002
574085.801
574081.4605
574077.423
574079.0049999999
574075.3764999998
574074.6294999998
574041.29
573935.8565000002
573902.4589999998
573900.9870000002
573844.392
573842.3475000001
573835.7245
573798.585
573712.4215000002
573535.8335000002
573510.8110000002
573483.1680000001
573440.7990000001
573408.8870000001
573392.8309999998
573384.1159999999
573382.4105000002
573355.7409999999
573336.9470000002
573301.9739999999
573281.0619999999
573396.8295
573444.2379999999
573490.7790000001
573516.0825
573459.0809999998
573408.2905000001
573386.3454999998
573390.3815000001
573395.8185
573349.838
573312.8585000001
573293.6949999998
573241.4175
573188.548
573145.389
573138.2744999998
573122.2069999999
573098.503
573067.7795000002
573030.5874999999
572987.3849999998
572921.8799999999
572817.4955000002
572817.6060000001
572817.7165000001
572821.7255000002
572834.2935000001
572843.8275000001
572843.7264999999
572836.5210000002
572824.074
572822.2604999999
572811.2445
572802.0844999999
572802.1400000001
572802.3054999998
572814.1324999998
572814.1324999998
572813.5860000001
572805.6349999998
572744.75
572655.9205
572531.5455
572409.2510000002
572317.6094999998
572098.9929999998
572082.69
571981.5315
571887.5304999999
571751.7004999998
571684.5984999998
571644.7055000002
571479.4339999999
571458.574
571426.6770000001
571320.2525
571236.7974999999
571186.452
571186.4245000002
571186.3975
571122.3975
571103.5784999998
571079.8884999999
571082.3465
571143.8944999999
571105.4445000002
571049.943
571052.3739999998
571102.6115000001
571107.8914999999
571121.5660000001
571110.7514999998
571121.3824999998
571142.8165000002
571142.0049999999
571141.3339999998
571143.3840000001
571148.8160000001
571177.0720000002
571226.5695000002
571140.7355
571055.4330000002
571032.625
570994.0904999999
570965.7365000001
570959.148
570902.8569999998
570843.4925000002
570801.9775
570730.534
570674.3585000001
570580.4199999999
570523.2230000002
570414.6954999999
570366.6625000001
570332.6354999999
570307.6809999999
570296.3925000001
570296.2255000002
570252.6370000001
570086.1140000001
570085.8665
570112.767
570131.781
570119.9589999998
570019.8245000001
569874.8714999999
569562.7609999999
569417.0869999998
569312.5074999998
569280.355
569273.5380000002
569227.8325
569060.4539999999
568805.372
568706.7379999999
568642.7565000001
568538.3424999998
568150.4295000001
567983.6090000002
567716.068
567455.8319999999
567217.1800000002
566978.06
566489.0734999999
566380.1065000002
566342.4185000001
566339.0055
566319.7374999998
566301.1915000002
566272.5559999999
566226.9849999999
566191.0795
566145.8509999998
566083.2234999998
566064.6970000002
566036.8909999998
566026.8505000002
566002.23
565976.628
566024.855
566005.71
565977.3505000002
565916.7355
565896.3769999999
565876.8309999998
565849.0565
565840.4989999998
565813.56
565795.0104999999
565750.8934999998
565733.4084999999
565723.139
565705.8884999999
565732.9465000001
565742.9054999999
565728.9849999999
565710.1414999999
565686.8390000002
565655.4169999999
565628.8900000001
565583.0890000002
565476.5954999998
565454.2185
565380.6105
565307.6260000002
565289.9745
565258.4925000002
565222.3599999999
565204.8909999998
565185.3390000002
565156.6575000002
565101.0630000001
565038.8840000001
565007.0954999998
564970.358
564945.7094999999
564918.1329999999
564889.628
564854.0090000001
564764.0795
564752.1965000001
564705.0184999998
564692.3525
564640.5095000002
564619.5545000001
564584.3169999998
564577.1970000002
564566.6349999998
564537.2080000001
564517.6354999999
564454.4955000002
564445.8169999998
564218.4610000001
563973.3760000002
563856.2935000001
563806.9585000002
563817.0839999998
563798.2625000002
563750.6349999998
563701.3130000001
563698.5699999998
563677.5504999999
563631.1795000001
563601.9624999999
563593.1614999999
563587.0350000001
563470.6039999998
563425.5129999998
563299.3165000002
563257.6614999999
563218.244
563374.7154999999
563164.8560000001
563148.9070000001
563200.1754999999
563153.4989999998
563132.1754999999
563130.4674999998
563097.4479999999
562613.9550000001
562608.9245000002
562464.6834999998
562387.3404999999
562314.6175000002
562330.7615
562330.31
562298.4449999998
562263.4215000002
562216.2209999999
562228.5159999998
562234.9049999998
562286.2735000001
562250.3775
562232.8585000001
562195.0745000001
562187.7895
562063.9109999998
561992.1129999999
561825.5129999998
561429.2799999998
561100.0635000002
560959.7725
560607.034
560423.5904999999
560437.3760000002
560462.9180000001
560366.9945
560247.5
560210.6779999998
560173.4759999998
560169.4640000002
560103.4265000001
560034.9915
559985.1770000001
559919.693
559897.8475000001
559831.2209999999
559787.3569999998
559723.8459999999
559749.4955000002
559773.8365000002
559712.685
559588.0025
559616.1754999999
559463.4915
559302.3969999999
559157.4959999998
559132.4284999999
559023.111
558832.1529999999
558777.8675000002
558775.5279999999
558773.2434999999
558771.0690000001
558645.6209999998
558574.1235000002
558392.2239999999
558315.3735000002
558211.818
558137.071
558110.2319999998
558105.5035000001
558071.1299999999
558041.4734999998
557914.4160000002
557875.8845000002
557849.9715
557848.7275
557838.2965000002
557821.8390000002
557606.4759999998
557629.2174999998
557535.0159999998
557403.2119999998
557399.2319999998
557309.9789999998
557270.8659999999
557042.1430000002
556382.0630000001
556240.8335000002
556218.7475
556195.591
556156.6529999999
556129.3390000002
556125.8445000001
556122.855
556110.4874999998
556105.9525000001
556102.5044999998
556099.2004999998
556054.2050000001
556021.1129999999
556006.3859999999
556003.6499999999
555990.2914999998
555914.3799999999
555893.3265
555890.3305000002
555854.1044999999
555792.8080000002
555679.4075000002
555633.4079999998
555626.1860000002
555615.1345000002
555609.0789999999
555589.1120000002
555575.54
555574.7725
555561.375
555546.7960000001
555533.9369999999
555514.7245
555514.6970000002
555493.8964999998
555483.2025000001
555483.1754999999
555483.1754999999
555466.5410000002
555455.9215000002
555455.8939999999
555449.8130000001
555446.5125000002
555441.7119999998
555431.7415
555390.75
555377.523
555374.9105000002
555372.31
555361.963
555346.5345000001
555344.5890000002
555343.6579999998
555287.0460000001
555263.3654999998
555246.5950000002
555201.7230000002
555191.5269999998
555191.5
555158.8125
555108.8029999998
555070.9065
555057.2264999999
555049.04
555047.3900000001
555035.7064999999
554986.9890000001
554973.6625000001
554965.7755
554955.6115000001
554951.1239999998
554949.7914999998
554940.6889999998
554930.3865
554922.5249999999
554918.608
554912.3110000002
554905.9870000002
554900.0915000001
554886.0890000002
554877.2045
554877.1499999999
554872.764
554867.9454999999
554866.2940000002
554866.2944999998
554866.2680000002
554866.2664999999
554866.2930000001
554866.2930000001
554869.5504999999
554843.4640000002
554832.2889999999
554822.1124999998
554810.6035000002
554805.0869999998
554771.801
554760.8245000001
554748.6434999998
554739.054
554733.1009999998
554715.3925000001
554708.0805000002
554701.9054999999
554693.2710000002
554688.3135000002
554688.3139999998
554688.2864999999
554686.6639999999
554684.8080000002
554684.8084999998
554684.8095
554683.6565
554678.6305
554672.5929999999
554671.0874999999
554673.5345000001
554674.091
554676.9665000001
554678.8925000001
554681.3884999999
554683.9989999998
554684.4715
554684.2985
554684.3004999999
554684.301
554690.4695000001
554685.1660000002
554696.8599999999
554715.0655
554715.202
554722.6600000001
554726.6660000002
554726.693
554726.6935
554737.4925000002
554740.8739999998
554746.7650000001
554749.7645
554750.3859999999
554756.7689999999
554757.5945000001
554757.622
554769.1069999998
554771.5504999999
554777.969
554779.0935
554780.0040000002
554782.5980000002
554782.7535000001
554782.8544999999
554784.1025
554784.7124999999
554832.3015000001
554832.3289999999
554837.341
554844.6954999999
554845.9844999998
554848.5894999998
554848.4855
554847.7779999999
554845.4105000002
554845.4109999998
554846.1320000002
554847.602
554850.7335000001
554856.997
554863.051
554868.0639999998
554874.2905000001
554883.9035
554893.2935000001
554893.321
554902.0010000002
554912.7069999999
554925.409
554930.506
554935.6035000002
554962.3250000002
554969.7655000002
554974.4980000001
554987.6099999999
555018.9870000002
555025.0260000001
555033.4704999998
555037.1225
555038.4959999998
555070.0134999999
555107.0019999999
555127.2365000001
555138.9870000002
555146.8739999998
555165.2315000002
555210.4325000001
555222.7749999999
555238.7105
555272.1129999999
555277.6945000002
555310.6889999998
555345.2365000001
555356.9805000001
555390.9405
555471.9610000001
555493.2985
555557.7765000002
555592.04
555614.0115
555634.8909999998
555669.747
555672.1264999998
555722.7045
555745.5595
555756.9739999999
555788.449
555800.1099999999
555801.8895
555810.9334999998
555841.9035
555875.696
555892.5924999998
555917.2280000001
555966.5
555975.3835
555990.4095000001
556039.0865000002
556043.0715000001
556056.5660000001
556094.4219999998
556110.0085
556114.3514999999
556135.8470000001
556144.9904999998
556164.8930000002
556177.0899999999
556181.2955
556192.9929999998
556212.6055000001
556232.3955000001
556237.1880000001
556246.7999999998
556292.3939999999
556328.3065
556329.7565000001
556330.1120000002
556336.8785000001
556347.3160000001
556361.0605000001
556375.1065000002
556385.4959999998
556390.2664999999
556408.406
556412.0935
556414.7755
556421.0965
556427.1625000001
556431.2525
556432.5425
556433.3114999998
556438.7239999999
556443.6719999998
556446.7540000002
556450.3045000001
556465.6875
556481.7960000001
556492.094
556495.4934999999
556498.4755000002
556504.2480000001
556524.926
556532.3560000001
556535.9929999998
556540.8799999999
556548.5984999998
556557.27
556562.7089999998
556567.0384999998
556567.0975000001
556567.1025
556565.551
556563.6505
556563.5520000001
556563.3999999999
556567.8525
556569.1965000001
556574.3769999999
556582.7475
556592.4610000001
556593.7845000001
556592.3615000001
