189517.223
189476.56799999997
189451.2790000001
189404.54000000004
189375.74600000004
189355.46399999992
189302.561
189253.6669999999
189231.24099999992
189222.6329999999
189202.61199999996
189195.49300000002
189170.7209999999
189140.80099999998
189100.49
189083.51099999994
189066.5519999999
189048.55000000005
188963.49
188829.8060000001
188850.54799999995
188874.9879999999
188900.18500000006
188982.3230000001
189061.338
189205.89599999995
189204.84199999995
189316.90800000005
189345.385
189374.21600000001
189738.35499999998
190380.4979999999
190908.50399999996
191192.82199999993
191678.66599999997
191968.61899999995
192069.69200000004
192219.5560000001
192378.5959999999
192782.39599999995
192949.6029999999
193240.936
193256.21900000004
193445.50600000005
193710.91299999994
193766.19699999993
193854.14800000004
194239.27399999998
194473.3700000001
194876.69999999995
195277.10499999998
195570.00099999993
195570.6669999999
195669.4950000001
195913.44500000007
195919.0730000001
195934.37400000007
196038.00399999996
196554.22399999993
196554.76799999992
196757.32700000005
196824.5560000001
196981.83899999992
197215.90999999992
197492.46699999995
197785.4879999999
198002.18200000003
198029.38899999997
198042.26399999997
198068.5519999999
198076.72900000005
198093.08400000003
198112.936
198124.57499999995
198150.3230000001
198160.84400000004
198175.78600000008
198207.21200000006
198198.38899999997
198219.4310000001
198223.40500000003
198227.304
198255.34499999997
198270.2479999999
198299.01799999992
198334.21900000004
198370.3060000001
198387.81499999994
198483.2450000001
198490.87400000007
198499.09499999997
198587.902
198682.52099999995
198800.84499999997
198944.9140000001
198996.21500000008
199095.13400000008
199100.0959999999
199172.40299999993
199251.30099999998
199358.0859999999
199476.5959999999
199508.6000000001
199556.3999999999
199659.8019999999
199914.0020000001
200025.99900000007
200119.64800000004
200136.885
200167.52399999998
200261.19500000007
200334.89800000004
200388.392
200460.4809999999
200473.00300000003
200527.59199999995
200559.22600000002
200591.18999999994
200688.40500000003
200688.80300000007
200886.98900000006
201006.7819999999
201065.45900000003
201101.30000000005
201272.20500000007
201386.20099999988
201438.57599999988
201438.67500000005
201564.75300000003
201637.9539999999
201713.21399999992
201753.4609999999
201791.35700000008
201854.49
201903.55700000003
202121.63400000008
202263.42599999998
202392.33700000006
202423.9779999999
202431.598
202458.30300000007
202491.08700000006
202519.652
202588.3430000001
202659.8430000001
202675.31000000006
202694.80099999998
202756.2039999999
202789.79799999995
202804.57499999995
202804.9210000001
202846.8870000001
202903.09400000004
202927.36800000002
202972.929
202986.52300000004
202995.4040000001
202566.5020000001
202048.39899999998
202081.90100000007
202115.40299999993
202122.67599999998
202165.32799999998
202168.29700000002
202171.29700000002
202193.69699999993
202248.5959999999
202377.7180000001
202440.03099999996
202443.35400000005
202454.50099999993
202461.963
202465.71900000004
202475.7520000001
202484.62100000004
202508.33400000003
202541.03399999999
202567.72200000007
202578.0959999999
202579.9750000001
202584.6270000001
202593.8330000001
202599.99699999997
202623.1000000001
202637.02099999995
202639.89599999995
202649.30099999998
202670.89899999998
202696.669
202735.62100000004
202717.135
202705.60700000008
202710.30499999993
202722.19900000002
202758.0
202835.50399999996
202866.1000000001
202868.37199999997
202869.61800000002
202881.1910000001
202883.40299999993
202889.41500000004
202899.73900000006
202922.8940000001
203017.89800000004
203259.50300000003
203268.89500000002
203281.11599999992
203286.037
203358.1939999999
203358.2039999999
203358.321
203411.02300000004
203429.00099999993
203453.29900000012
203470.92299999995
203484.12400000007
203494.98200000008
203509.3970000001
203531.70200000005
203522.19699999993
203518.09700000007
203548.412
203579.83899999992
203652.40100000007
203652.0660000001
203651.91599999997
203653.96500000008
203656.598
203669.2379999999
203671.52300000004
203754.69999999995
203762.68299999996
203802.3189999999
203803.6769999999
203807.304
203847.70299999998
203902.60400000005
203982.49600000004
204046.29799999995
204090.1029999999
204119.19999999995
204246.598
204372.8999999999
204464.28499999992
204541.27000000002
204541.30000000005
204546.0519999999
204643.31499999994
204700.00099999993
204721.73600000003
204772.9040000001
204772.9040000001
204772.91299999994
204772.94299999997
204773.84899999993
204791.70299999998
204808.77799999993
204812.39299999992
204814.44299999997
204834.902
204874.7039999999
204892.09700000007
204936.6980000001
204950.9979999999
204863.5049999999
204867.04300000006
204875.8189999999
204873.85100000002
204871.098
204870.80300000007
204866.62100000004
204866.30700000003
204863.90500000003
204874.05300000007
204872.1299999999
204863.68500000006
204861.804
204857.6569999999
204851.8899999999
204831.9609999999
204826.79799999995
204798.2039999999
204781.49699999997
204774.939
204766.64800000004
204774.77600000007
204781.39800000004
204749.3330000001
204739.60700000008
204778.21399999992
204828.7250000001
204837.017
204850.29099999997
204879.94699999993
204896.4410000001
204941.89800000004
204974.429
204985.71900000004
204995.20099999988
205034.90299999993
205069.20200000005
205092.32400000002
205121.8330000001
205220.80000000005
205354.19999999995
205366.88599999994
205382.14899999998
205429.87899999996
205462.3999999999
205526.9680000001
205547.733
205556.6059999999
205812.1980000001
206060.581
206568.4040000001
206806.4480000001
207016.43699999992
207366.56199999992
207960.05300000007
208064.08400000003
208128.69200000004
208128.7919999999
208221.561
208319.63100000005
208319.76
208346.902
208350.44699999993
208355.12199999997
208356.2209999999
208367.09700000007
208368.706
208376.44999999995
208376.87800000003
208382.79499999993
208389.76799999992
208389.77799999993
208389.78799999994
208394.63899999997
208436.90899999999
208442.20200000005
208450.10199999996
208470.49699999997
208483.39599999995
208494.89500000002
208504.6470000001
208509.39500000002
208516.5589999999
208523.70299999998
208547.89899999998
208555.38100000005
208570.544
208576.75699999998
208583.9950000001
208589.885
208594.53099999996
208597.8060000001
208601.10199999996
208619.19900000002
208620.33000000007
208622.09700000007
208634.05300000007
208636.79700000002
208640.7960000001
208642.57199999993
208653.62400000007
208658.554
208676.99699999997
208696.89800000004
208704.09700000007
208707.24099999992
208709.63400000008
208723.89800000004
208734.6399999999
208743.2620000001
208746.865
208756.8160000001
208766.6640000001
208766.7039999999
208770.5049999999
208773.2080000001
208776.12599999993
208777.1200000001
208778.39800000004
208787.09499999997
208792.52099999995
208796.7250000001
208819.0020000001
208845.7039999999
208849.2579999999
208851.3359999999
208859.3160000001
208871.53000000003
208867.64899999998
208859.5249999999
208922.6710000001
208944.80499999993
209015.0959999999
209055.20200000005
209057.1839999999
209064.53300000005
209075.1059999999
209081.50399999996
209089.36899999995
209093.79700000002
209117.7520000001
209127.169
209168.50300000003
209211.20299999998
209275.0959999999
209275.11599999992
209279.00399999996
209296.39500000002
209324.90500000003
209337.29799999995
209362.30000000005
209365.17200000002
209370.733
209377.75099999993
209384.79799999995
209406.6029999999
209417.80000000005
209420.1440000001
209422.01399999997
209427.3999999999
209430.9920000001
209435.1170000001
209446.4879999999
209455.3019999999
209459.4709999999
209468.135
209529.59199999995
209536.5959999999
209544.79900000012
209571.94999999995
209584.1440000001
209587.2209999999
209601.59700000007
209601.706
209623.80300000007
209635.4410000001
209644.83499999996
209674.32499999995
209674.80300000007
209674.81300000008
209705.9310000001
209731.3870000001
209756.99099999992
209773.50399999996
209787.10100000002
209792.03399999999
209801.93999999994
209804.635
209808.80099999998
209815.99
209817.72600000002
209828.8999999999
209831.6029999999
209836.0049999999
209845.97600000002
209851.41800000006
209873.2379999999
209875.169
209876.90100000007
209876.89800000004
209876.91500000004
209889.537
209887.32799999998
209876.63400000008
209862.44299999997
209856.49699999997
209856.75300000003
209857.0290000001
209834.821
209834.71699999995
209834.59499999997
209832.30000000005
209819.8970000001
209820.19999999995
209826.43699999992
209838.91999999993
209846.11400000006
209847.90500000003
209853.30000000005
209906.59899999993
209974.48399999994
210022.93800000008
210234.5
210412.77000000002
210499.581
210519.2039999999
210627.19900000002
210627.29700000002
210627.2960000001
210627.32499999995
210657.18500000006
210697.09499999997
211035.89800000004
211100.09400000004
211212.446
211277.50300000003
211379.79799999995
211383.74699999997
211387.706
211417.46399999992
211473.60100000002
211473.6000000001
211473.6200000001
211474.0
211475.31300000008
211476.50399999996
211479.77000000002
211483.9709999999
211484.25900000008
211484.50300000003
211490.3970000001
211492.12400000007
211494.76099999994
211501.7960000001
211503.6980000001
211505.00099999993
211503.99699999997
211504.29799999995
211503.19699999993
211502.08499999996
211502.787
211505.60400000005
211507.70500000007
211509.7960000001
211514.20099999988
211519.0959999999
211520.0460000001
211518.6540000001
211519.93299999996
211524.5789999999
211534.5859999999
211539.8459999999
211544.9750000001
211550.85499999998
211553.46999999997
211556.36899999995
211561.93500000006
211571.2749999999
211576.706
211577.73699999996
211578.0859999999
211577.41100000008
211578.36100000003
211582.044
211585.83899999992
211593.6499999999
211599.6669999999
211600.90599999996
211599.43299999996
211600.24399999995
211603.92999999993
211613.99900000007
211619.7420000001
211621.75600000005
211629.6200000001
211633.84899999993
211643.87100000004
211654.0020000001
211664.4339999999
211675.4580000001
211681.80799999996
211693.95999999996
211697.0789999999
211698.017
211706.26
211706.25
211706.48200000008
211706.71500000008
211712.97699999996
211732.902
211732.7420000001
211734.55799999996
211736.2919999999
211743.8700000001
211767.3189999999
211774.56000000006
211786.80099999998
211788.3330000001
211790.77300000004
211810.96399999992
211832.43200000003
211841.72600000002
211852.04099999997
211863.39899999998
211895.83700000006
211913.49099999992
211929.87899999996
211944.6540000001
211951.2180000001
211957.79700000002
211981.83499999996
211991.2039999999
212003.42599999998
212015.33899999992
212024.642
212057.25600000005
212068.108
212074.8670000001
212083.31499999994
212086.19699999993
212093.04900000012
212100.5079999999
212117.2960000001
212120.74300000002
212128.0460000001
212131.79900000012
212131.8089999999
212131.83899999992
212133.34100000001
212144.79700000002
212147.80000000005
212148.17200000002
212151.77799999993
212154.16500000004
212154.19699999993
212154.19900000002
212150.4979999999
212149.3019999999
212148.0560000001
212142.39100000006
212139.33700000006
212139.358
212137.24600000004
212124.3999999999
212118.96399999992
212118.206
212125.72600000002
212132.70099999988
212135.12199999997
212140.4410000001
212147.00900000008
212155.385
212163.44500000007
212173.51099999994
212183.55700000003
212187.21699999995
212190.162
212190.21200000006
212193.456
212196.5930000001
212202.6170000001
212205.34199999995
212205.0149999999
212206.875
212208.0560000001
212207.04799999995
212208.04000000004
212211.17800000007
212214.402
212215.92200000002
212218.7039999999
212220.77000000002
212227.65999999992
212240.12400000007
212240.3559999999
212240.58899999992
212250.70699999994
212256.22699999996
212262.06199999992
212265.84100000001
212267.31199999992
212270.53799999994
212272.37899999996
212273.2520000001
212274.8500000001
212273.92400000012
212270.58700000006
212265.39800000004
212263.0660000001
212260.75399999996
212245.90800000005
212244.1029999999
212240.5020000001
212240.28499999992
212239.44699999993
212239.47399999993
212235.4709999999
212227.69999999995
212224.375
212215.19299999997
212215.0930000001
212217.28499999992
212218.15999999992
212216.92299999995
212216.62800000003
212219.8799999999
212223.8870000001
212229.5249999999
212299.9269999999
212414.95900000003
212516.6499999999
212574.58400000003
212634.6980000001
212683.00300000003
212772.70099999988
212739.0560000001
212735.1059999999
212729.4779999999
212685.4480000001
212656.56199999992
212656.794
212657.02600000007
212689.94699999993
212733.439
212733.44900000002
212739.47900000005
212747.16999999993
212771.0789999999
212805.24
212815.70099999988
212826.46900000004
212848.79099999997
212869.37899999996
212878.8970000001
212887.89599999995
212897.1540000001
212906.36199999996
212926.6540000001
212938.09700000007
212941.32400000002
212946.8089999999
212956.7720000001
212966.20099999988
212987.30300000007
212987.88800000004
212987.9480000001
213017.7819999999
213062.55499999993
213062.79700000002
213063.0290000001
213121.6440000001
213129.338
213164.59100000001
213219.68999999994
213262.4439999999
213273.1059999999
213281.80300000007
213321.19699999993
213357.50099999993
213371.6000000001
213371.59899999993
213371.63899999997
213376.8899999999
213379.40299999993
213368.9979999999
213363.80099999998
213363.8019999999
213367.79099999997
213372.55099999998
213398.80700000003
213406.8089999999
213408.00600000005
213409.213
213421.33700000006
213427.08700000006
213431.60400000005
213434.02799999993
213434.608
213434.6769999999
213447.3970000001
213450.69900000002
213468.429
213496.79700000002
213506.79099999997
213541.59400000004
213565.6540000001
213592.30300000007
213595.939
213607.936
213636.0390000001
213649.3970000001
213698.70099999988
213754.0020000001
213772.304
213790.80499999993
213801.93299999996
213803.21999999997
213811.99699999997
213816.287
213818.277
213819.97699999996
213823.39800000004
213837.7960000001
213844.76600000006
213854.40100000007
213859.5419999999
213866.10400000005
213878.89599999995
213898.50399999996
213904.92999999993
213908.60400000005
213909.19999999995
213913.09700000007
213911.20099999988
213908.90299999993
213909.4040000001
213918.1000000001
213919.8019999999
213948.30300000007
213954.65299999993
213970.0460000001
213982.027
213991.60100000002
213998.29900000012
214007.61199999996
214016.21399999992
214034.81700000004
214035.098
214035.15800000005
214043.35400000005
214103.25900000008
214125.12199999997
214131.1839999999
214132.20099999988
214133.7309999999
214141.35400000005
214153.62800000003
214158.338
214191.74099999992
214230.91599999997
214244.24900000007
214266.70299999998
214274.43500000006
214279.76600000006
214287.29900000012
214307.95900000003
214326.42999999993
214331.0419999999
214332.80099999998
214350.82799999998
214403.14100000006
214403.8459999999
214403.89599999995
214436.19699999993
214437.22600000002
214461.088
214482.88599999994
214496.635
214511.25300000003
214530.79499999993
214557.80000000005
214562.55300000007
214566.40899999999
214579.11899999995
214583.80099999998
214596.69999999995
214597.17800000007
214603.16299999994
214608.67800000007
214614.3829999999
214620.15299999993
214623.80300000007
214637.0
214638.54700000002
214640.6640000001
214655.56700000004
214657.00300000003
214657.01300000004
214657.02300000004
214662.87100000004
214674.689
214674.69900000002
214694.213
214719.304
214724.544
214737.8529999999
214778.1059999999
214809.38100000005
214832.7790000001
214850.7890000001
214875.82000000007
214888.6769999999
214894.14299999992
214894.17299999995
214902.39599999995
214907.79499999993
214909.33499999996
214914.52300000004
214924.12100000004
214933.44699999993
214935.108
214935.30799999996
214941.79499999993
214993.69699999993
215030.30300000007
215044.34400000004
215053.90100000007
215055.91100000008
215057.79099999997
215062.69699999993
215066.706
215076.81199999992
215084.96200000006
215095.09700000007
215095.22600000002
215105.838
215107.527
215103.80700000003
215102.885
215102.19999999995
215087.9979999999
215077.00300000003
215071.99900000007
215072.1029999999
215076.20200000005
215083.6980000001
215102.30099999998
215107.60400000005
215149.2960000001
215149.8529999999
215156.44299999997
215167.88100000005
215185.983
215191.7309999999
215230.696
215235.8970000001
215242.46200000006
215247.24600000004
215251.811
215257.10400000005
215273.19900000002
215286.5
215287.14100000006
215287.7209999999
215288.9069999999
215289.098
215296.97699999996
215296.99699999997
215306.5959999999
215311.89599999995
215315.6710000001
215320.0
215330.93299999996
215333.60199999996
215359.09499999997
215366.50099999993
215368.6980000001
215378.70299999998
215382.7620000001
215382.79300000006
215382.80300000007
215383.99900000007
215391.13899999997
215398.0120000001
215402.54900000012
215415.77799999993
215431.39899999998
215475.00399999996
215484.89800000004
215503.19500000007
215521.40100000007
215525.23600000003
215527.4040000001
215534.89500000002
215539.2039999999
215552.39800000004
215572.9040000001
215577.70299999998
215587.2790000001
215593.8189999999
215602.4950000001
215609.50300000003
215611.5079999999
215611.6029999999
215613.54900000012
215620.6000000001
215623.20299999998
215624.63400000008
215625.7279999999
215627.96999999997
215631.20299999998
215640.09700000007
215639.50300000003
215639.30700000003
215634.91800000006
215634.87100000004
215634.8019999999
215635.69900000002
215645.3430000001
215653.7420000001
215671.0930000001
215675.0959999999
215676.60499999998
215681.42800000007
215690.8670000001
215692.48200000008
215728.0049999999
215746.05000000005
215748.4310000001
215785.517
215805.1270000001
215832.4210000001
215838.75300000003
215871.14299999992
215899.55000000005
215905.99900000007
215911.38400000008
215910.84700000007
215906.5149999999
215877.8430000001
215876.875
215829.69699999993
215823.6200000001
215815.22699999996
215813.42999999993
215802.24300000002
215781.79300000006
215772.5
215772.49900000007
215755.9210000001
215748.80700000003
215745.375
215735.1000000001
215732.57400000002
215726.52600000007
215695.90599999996
215689.902
215665.8019999999
215650.50300000003
215647.71999999997
215639.84100000001
215635.52300000004
215632.5959999999
215630.50699999998
215626.74399999995
215647.00300000003
215648.3160000001
215647.47600000002
215646.19500000007
215643.1499999999
215640.135
215655.446
215676.27399999998
215677.24
215682.39800000004
215698.081
215702.82000000007
215704.85100000002
215709.6980000001
215716.79799999995
215719.41999999993
215721.42299999995
215726.50399999996
215727.30099999998
215720.8999999999
215723.10199999996
215732.57700000005
215739.33000000007
215744.15999999992
215749.50099999993
215749.80300000007
215750.11599999992
215782.70099999988
215796.04700000002
215808.8899999999
215824.93200000003
215829.99600000004
215843.31199999992
215851.78099999996
215851.79000000004
215851.80000000005
215861.69999999995
215873.0560000001
215895.017
215916.71500000008
215931.9310000001
215942.3019999999
215962.50099999993
215976.10199999996
216011.8019999999
216054.89599999995
216082.598
216102.0730000001
216117.9680000001
216152.662
216166.50300000003
216232.29799999995
216258.838
216272.61800000002
216321.5859999999
216398.2960000001
216455.74099999992
216473.22900000005
216484.3970000001
216516.60100000002
216545.09899999993
216576.69699999993
216621.1839999999
216621.1939999999
216639.04300000006
216655.358
216675.01099999994
216675.02099999995
216709.59499999997
216711.36400000006
216722.27000000002
216727.59100000001
216735.6980000001
216751.15999999992
216770.67299999995
216805.4950000001
216836.5830000001
216877.95699999994
216904.78499999992
216912.29700000002
216919.8970000001
216924.83000000007
216931.18699999992
216936.2620000001
216940.1980000001
216945.93500000006
216953.5560000001
216971.89299999992
216982.00399999996
216996.78799999994
217013.5519999999
217072.6000000001
217077.59700000007
217079.18800000008
217116.973
217170.93699999992
217183.69699999993
217207.29700000002
217211.7960000001
217211.84700000007
217235.598
217259.3999999999
217298.59899999993
217303.39500000002
217305.27300000004
217328.06199999992
217355.29900000012
217363.912
217376.8629999999
217420.2279999999
217427.40299999993
217457.39899999998
217611.75699999998
217611.79700000002
217683.733
217709.581
217765.662
217798.2819999999
217845.2279999999
217856.70699999994
217861.80000000005
217861.79900000012
217861.8089999999
217862.18699999992
217865.8019999999
217879.35499999998
217885.5390000001
217890.206
217890.80700000003
217898.6170000001
217898.79499999993
217898.83400000003
217897.29799999995
217880.53000000003
217880.52000000002
217880.49900000007
217873.2960000001
217868.402
217866.47200000007
217856.83199999994
217853.40599999996
217850.14100000006
217846.89599999995
217848.15100000007
217849.4069999999
217853.72699999996
217859.29700000002
217865.3019999999
217872.33199999994
217876.70200000005
217898.3970000001
217941.90899999999
217989.82000000007
218022.37599999993
218027.8230000001
218033.8970000001
218047.429
218052.385
218053.7620000001
218062.5020000001
218076.98200000008
218081.8459999999
218147.31499999994
218167.19900000002
218180.54099999997
218262.9920000001
218288.804
218299.86400000006
218317.78600000008
218321.09100000001
218332.00300000003
218334.267
218336.2450000001
218346.80300000007
218363.49900000007
218380.39599999995
218406.60100000002
218410.91500000004
218425.83499999996
218448.0120000001
218467.69500000007
218474.28499999992
218483.50099999993
218502.00300000003
218523.55799999996
218523.588
218525.79099999997
218569.35100000002
218590.1229999999
218599.16100000008
218625.94500000007
218647.94500000007
218656.28600000008
218672.01
218680.4069999999
218711.85899999994
218718.5419999999
218739.69299999997
218748.82799999998
218781.66999999993
218814.54799999995
218833.4140000001
218848.061
218864.61199999996
218879.6569999999
218923.392
218950.75300000003
218999.33899999992
219007.26399999997
219042.06300000008
219078.89100000006
219083.6229999999
219116.22999999998
219120.03600000008
219123.61100000003
219129.23699999996
219133.41599999997
219136.67500000005
219152.6810000001
219158.8999999999
219156.63800000004
219156.6470000001
219155.4950000001
219156.79700000002
219155.7749999999
219154.54000000004
219144.07199999993
219139.50099999993
219126.40299999993
219124.064
219119.84700000007
219116.95900000003
219116.49600000004
219116.76399999997
219117.4310000001
219123.723
219131.90100000007
219143.69900000002
219161.09499999997
219185.7749999999
219187.936
219212.80000000005
219220.67200000002
219231.53499999992
219233.47699999996
219234.6029999999
219265.0020000001
219333.4040000001
219382.35499999998
219401.49399999995
219409.1329999999
219419.4040000001
219433.294
219442.0959999999
219455.40299999993
219472.20099999988
219498.804
219547.20299999998
219568.29799999995
219589.50300000003
219615.902
219632.49699999997
219671.09899999993
219724.19999999995
219736.20099999988
219755.39899999998
219762.41299999994
219765.24300000002
219773.69200000004
219773.70099999988
219778.49900000007
219780.82799999998
219784.54300000006
219796.189
219803.59899999993
219828.8529999999
219830.27799999993
219830.29799999995
219839.79099999997
219851.50300000003
219889.60100000002
219931.60100000002
219931.6399999999
219944.93299999996
219947.821
219955.4040000001
219957.10400000005
219964.49300000002
219983.59700000007
219992.0190000001
219995.4979999999
219995.4979999999
219995.51799999992
219997.96600000001
220002.99900000007
220002.358
220000.8459999999
219991.38599999994
219991.1000000001
219987.304
219987.27300000004
219976.13899999997
219971.75699999998
219970.196
219978.89599999995
219979.65299999993
219980.43200000003
219983.7109999999
219985.2309999999
219996.79900000012
219998.16599999997
219998.733
220006.04499999993
220019.90100000007
220037.4040000001
220047.3940000001
220057.0020000001
220060.92999999993
220071.54700000002
220082.2039999999
220090.86400000006
220105.22900000005
220113.40299999993
220117.80099999998
220133.39899999998
220134.92200000002
220150.0460000001
220153.36800000002
220156.40299999993
220159.09499999997
220164.1000000001
220181.9979999999
220185.59899999993
220194.12599999993
220212.7109999999
220214.375
220225.69500000007
220240.04799999995
220251.3160000001
220291.69200000004
220294.4210000001
220371.95900000003
220394.02600000007
220417.00300000003
220458.79499999993
220487.936
220526.84000000008
220550.24300000002
220583.814
220605.30300000007
220626.8019999999
220640.39800000004
220671.19900000002
220672.58899999992
220680.5460000001
220688.6910000001
220688.84899999993
220689.304
220708.10400000005
220713.32400000002
220715.21600000001
220715.36100000003
220716.00300000003
220712.35400000005
220709.24600000004
220702.47399999993
220699.89599999995
220683.0
220681.696
220683.5049999999
220683.804
220686.9410000001
220692.18800000008
220698.4979999999
220705.2080000001
220706.5249999999
220716.07700000005
220729.2890000001
220730.46399999992
220733.2960000001
220734.24300000002
220735.22999999998
220735.94900000002
220737.3019999999
220755.39599999995
220760.912
220773.93200000003
220780.35400000005
220816.8019999999
220846.3999999999
220868.8700000001
220883.80300000007
220901.25099999993
220909.70099999988
220931.321
220961.06499999994
220975.679
221056.19900000002
221078.23600000003
221087.63899999997
221190.24699999997
221207.93800000008
221219.19999999995
221259.0020000001
221260.733
221262.72900000005
221293.6270000001
221299.61800000002
221304.70200000005
221309.39899999998
221310.09499999997
221318.35199999996
221326.62899999996
221342.60199999996
221379.2479999999
221391.54700000002
221405.0959999999
221468.5020000001
221476.8970000001
221513.2720000001
221536.848
221550.32599999988
221569.30700000003
221581.01
221599.8970000001
221686.6000000001
221786.59899999993
221802.80099999998
221833.3430000001
221896.0589999999
221905.0
221905.01
221905.05000000005
221906.9069999999
221914.186
221914.19500000007
221914.74399999995
221914.79700000002
221914.79700000002
221914.4680000001
221912.52300000004
221911.91100000008
221911.0020000001
221895.20500000007
221891.11800000002
221886.57599999988
221879.79900000012
221868.99699999997
221869.79499999993
221870.41599999997
221875.83000000007
221878.20099999988
221891.2890000001
221896.90999999992
221988.16299999994
222004.54900000012
222005.456
222005.60400000005
222010.76600000006
222017.89899999998
222023.5020000001
222032.10400000005
222036.53799999994
222038.82400000002
222052.40100000007
222065.9979999999
222088.79900000012
222120.79799999995
222124.70699999994
222152.642
222175.70299999998
222207.1000000001
222217.70299999998
222241.89500000002
222261.5149999999
222284.0319999999
222289.5959999999
222291.24699999997
222288.28600000008
222285.89800000004
222318.72600000002
222331.80799999996
222341.29499999993
222342.32700000005
222349.9210000001
222356.5789999999
222360.85199999996
222373.8189999999
222386.59700000007
222389.19900000002
222390.20299999998
222391.2080000001
222411.49300000002
222427.42299999995
222443.80000000005
222476.2039999999
222482.21999999997
222487.06700000004
222497.385
222501.3019999999
222531.49699999997
222551.70999999996
222576.429
222597.12899999996
222610.22999999998
222645.62400000007
222667.70099999988
222674.52399999998
222683.60199999996
222691.60100000002
222713.50300000003
222717.19900000002
222720.946
222726.1200000001
222727.26799999992
222767.80000000005
222787.29700000002
222787.29700000002
222787.31700000004
222787.71999999997
222814.40100000007
222826.94299999997
222857.44200000004
222862.7109999999
222868.2790000001
222868.29900000012
222869.16100000008
222874.65299999993
222902.42500000005
222909.061
222910.99699999997
222911.06300000008
222911.11100000003
222917.80499999993
222919.04499999993
222922.79799999995
222926.1029999999
222960.20299999998
222993.19999999995
222998.20099999988
223025.19500000007
223038.48200000008
223054.51
223055.11899999995
223055.69999999995
223064.89500000002
223092.01399999997
223104.1059999999
223124.5930000001
223157.74600000004
223230.01
223257.037
223289.6910000001
223302.1100000001
223345.402
223354.071
223365.821
223374.90500000003
223384.34899999993
223412.70299999998
223417.92299999995
223423.5
223434.75
223459.99900000007
223476.4580000001
223483.80000000005
223500.32000000007
223579.115
223605.50699999998
223622.82000000007
223692.1000000001
223706.90299999993
223711.52799999993
223725.9410000001
223831.94299999997
223843.74399999995
223871.4069999999
223888.7479999999
223907.79700000002
223922.36599999992
223937.08499999996
223957.5290000001
223966.31199999992
223975.2620000001
223975.28099999996
223975.3019999999
223978.1000000001
223983.5959999999
223988.58700000006
224001.51600000006
224002.62199999997
224004.1200000001
224004.2350000001
224009.1129999999
224013.2919999999
224024.6470000001
224026.5859999999
224026.66100000008
224021.6059999999
224001.186
224006.13800000004
224013.95999999996
223605.1200000001
223051.08499999996
222806.98900000006
222630.33199999994
222413.18299999996
221828.38599999994
221356.0789999999
221103.75699999998
220941.1229999999
220699.98200000008
220523.03000000003
220484.82700000005
220388.6810000001
220308.81799999997
220171.6129999999
220166.3700000001
220010.54099999997
219957.07199999993
219698.5560000001
219548.33700000006
219526.71200000006
219481.93200000003
219399.57799999998
219355.42800000007
219280.6329999999
219254.9439999999
219249.39800000004
219244.41299999994
219237.919
219233.60199999996
219232.8899999999
219162.74399999995
218888.58899999992
218603.4979999999
218390.7960000001
218203.38599999994
218146.4269999999
218128.54300000006
218025.3770000001
218020.61199999996
217970.6769999999
217640.0049999999
217589.45699999994
217574.0789999999
217451.0930000001
217441.48600000003
217409.86100000003
217287.35100000002
217261.43500000006
217229.5149999999
217226.10100000002
217156.733
217105.0460000001
217032.2479999999
216743.89899999998
216380.96399999992
216245.3060000001
215948.5830000001
215856.7039999999
215442.2919999999
215232.223
215093.3829999999
215059.97200000007
215213.39899999998
215203.95099999988
215306.84899999993
215390.41299999994
215474.3970000001
215550.39100000006
215580.02000000002
215600.27399999998
215618.9580000001
215596.6769999999
215627.34100000001
215661.84000000008
215672.74600000004
215687.598
215715.87800000003
215763.669
215814.75300000003
215906.78399999999
216010.3970000001
216027.87100000004
216064.37599999993
216086.10899999994
216125.52600000007
216148.92999999993
216168.01799999992
216195.7960000001
216234.3770000001
216253.79099999997
216271.196
216309.8799999999
216336.9580000001
216386.956
216543.09000000008
216730.3899999999
216837.12899999996
216873.40800000005
216937.314
216976.45500000007
216982.89800000004
217025.86899999995
217075.017
217109.18999999994
217254.87400000007
217395.12100000004
217474.4879999999
217486.08700000006
217700.28399999999
217875.06700000004
217962.7520000001
218038.60700000008
218052.87800000003
218081.85899999994
218037.59899999993
217969.4339999999
217844.92299999995
217761.8330000001
217661.9680000001
217648.689
217715.82799999998
217758.60499999998
217694.5660000001
217747.29099999997
217763.9480000001
217763.588
217780.84000000008
217852.08199999994
217853.97900000005
217883.92400000012
217902.3330000001
217923.08700000006
217975.9140000001
217997.13599999994
218009.27000000002
218021.17500000005
218038.28799999994
218053.071
218012.5789999999
218050.56199999992
218077.67599999998
218088.43699999992
218094.68200000003
218078.47999999998
218080.865
218086.96399999992
218094.32499999995
218096.1569999999
218108.3829999999
218123.892
218127.64599999995
218143.2479999999
218146.9750000001
218157.61800000002
218163.10100000002
218166.10400000005
218177.17299999995
218203.83499999996
218216.18500000006
218219.99
218243.63199999998
218253.26799999992
218256.83700000006
218266.88400000008
218269.8459999999
218269.36400000006
218270.81700000004
218269.47600000002
218261.92299999995
218265.902
218278.04700000002
218286.071
218284.635
218285.81799999997
218297.5220000001
218314.0220000001
218324.09000000008
218327.20699999994
218336.59100000001
218341.40800000005
218351.1399999999
218385.03099999996
218356.8670000001
218401.04000000004
218399.83499999996
218401.2890000001
218418.34100000001
218431.88199999998
218436.7180000001
218437.68200000003
218455.483
218465.94900000002
218479.77600000007
218494.16100000008
218506.91299999994
218512.04099999997
218519.1270000001
218531.929
218539.30000000005
218551.86199999996
218574.0789999999
218578.081
218588.68800000008
218601.8729999999
218627.83700000006
218661.0049999999
218672.5049999999
218750.70999999996
218777.12800000003
218807.07199999993
218833.76300000004
218848.32199999993
218900.23699999996
218986.21999999997
219000.38100000005
219054.30300000007
219115.76600000006
219116.267
219122.02000000002
219128.2690000001
219149.56300000008
219182.081
219193.94200000004
219231.39100000006
219256.92999999993
219263.29700000002
219339.38199999998
219338.287
219332.51600000006
219317.669
219292.74699999997
219279.40299999993
219226.81300000008
219253.686
219309.4920000001
219298.54099999997
219322.463
219321.8670000001
219361.80300000007
219392.67200000002
219424.41999999993
219452.63899999997
219479.2620000001
219510.23900000006
219545.00600000005
219574.9310000001
219587.0220000001
219630.02600000007
219645.25699999998
219653.24300000002
219663.62199999997
219667.5
219673.16999999993
219627.79300000006
219616.91800000006
219617.05000000005
219573.00900000008
219521.0049999999
219373.38899999997
219355.60400000005
219273.2620000001
219246.02799999993
219222.60100000002
219189.38100000005
219141.35700000008
219117.56700000004
219071.3729999999
218837.80799999996
218819.30300000007
218797.5220000001
218770.10899999994
218717.90599999996
218692.3770000001
218630.86800000002
218558.946
218496.4140000001
218429.74300000002
218391.15899999999
218350.4439999999
218280.92599999998
218245.15899999999
218164.97399999993
218139.99300000002
218118.73399999994
218082.46999999997
217996.1059999999
217457.71500000008
217045.74
217198.23399999994
217389.027
217633.78099999996
217562.8060000001
217349.412
217252.7180000001
217214.86199999996
217183.81799999997
217035.03600000008
216750.91999999993
216591.25300000003
216573.8089999999
216446.125
216204.2039999999
215752.3870000001
215475.4439999999
215312.3559999999
215025.8459999999
214564.642
214367.54700000002
214226.8359999999
214035.2109999999
213988.95200000005
213946.43999999994
213937.75399999996
213934.1100000001
213930.9709999999
213924.9920000001
213923.28099999996
213922.73399999994
213921.5959999999
213916.63899999997
213914.51300000004
213903.6100000001
213898.93200000003
213892.46999999997
213887.92200000002
213873.27799999993
213867.4779999999
213863.814
213860.69699999993
213858.66500000004
213844.83899999992
213826.7379999999
213822.50900000008
213817.17999999993
213811.4310000001
213804.27000000002
213794.375
213787.50900000008
213780.2720000001
213775.1059999999
213768.1270000001
213746.48699999996
213739.05099999998
213730.45699999994
213725.69900000002
213720.00399999996
213715.91500000004
213710.09899999993
213699.4809999999
213684.642
213676.05799999996
213670.25900000008
213659.4879999999
213651.17599999998
213639.4850000001
213633.06499999994
213625.16800000006
213609.78600000008
213606.20500000007
213601.375
213593.42200000002
213584.321
213575.90500000003
213567.55700000003
213560.6939999999
213554.0
213548.0689999999
213544.99399999995
213538.72399999993
213533.7960000001
213528.18299999996
213520.28000000003
213509.79499999993
213501.59100000001
213495.92999999993
213494.14100000006
213481.38400000008
213477.54000000004
213468.44299999997
213463.392
213458.4680000001
213454.4779999999
213447.83899999992
213435.5689999999
213430.80000000005
213426.45200000005
213415.53399999999
213405.34899999993
213401.81300000008
213395.25600000005
213387.63400000008
213383.037
213376.54799999995
213367.74
213362.45299999998
213351.21900000004
213341.05099999998
213331.054
213327.4779999999
213318.0789999999
213299.412
213296.59100000001
213288.561
213284.02799999993
213273.96200000006
213269.5930000001
213264.88899999997
213259.18999999994
213256.2350000001
213250.42400000012
213229.598
213221.598
213211.537
213197.76600000006
213176.32599999988
213171.7080000001
213165.4979999999
213155.892
213149.8459999999
213147.68699999992
213141.66100000008
213135.787
213130.79099999997
213122.6710000001
213105.287
213094.8230000001
213083.91800000006
213072.983
213064.07199999993
213046.939
213023.05499999993
213019.31199999992
213013.9680000001
213009.36899999995
213001.75900000008
212993.70900000003
212984.65800000005
212968.4410000001
212962.7279999999
212954.46200000006
212947.63599999994
212921.88400000008
212914.50699999998
212908.18999999994
212898.86599999992
212889.86899999995
212884.03300000005
212882.875
212885.47999999998
212886.9709999999
212887.49300000002
212884.5460000001
212885.82199999993
212886.814
212898.642
212902.85700000008
212907.43299999996
212909.07499999995
212908.97999999998
212905.017
212904.3970000001
212904.919
212901.2450000001
212901.95999999996
212901.9920000001
212899.58199999994
212894.91599999997
212885.5249999999
212876.54499999993
212868.95200000005
212866.1499999999
212861.3529999999
212860.20200000005
212859.348
212857.037
212853.2819999999
212846.21399999992
212841.2450000001
212839.78600000008
212826.02399999998
212807.98399999994
212808.2790000001
212805.9779999999
212804.2690000001
212800.28600000008
212790.85400000005
212787.1810000001
212778.92500000005
212765.07499999995
212760.25900000008
212754.30000000005
212751.96999999997
212746.53300000005
212738.09899999993
212732.21200000006
212726.713
212714.189
212706.67500000005
212696.8870000001
212686.74900000007
212682.21699999995
212658.22399999993
212657.8060000001
212656.50099999993
212656.4410000001
212657.412
212663.189
212665.51099999994
212668.1000000001
212668.73399999994
212670.4210000001
212670.52600000007
212669.94500000007
212667.64800000004
212662.6059999999
212656.679
212651.43200000003
212635.22200000007
212633.2039999999
212627.62100000004
212625.3189999999
212621.392
212615.7080000001
212612.39299999992
212606.79499999993
212604.7649999999
212594.57400000002
212590.47200000007
212584.29499999993
212579.24699999997
212575.06700000004
212568.56700000004
212557.29000000004
212537.2309999999
212534.517
212510.5930000001
212498.78099999996
212478.46699999995
212477.05099999998
212472.8970000001
212437.20299999998
212432.18299999996
212422.8970000001
212412.11899999995
212380.51399999997
212372.385
212368.39500000002
212336.6129999999
212327.15800000005
212321.40299999993
212319.267
212316.0390000001
212309.1839999999
212292.338
212270.31000000006
212241.1270000001
212222.53600000008
212211.63899999997
212192.60199999996
212165.1839999999
212165.054
212156.615
212156.385
212070.2790000001
212027.58899999992
211874.57499999995
211555.4779999999
211467.56300000008
211438.3870000001
211424.686
211376.4879999999
211335.09499999997
211284.50399999996
211262.95900000003
211200.81499999994
211177.21699999995
211174.5589999999
211173.09100000001
211138.01600000006
211123.22999999998
211107.8230000001
211092.36199999996
211077.16100000008
211073.19900000002
211071.61100000003
211060.35199999996
211049.30700000003
211037.6499999999
210998.33499999996
210987.21900000004
210971.57199999993
210947.62599999993
210931.68500000006
210928.86899999995
210910.37899999996
210857.61100000003
210798.59000000008
210764.1569999999
210730.58899999992
210705.97399999993
210688.2209999999
210641.09000000008
210627.83199999994
210608.83700000006
210561.13599999994
210543.84199999995
210511.4210000001
210498.12800000003
210482.04099999997
210463.52600000007
210449.35400000005
210444.67999999993
210442.99
210442.2720000001
210443.05300000007
210441.23900000006
210438.67400000012
210432.1129999999
210409.2790000001
210394.98699999996
210377.60700000008
210348.4339999999
210339.152
210323.85899999994
210308.3089999999
210289.46399999992
210278.652
210277.196
210267.48399999994
210243.78399999999
210215.66100000008
210168.5589999999
210124.15100000007
210010.20699999994
209964.37400000007
209821.55099999998
209776.93299999996
209660.72900000005
209625.385
209579.46600000001
209549.679
209521.00099999993
209489.74300000002
209468.3500000001
209433.0830000001
209423.0560000001
209359.31000000006
209078.0830000001
209039.50399999996
209008.5079999999
208971.7209999999
208935.3359999999
208890.75099999993
208829.29499999993
208778.25699999998
208732.34000000008
208623.75699999998
208512.94299999997
208459.1980000001
208177.24399999995
208127.06700000004
207789.186
207555.60499999998
207487.49099999992
207419.46900000004
207347.99
207284.82799999998
206979.58000000007
206905.581
206863.517
206817.08499999996
206778.17999999993
206739.42800000007
206701.99
206666.0419999999
206630.90299999993
206562.44999999995
206450.12599999993
206361.7279999999
206300.142
206280.5120000001
206250.7620000001
206196.13899999997
206168.27600000007
206149.77799999993
206148.3289999999
206143.662
206141.84899999993
206141.5419999999
206141.22999999998
206139.99300000002
206137.09700000007
206131.60400000005
206131.18999999994
206135.35400000005
206135.696
206131.2919999999
206125.47699999996
206125.24600000004
206122.18200000003
206115.436
206111.20699999994
206105.5730000001
206099.6810000001
206095.70200000005
206091.87400000007
206088.64500000002
206081.34100000001
206079.68200000003
206078.86199999996
206073.89100000006
206072.213
206067.71900000004
206062.9920000001
206060.60499999998
206054.61400000006
206053.46500000008
206056.55000000005
206058.30700000003
206041.142
206034.81300000008
206026.838
206026.19500000007
206021.13100000005
206015.50300000003
206005.88100000005
205997.24399999995
205987.6270000001
205977.67299999995
205971.3559999999
205968.54300000006
205959.74699999997
205954.84499999997
205954.088
205948.8799999999
205947.15599999996
205946.81799999997
205946.21399999992
205946.73699999996
205947.4709999999
205944.73399999994
205941.07499999995
205938.608
205932.6329999999
205935.01300000004
205933.69200000004
205929.3559999999
205928.4539999999
205922.58899999992
205913.52300000004
205913.77000000002
205909.28399999999
205902.5049999999
205899.6370000001
205899.15299999993
205895.23399999994
205895.2350000001
205889.8160000001
205886.4979999999
205883.31199999992
205882.652
205882.473
205882.463
205882.2039999999
205854.9680000001
205846.01
205846.8829999999
205845.142
205843.14299999992
205843.0930000001
205843.02399999998
205833.34100000001
205833.11199999996
205832.09400000004
205831.07700000005
205831.10899999994
205831.11899999995
205830.24900000007
205826.1710000001
205822.08199999994
205824.32799999998
205824.34499999997
205816.76799999992
205811.4439999999
205807.63400000008
205804.9069999999
205802.3559999999
205804.37199999997
205798.8189999999
205794.66299999994
205789.49300000002
205788.65100000007
205790.55499999993
205788.8829999999
205788.5190000001
205788.34700000007
205762.53099999996
205757.40899999999
205781.8289999999
205627.13599999994
205290.723
205225.9809999999
205122.61599999992
205026.20699999994
204901.4680000001
204802.40100000007
204654.53399999999
204479.15899999999
204360.16299999994
204239.08400000003
204175.5730000001
204059.6470000001
203939.46999999997
203781.98600000003
203311.21500000008
202768.89800000004
202624.21399999992
202454.0220000001
202064.07799999998
201979.01099999994
201694.4169999999
201283.01399999997
201136.59899999993
201028.8019999999
200490.45500000007
200237.89100000006
200096.29700000002
200033.79099999997
199976.2919999999
199718.79300000006
199464.189
199308.78399999999
199258.78799999994
198713.794
198585.20900000003
198376.70999999996
198288.90100000007
198093.8089999999
197878.89800000004
197855.71699999995
197707.30700000003
197597.0120000001
197506.72399999993
197447.89599999995
197434.52399999998
197368.9069999999
197365.10700000008
197278.9040000001
197211.223
197108.10899999994
197039.01600000006
196728.912
196589.31499999994
196292.82499999995
196128.919
195204.885
195000.33199999994
194721.34400000004
194574.1329999999
194360.8500000001
194311.34400000004
194138.93800000008
194097.939
194019.75699999998
194000.34700000007
193987.43999999994
193977.848
193864.054
193809.811
193584.36400000006
193500.35700000008
193288.95999999996
192795.88899999997
192008.50699999998
191856.6540000001
191667.311
191372.05799999996
191195.5689999999
190924.49
190757.0959999999
190648.88800000004
190415.28799999994
190392.29499999993
190391.08899999992
190342.88199999998
190278.67599999998
190222.2890000001
190075.78300000005
190000.38100000005
189973.97399999993
189966.67299999995
189961.37199999997
191263.77000000002
191264.74399999995
191283.92299999995
191306.65800000005
191342.78000000003
191349.01799999992
191422.3289999999
191444.1329999999
191384.38199999998
191332.40500000003
191299.09899999993
191267.11599999992
191222.58199999994
191179.67999999993
191123.24399999995
191087.30300000007
190995.16500000004
191026.4480000001
191034.9210000001
191042.53799999994
191044.662
191041.1000000001
191055.99399999995
191117.13899999997
191163.027
191263.9920000001
191292.95500000007
191306.5
191330.1540000001
191360.93800000008
191389.70699999994
191407.91100000008
191428.456
191448.7209999999
191471.09899999993
191492.3899999999
191510.6399999999
191529.93200000003
191585.6769999999
191650.31700000004
191695.54700000002
191741.3459999999
191824.86899999995
191859.7579999999
191928.1640000001
191961.21200000006
192035.5519999999
192082.0249999999
192124.9169999999
192152.35400000005
192172.67200000002
192192.0859999999
192218.36599999992
192246.78000000003
192298.35899999994
192319.20500000007
192357.46699999995
192388.9480000001
192436.96900000004
192439.43500000006
192494.9809999999
192512.03399999999
192524.76300000004
192564.68200000003
192597.3019999999
192640.4750000001
192662.82000000007
192692.0519999999
192704.87800000003
192717.80700000003
192730.51799999992
192742.50099999993
192753.57000000007
192771.64299999992
192778.12400000007
192786.61599999992
192797.14299999992
192809.76
192813.51300000004
192822.5959999999
192823.62800000003
192823.91599999997
192823.63899999997
192822.43800000008
192822.86199999996
192822.064
192821.42999999993
192820.47600000002
192820.45699999994
192822.2790000001
192824.61400000006
192826.8970000001
192832.662
192840.902
192844.21999999997
193195.03300000005
193257.38199999998
193514.62199999997
193708.9539999999
193982.233
194491.35199999996
194782.94299999997
194833.4779999999
194884.196
195056.99
195170.56499999994
195183.01099999994
195177.86800000002
195198.40800000005
195206.3799999999
195231.06000000006
195250.56000000006
195581.2279999999
195873.99099999992
196338.02399999998
196666.8359999999
196929.22999999998
197442.74099999992
198029.40800000005
198036.43800000008
198050.9480000001
198075.0149999999
198099.53099999996
198168.19299999997
198277.27099999995
198330.17200000002
198385.81799999997
198442.0249999999
198437.62800000003
198496.125
198584.0930000001
198443.25900000008
198342.26
198188.71200000006
198021.9169999999
197835.57499999995
197718.87100000004
197705.38899999997
197613.51399999997
197602.29700000002
197448.02300000004
197440.66100000008
197272.6939999999
197094.902
196895.581
196754.1669999999
196604.81499999994
196574.93299999996
196190.385
196176.70500000007
196135.8430000001
196108.59199999995
196043.82799999998
195997.74699999997
195973.94299999997
195934.973
195898.08400000003
195870.12199999997
195865.0859999999
195857.38100000005
195832.5419999999
195815.82599999988
195771.304
195371.18200000003
195313.02399999998
194644.86100000003
194330.42299999995
194106.41599999997
193707.8629999999
193688.7649999999
193386.392
193401.50399999996
193418.7379999999
193314.7279999999
193241.35100000002
193176.29499999993
193174.58700000006
193109.96999999997
193036.48900000006
192843.87899999996
192835.54499999993
192930.24300000002
192930.23699999996
192929.42800000007
192914.41599999997
192666.06499999994
192514.68299999996
192433.21500000008
192333.90299999993
191974.31300000008
191941.5959999999
191859.5460000001
191815.24900000007
191802.79700000002
191791.5419999999
191775.99300000002
191740.05000000005
191717.46399999992
191710.55799999996
191739.84700000007
191739.6270000001
191724.1370000001
191729.62899999996
191712.9310000001
191704.98900000006
191679.94500000007
191633.80799999996
191614.04700000002
191575.63599999994
191541.70900000003
191486.54700000002
191467.03300000005
191424.41500000004
191309.8459999999
191286.6270000001
191235.473
191219.58700000006
191202.33499999996
191184.8899999999
191156.04000000004
191136.33499999996
191121.45999999996
191096.25
191091.53499999992
191042.26099999994
191032.3459999999
191031.14800000004
190952.9609999999
190900.22399999993
190838.16100000008
190798.43200000003
190755.5079999999
190704.02000000002
190628.0
190600.22900000005
190573.33499999996
190514.23900000006
190469.1910000001
190420.00900000008
190355.777
190316.14800000004
190267.24900000007
190173.78099999996
190134.2690000001
190135.30700000003
190132.70999999996
190062.80099999998
190051.40299999993
189900.66500000004
189881.25900000008
189714.50900000008
189711.3629999999
189696.1029999999
189692.82700000005
189665.62800000003
189563.79499999993
189535.902
189517.223
