208788.3600000001
208799.206
208802.03600000008
208804.16599999997
208806.8629999999
208811.74300000002
208812.55000000005
208813.41800000006
208795.4950000001
208781.8770000001
208770.3060000001
208762.84000000008
208761.7749999999
208761.09899999993
208761.0460000001
208762.52600000007
208762.19500000007
208767.81000000006
208771.61400000006
208774.8729999999
208790.9410000001
208801.95200000005
208807.10700000008
208810.26799999992
208810.2790000001
208805.6399999999
208798.55799999996
208791.12199999997
208786.78000000003
208782.69299999997
208770.72699999996
208763.7250000001
208761.04300000006
208754.96999999997
208752.9439999999
208755.79700000002
208750.358
208737.439
208730.6370000001
208727.57499999995
208709.60499999998
208702.8600000001
208637.983
208592.0049999999
208556.69299999997
208529.99600000004
208467.78499999992
208441.77399999998
208427.6229999999
208427.23900000006
208426.56199999992
208425.321
208423.554
208402.564
208382.04300000006
208347.365
208233.017
208185.162
208154.57799999998
208145.8559999999
208143.98900000006
208078.88800000004
207581.58700000006
207536.6440000001
207496.16599999997
207487.10400000005
207476.10199999996
207463.6640000001
207447.64800000004
207438.1810000001
207415.55300000007
207389.8899999999
207350.92200000002
207355.99900000007
207351.04900000012
207347.19699999993
207344.7250000001
207343.68999999994
207344.11599999992
207330.26300000004
207296.66800000006
207260.1640000001
207236.5
207217.3899999999
207194.59199999995
207181.554
207147.44999999995
207127.3770000001
207101.00399999996
207081.95699999994
207062.32199999993
207022.2620000001
206992.304
206985.04300000006
206977.54900000012
206970.1000000001
206962.9480000001
206947.38100000005
206930.05000000005
206912.5319999999
206895.27600000007
206878.72200000007
206815.81499999994
206792.92500000005
206779.88899999997
206764.37400000007
206735.6000000001
206672.29900000012
206643.94999999995
206628.97999999998
206602.84400000004
206586.78000000003
206527.3160000001
206505.777
206522.7279999999
206540.41999999993
206562.36599999992
206583.83000000007
206617.53799999994
206656.34000000008
206663.87800000003
206654.46500000008
206641.9879999999
206617.50600000005
206607.21399999992
206594.35400000005
206548.82499999995
206545.57400000002
206529.35499999998
206515.37400000007
206453.41599999997
206396.26799999992
206373.99
206309.50699999998
206253.15299999993
206177.96500000008
206156.3529999999
206125.40899999999
206109.04000000004
206022.29000000004
205975.7080000001
205950.92299999995
205919.9210000001
205879.912
205865.2819999999
205827.9850000001
205804.233
205715.1000000001
205683.70900000003
205652.69900000002
205611.48900000006
205562.0789999999
205527.44699999993
205469.358
205450.64599999995
205422.3600000001
205392.53799999994
205355.43299999996
205333.88100000005
205318.76099999994
205315.70099999988
205314.713
205311.71399999992
205307.642
205275.06799999997
205271.74699999997
205268.7690000001
205266.28300000005
205264.439
205263.321
205262.98699999996
205263.473
205264.73600000003
205295.07000000007
205302.93699999992
205283.3770000001
205256.9439999999
205186.85700000008
205062.9210000001
205033.31000000006
205017.46600000001
205017.6059999999
205054.2890000001
205126.983
205122.03600000008
205137.58400000003
205121.13599999994
205122.87800000003
205136.38100000005
205135.858
205151.38400000008
205190.38100000005
205152.71500000008
205106.68299999996
205064.25399999996
205047.24
205027.31000000006
204972.97399999993
204969.59400000004
204966.03300000005
204962.36199999996
204958.67200000002
204955.0419999999
204951.5519999999
204948.2720000001
204945.2819999999
204926.8870000001
204832.314
204804.54300000006
204746.40599999996
204745.95900000003
204742.94699999993
204737.45699999994
204729.66999999993
204681.8940000001
204668.8359999999
204652.723
204641.0859999999
204634.5519999999
204616.12599999993
204610.78499999992
204603.7620000001
204595.2420000001
204585.439
204564.35499999998
204551.8529999999
204191.9539999999
202888.1000000001
202936.15500000003
202972.6440000001
203003.69699999993
203061.6399999999
203109.19900000002
203137.6769999999
203153.73699999996
203099.4410000001
203049.34899999993
203010.03799999994
203011.44900000002
202997.98600000003
202992.90500000003
202989.0689999999
202986.365
202982.527
202951.338
202901.57000000007
202878.76099999994
202857.40899999999
202861.70099999988
202784.16999999993
202769.929
202768.94200000004
202766.56700000004
202762.91100000008
202758.08899999992
202768.8629999999
202749.80499999993
202722.32000000007
202675.4169999999
202639.19299999997
202618.49600000004
202590.92299999995
202562.3870000001
202462.45699999994
202434.56199999992
202437.963
202433.18200000003
202417.04900000012
202410.69200000004
202368.81000000006
202355.53499999992
202362.36100000003
202352.7549999999
202346.9950000001
202349.7549999999
202324.6399999999
202322.88199999998
202304.80099999998
202293.5560000001
202294.44999999995
202279.439
202271.65599999996
202286.12100000004
202287.8559999999
202288.16299999994
202287.03799999994
202284.5149999999
202244.2649999999
202240.22399999993
202221.39299999992
202227.90500000003
202223.3629999999
202227.06300000008
202179.7649999999
202163.15500000003
202181.79000000004
202145.12899999996
202122.31300000008
202112.82700000005
202095.2890000001
202090.5049999999
202105.08400000003
202101.28799999994
202113.31799999997
202094.071
202079.99300000002
202100.4850000001
202107.125
202111.9750000001
202114.87800000003
202115.72699999996
202115.19200000004
202029.99900000007
201961.1200000001
201955.963
201951.19999999995
201946.97999999998
201957.4069999999
201957.3160000001
201956.55700000003
201955.18200000003
201953.29700000002
201951.00099999993
201948.47699999996
201945.8870000001
201940.21900000004
201936.885
201933.52799999993
201930.3060000001
201927.35199999996
201924.80799999996
201922.76399999997
201921.34400000004
201918.2579999999
201890.87100000004
201884.5560000001
201879.01
201874.63800000004
201871.74900000007
201827.00600000005
201858.5149999999
201783.86800000002
201751.99
201723.7080000001
201678.10700000008
201578.71200000006
201521.70900000003
201499.10100000002
201429.20900000003
201417.25300000003
201404.66500000004
201392.02600000007
201379.88599999994
201356.9709999999
201338.6329999999
201319.25300000003
201223.571
201155.9140000001
201054.3359999999
200976.419
200939.45699999994
200903.17400000012
200863.51600000006
200822.7039999999
200794.8189999999
200767.24699999997
200755.04000000004
200743.91500000004
200721.4269999999
200698.6470000001
200688.45500000007
200679.12899999996
200670.97399999993
200664.25300000003
200652.60199999996
200649.90800000005
200630.679
200610.6569999999
200590.38199999998
200570.3729999999
200533.55000000005
200499.14100000006
200435.8600000001
200347.5859999999
200209.80799999996
200176.0419999999
199969.598
199915.0589999999
199895.56700000004
199876.412
199813.1910000001
199763.51799999992
199717.8459999999
199668.92299999995
199600.69699999993
199531.43500000006
199512.49399999995
199439.18500000006
199422.19200000004
199279.26099999994
199283.68800000008
199217.43299999996
199168.4879999999
199032.1810000001
198969.17800000007
198913.34000000008
198964.9750000001
198937.99600000004
198894.07700000005
198871.40500000003
198675.3970000001
198595.3230000001
198511.94200000004
198419.3359999999
198398.11899999995
198382.59899999993
198370.6170000001
198382.34400000004
198379.45500000007
198390.65599999996
198354.39899999998
198328.412
198326.8060000001
198334.13100000005
198368.29499999993
198363.6170000001
198318.3330000001
198297.4680000001
198279.62100000004
198300.52300000004
198316.03600000008
198333.72600000002
198334.02600000007
198330.87800000003
198325.0589999999
198319.3459999999
198292.814
198262.46999999997
198256.652
198231.03799999994
198223.70900000003
198231.75099999993
198211.9480000001
198219.7309999999
198254.61199999996
198256.00699999998
198256.75699999998
198256.80499999993
198256.17400000012
198254.87599999993
198252.9850000001
198250.58199999994
198247.77000000002
198258.1299999999
198248.4920000001
198211.9809999999
198162.98600000003
198148.956
198102.34100000001
198098.85199999996
198058.15599999996
198049.47600000002
198085.2749999999
198054.39899999998
197984.8899999999
197920.885
197918.41299999994
197915.19699999993
197911.31199999992
197906.84700000007
197883.8700000001
197879.42200000002
197875.99
197873.706
197869.56799999997
197877.74300000002
197876.28099999996
197888.23900000006
197888.53300000005
197899.8940000001
197903.8999999999
197902.5049999999
197878.7690000001
197891.98900000006
197865.80799999996
197831.68500000006
197808.838
197786.01799999992
197780.34499999997
197775.18699999992
197770.82799999998
197767.5319999999
197761.92400000012
197764.98399999994
197733.78000000003
197704.15299999993
197672.84199999995
197666.7350000001
197664.22999999998
197661.0959999999
197657.46500000008
197653.48900000006
197644.19999999995
197657.57199999993
197664.0730000001
197637.21600000001
197614.67299999995
197600.59199999995
197581.29300000006
197551.25600000005
197573.20299999998
197569.9779999999
197553.8330000001
197534.1540000001
197514.97699999996
197499.07799999998
197436.0020000001
197430.1939999999
197409.0660000001
197384.304
197362.34400000004
197341.14500000002
197320.83700000006
197318.67500000005
197305.99600000004
197288.1769999999
197251.0930000001
197226.91599999997
197208.9140000001
197178.206
197169.29799999995
197156.90500000003
197124.43299999996
197091.804
197115.59199999995
197125.15800000005
197133.61800000002
197082.9779999999
197084.946
197039.30499999993
196999.98399999994
196954.28099999996
196900.60899999994
196937.01799999992
196942.44500000007
196935.973
196948.669
196914.89299999992
196902.24600000004
196867.62400000007
196803.36800000002
196723.3600000001
196701.82199999993
196689.0149999999
196650.1810000001
196644.13400000008
196610.3629999999
196663.287
196620.70999999996
196611.4750000001
196581.6200000001
196566.01
196501.55300000007
196484.838
196450.29900000012
196440.61599999992
196418.35499999998
196411.6100000001
196394.0319999999
196348.18999999994
196338.68699999992
196364.7919999999
196354.1370000001
196353.21999999997
196334.84700000007
196286.62800000003
196249.55000000005
196218.571
196198.94699999993
196272.48699999996
196293.82400000002
196303.7549999999
196297.1540000001
196269.662
196276.3600000001
196225.96200000006
196180.294
196060.135
195998.4680000001
195953.24600000004
195921.75900000008
195881.03499999992
195879.2450000001
195858.93699999992
195887.09499999997
195861.67299999995
195832.15500000003
195854.00300000003
195827.17500000005
195808.3870000001
195766.49099999992
195756.04300000006
195717.3160000001
195675.59499999997
195655.865
195670.25699999998
195680.4580000001
195687.38100000005
195682.43800000008
195691.05099999998
195689.86800000002
195658.50099999993
195655.45500000007
195637.44200000004
195650.89899999998
195639.2479999999
195623.99099999992
195631.31700000004
195632.50699999998
195600.80499999993
195422.40800000005
195231.20299999998
195096.30000000005
194762.90100000007
194705.80300000007
194653.4040000001
194665.49900000007
194670.0049999999
194730.69999999995
194748.00900000008
194748.90299999993
194743.7690000001
194743.1939999999
194763.56799999997
194761.64899999998
194754.0660000001
194756.8600000001
194750.13599999994
194756.4850000001
194754.43800000008
194748.01799999992
194734.5830000001
194734.15800000005
194729.49699999997
194727.65299999993
194718.2960000001
194720.34499999997
194719.47900000005
194696.5730000001
194692.196
194692.58499999996
194646.01300000004
194633.69500000007
194612.5149999999
194594.53099999996
194598.42400000012
194595.32799999998
194531.3089999999
194475.17299999995
194456.08700000006
194390.054
194373.69500000007
194334.80099999998
194303.321
194284.88400000008
194246.0390000001
194243.09000000008
194204.85899999994
194191.66599999997
194172.91100000008
194150.4850000001
194116.4169999999
194100.439
194070.91999999993
194040.92800000007
194031.97200000007
194021.733
193997.885
193987.8770000001
193979.89299999992
193955.3359999999
193944.91100000008
193903.91999999993
193884.642
193859.8970000001
193838.41599999997
193818.49699999997
193804.96900000004
193790.39299999992
193753.63400000008
193709.90500000003
193698.027
193678.56199999992
193657.69200000004
193669.689
193972.69299999997
193999.68800000008
194047.69200000004
194282.68699999992
194497.68999999994
194744.69699999993
195009.69500000007
195284.6980000001
195337.70099999988
195387.69500000007
195417.69699999993
195444.69900000002
195489.70099999988
195514.69900000002
195557.69900000002
195589.69999999995
195612.696
195684.70099999988
195707.70200000005
195734.70699999994
195767.70299999998
195789.69900000002
195822.70200000005
195882.69900000002
195922.69999999995
195989.706
196079.70299999998
196114.7080000001
196152.7080000001
196184.70500000007
196224.706
196302.706
196347.70699999994
196374.706
196407.70299999998
196429.7039999999
196459.70900000003
196524.70999999996
196607.71200000006
196622.70900000003
196667.70999999996
196702.70900000003
196717.706
196732.7109999999
196779.70999999996
196799.706
196810.52300000004
196815.11599999992
196782.8799999999
196747.19999999995
196725.46399999992
196683.52600000007
196628.135
196603.74
196561.73699999996
196540.68200000003
196514.706
196488.9310000001
196476.8600000001
196467.70099999988
196413.28099999996
196391.63599999994
196354.63599999994
196328.88800000004
196324.706
196200.19500000007
196122.19699999993
196350.19999999995
196537.6910000001
196923.6939999999
197120.1939999999
197251.69999999995
197407.70200000005
197748.3089999999
197800.03099999996
197934.8829999999
198040.162
198204.53799999994
198246.8770000001
198294.99399999995
198342.23699999996
198372.82799999998
198516.4950000001
198576.47999999998
198646.63899999997
198773.6029999999
198907.78300000005
198947.0149999999
198997.42500000005
199047.36199999996
199225.65800000005
199239.11100000003
199276.97200000007
199402.12400000007
199532.59000000008
199842.19999999995
199836.3970000001
199702.70900000003
199657.70299999998
199569.7080000001
199524.7039999999
199492.7039999999
199492.70099999988
199422.7039999999
199414.69699999993
199389.70500000007
199379.7039999999
199377.6980000001
199392.70099999988
199372.6980000001
199322.69699999993
199299.696
199239.69900000002
199189.69200000004
199169.69299999997
199117.69699999993
199074.69500000007
198972.69699999993
198942.69900000002
198897.69200000004
198842.689
198784.69299999997
198732.6939999999
198632.69200000004
198577.689
198624.68500000006
198647.68200000003
198657.6810000001
198669.68200000003
198717.6910000001
198727.68699999992
198734.6810000001
198742.68500000006
198767.686
198797.68500000006
198799.68299999996
198797.686
198804.68800000008
198832.68299999996
198879.6810000001
198874.68200000003
199439.686
199597.68299999996
199667.68500000006
199789.68999999994
199694.68500000006
199672.12199999997
199662.686
199632.68699999992
199577.68800000008
199537.69200000004
199504.68800000008
199439.6910000001
199457.6939999999
199442.68999999994
199437.689
199429.69299999997
199414.6939999999
199399.68699999992
199372.6910000001
199352.68999999994
199329.6939999999
199327.69200000004
199332.69299999997
199314.68999999994
199309.68999999994
199317.6910000001
199337.69299999997
199337.689
199309.6939999999
199272.69500000007
199252.69299999997
199274.69500000007
199257.696
199234.69699999993
199239.69200000004
199239.68999999994
199222.69500000007
199212.696
199194.68999999994
199229.69200000004
199197.696
199177.6910000001
199154.69900000002
199132.6980000001
199114.69500000007
199104.696
199084.6910000001
199084.69900000002
199079.6910000001
199039.69200000004
198997.69699999993
198932.69699999993
198904.6910000001
198912.69900000002
198927.69500000007
199009.69900000002
199009.70299999998
199037.696
199079.69999999995
199062.7039999999
199022.69699999993
198977.696
198954.69999999995
198929.69699999993
198884.69699999993
198832.696
198794.70200000005
198759.696
198747.70299999998
198742.70200000005
198724.6980000001
198704.696
198769.6939999999
198779.69900000002
198767.70299999998
198749.69999999995
198689.6980000001
198672.6980000001
198687.696
198724.70099999988
198747.70299999998
198739.70699999994
198724.7080000001
198702.70200000005
198659.69999999995
198597.7080000001
198562.70200000005
198532.6980000001
198502.706
198502.69999999995
198472.7039999999
198424.70500000007
198424.7039999999
198439.70299999998
198439.7080000001
198404.69999999995
198367.69999999995
198352.70699999994
198317.70099999988
198287.706
198272.69999999995
198269.70299999998
198284.706
198239.7080000001
198217.70500000007
198187.70500000007
198202.5419999999
198121.71600000001
198105.92999999993
198071.53600000008
198042.55499999993
198047.75900000008
198031.67999999993
198019.86899999995
197990.2479999999
198018.78300000005
198009.45699999994
197954.4539999999
197932.8629999999
197944.64800000004
197927.16800000006
197877.8289999999
197836.42500000005
197849.22900000005
197852.02799999993
197833.02000000002
197787.71900000004
197780.22699999996
197785.28399999999
197758.37899999996
197739.23399999994
197691.5120000001
197631.6440000001
197618.05099999998
197579.14800000004
197573.608
197556.6839999999
197563.2209999999
197545.6910000001
197468.07199999993
197463.28600000008
197392.027
197353.80799999996
197328.67400000012
197296.87100000004
197268.10899999994
197247.90599999996
197254.1170000001
197169.92299999995
197175.287
197185.22200000007
197176.95200000005
197145.115
197123.0319999999
197160.311
197166.3089999999
197166.6100000001
197168.82400000002
197178.1769999999
197168.53099999996
197140.88100000005
197147.80499999993
197122.69699999993
197105.456
197070.412
197068.67200000002
197056.7919999999
197058.87400000007
197039.86100000003
197038.8060000001
197061.4809999999
197045.20299999998
197008.777
197010.27399999998
197010.52300000004
197012.81499999994
197051.00600000005
197097.1100000001
197184.811
197231.115
197260.01600000006
197277.01300000004
197293.6170000001
197319.21900000004
197336.71600000001
197349.814
197395.321
197408.02000000002
197411.11199999996
197450.0220000001
197464.919
197465.919
197480.9169999999
197499.21399999992
197510.02300000004
197526.21900000004
197550.82400000002
197604.02300000004
197587.3230000001
197612.517
197646.5249999999
197664.82499999995
197725.52099999995
197742.6270000001
197774.027
197791.12400000007
197829.32700000005
197928.92200000002
197948.92599999998
197967.92400000012
197982.2250000001
198006.32700000005
198024.6229999999
198042.125
198058.72399999993
198075.5249999999
198092.82700000005
198123.61800000002
198141.8189999999
198161.42500000005
198187.2180000001
198290.017
198722.61199999996
198764.9210000001
198803.91800000006
198961.41299999994
199310.50900000008
199350.7080000001
199386.70999999996
199422.71200000006
199441.81199999992
199478.70699999994
199496.7080000001
199512.50699999998
199528.41100000008
199568.30300000007
199709.30700000003
199778.80799999996
199872.9069999999
199884.90500000003
199898.10199999996
199903.1059999999
199912.70500000007
199916.60499999998
199927.40299999993
199933.00300000003
199943.70699999994
199971.20299999998
200007.9069999999
200023.598
200040.50399999996
200089.90299999993
200107.30499999993
200147.8060000001
200176.69900000002
200206.50300000003
200222.0020000001
200239.3019999999
200290.20299999998
200295.06799999997
200306.2960000001
200315.78499999992
200310.2080000001
200308.4040000001
200310.90299999993
200309.564
200302.12199999997
200299.5120000001
200303.93800000008
200301.21200000006
200305.54799999995
200302.26099999994
200315.0290000001
200308.65800000005
200302.1910000001
200302.64599999995
200292.08899999992
200288.31000000006
200279.76300000004
200269.929
200265.82199999993
200257.95999999996
200256.77099999995
200258.47900000005
200256.0419999999
200244.75699999998
200238.51300000004
200232.5049999999
200225.36599999992
200219.98699999996
200216.60199999996
200207.52399999998
200194.57599999988
200190.28399999999
200182.99399999995
200173.3799999999
200160.08199999994
200154.27000000002
200134.9809999999
200134.20500000007
200130.84499999997
200125.59000000008
200127.35199999996
200128.52799999993
200128.794
200129.4580000001
200139.2350000001
200141.0930000001
200151.27799999993
200156.28399999999
200164.615
200164.24399999995
200164.5789999999
200165.8289999999
200163.38899999997
200170.72399999993
200176.68299999996
200185.15999999992
200190.95699999994
200197.615
200192.43200000003
200185.19200000004
200179.0220000001
200172.96500000008
200165.97999999998
200163.43999999994
200170.28399999999
200178.30799999996
200180.1270000001
200168.2690000001
200164.34000000008
200157.1910000001
200153.46699999995
200152.61400000006
200150.66999999993
200145.07199999993
200145.1980000001
200141.64899999998
200144.46999999997
200143.10199999996
200140.91999999993
200133.71399999992
200120.42800000007
200116.98200000008
200113.20299999998
200101.6299999999
200096.03799999994
200094.87100000004
200095.16999999993
200093.6440000001
200090.625
200087.18200000003
200080.885
200074.6399999999
200069.581
200063.69999999995
200056.66999999993
200059.23399999994
200058.3459999999
200058.05099999998
200061.65999999992
200061.36199999996
200056.45699999994
200057.85400000005
200062.11899999995
200061.74399999995
200065.304
200063.20999999996
200061.6669999999
200064.42299999995
200064.088
200054.23200000008
200046.0290000001
200044.85100000002
200044.81700000004
200041.3189999999
200040.1769999999
200033.60400000005
200024.72200000007
200017.2080000001
200011.892
200008.41599999997
200002.179
199996.95999999996
199993.0120000001
199996.73200000008
199992.60199999996
199991.80000000005
199994.08199999994
199995.45699999994
199988.7279999999
199981.963
199960.3729999999
199958.15100000007
199961.0249999999
199960.50600000005
199963.517
199959.98399999994
199962.68299999996
199965.429
199961.55799999996
199954.99
199956.0519999999
199961.71600000001
199969.49600000004
199968.67200000002
199976.2790000001
199985.1059999999
199994.77600000007
200009.95500000007
200016.483
200019.92299999995
200025.527
200027.412
200027.6640000001
200037.10700000008
200040.59700000007
200045.33499999996
200054.88899999997
200063.66999999993
200064.45699999994
200068.02399999998
200083.2690000001
200088.22200000007
200089.71900000004
200093.8529999999
200102.27600000007
200114.90100000007
200117.41500000004
200114.61899999995
200110.2109999999
200109.52099999995
200106.32599999988
200108.831
200107.10199999996
200110.29499999993
200116.88199999998
200117.8289999999
200110.40100000007
200111.2919999999
200115.2919999999
200119.338
200122.29499999993
200121.32000000007
200117.53399999999
200121.08899999992
200121.68500000006
200126.20200000005
200127.11800000002
200124.66999999993
200123.061
200123.22399999993
200127.24600000004
200125.26099999994
200128.5589999999
200136.6640000001
200143.75399999996
200150.18800000008
200152.848
200157.017
200157.3899999999
200155.686
200151.196
200152.98399999994
200155.16299999994
200151.2960000001
200155.5789999999
200159.50399999996
200159.01
200171.12100000004
200182.05099999998
200190.42400000012
200193.1200000001
200193.9210000001
200188.7690000001
200190.625
200192.74699999997
200198.2350000001
200203.30700000003
200198.50099999993
200196.83899999992
200192.96500000008
200187.83199999994
200178.28099999996
200161.4480000001
200158.287
200158.72900000005
200151.55099999998
200149.57599999988
200146.17999999993
200146.7180000001
200144.26
200138.4169999999
200139.31199999992
200148.87899999996
200161.45099999988
200170.75300000003
200178.52799999993
200180.8899999999
200186.79499999993
200194.142
200202.17599999998
200204.43500000006
200202.17400000012
200199.48699999996
200201.39599999995
200206.7180000001
200207.5390000001
200204.8870000001
200210.162
200213.9410000001
200221.17599999998
200233.08199999994
200231.45699999994
200241.80099999998
200252.7450000001
200249.99399999995
200263.9169999999
200268.3870000001
200256.18699999992
200255.6769999999
200259.03000000003
200262.2690000001
200268.29000000004
200276.10700000008
200280.9950000001
200280.73200000008
200279.33000000007
200290.6329999999
200293.00900000008
200300.35899999994
200307.52399999998
200309.38599999994
200338.50699999998
200341.90500000003
200342.91800000006
200340.65599999996
200347.713
200350.03300000005
200348.36899999995
200351.86800000002
200352.71699999995
200363.36199999996
200367.44500000007
200374.09899999993
200390.68699999992
200396.5419999999
200404.1710000001
200412.439
200420.42400000012
200422.196
200431.75699999998
200434.18699999992
200434.17400000012
200436.7890000001
200449.95299999998
200451.3529999999
200459.22399999993
200470.6640000001
200473.277
200477.21900000004
200478.16100000008
200477.80499999993
200475.561
200479.74099999992
200484.66800000006
200485.652
200481.94999999995
200484.09899999993
200483.45200000005
200480.10400000005
200475.0519999999
200474.858
200482.22999999998
200485.22999999998
200485.19299999997
200491.23900000006
200498.1980000001
200502.95699999994
200503.58400000003
200492.88100000005
200484.47999999998
200487.473
200485.56000000006
200475.67599999998
200475.34499999997
200477.8770000001
200481.27399999998
200485.32400000002
200509.8289999999
200514.483
200527.42800000007
200537.62899999996
200533.37800000003
200531.38199999998
200527.52300000004
200526.027
200524.9750000001
200524.77799999993
200520.7309999999
200518.82199999993
200518.0789999999
200520.77799999993
200521.08000000007
200518.5789999999
200517.321
200517.625
200519.37199999997
200525.6270000001
200528.02099999995
200531.0220000001
200544.02799999993
200554.6769999999
200556.71999999997
200557.37599999993
200557.3700000001
200531.375
200548.17599999998
200546.8729999999
200555.47200000007
200560.27399999998
200555.027
200557.32400000002
200554.47699999996
200541.71999999997
200538.625
200542.892
200545.42299999995
200581.26799999992
200557.57000000007
200558.07499999995
200569.4169999999
200578.82400000002
200572.46500000008
200570.56700000004
200571.24300000002
200574.06700000004
200574.06799999997
200580.267
200592.67500000005
200588.16599999997
200554.7649999999
200556.90299999993
200565.51
200543.14100000006
200548.28799999994
200544.02099999995
200545.1170000001
200594.71999999997
200659.0290000001
200839.06000000006
200862.29499999993
200861.41999999993
200851.0319999999
200836.29900000012
200835.46999999997
200834.365
200835.02300000004
200824.5959999999
200809.2080000001
200808.44900000002
200809.3970000001
200877.179
200979.39100000006
201109.689
201317.19299999997
201742.2919999999
202412.30499999993
202767.42599999998
203117.42800000007
203557.436
203982.54099999997
204178.16599999997
204392.55799999996
204877.67400000012
204999.77399999998
205012.6769999999
205096.5730000001
205106.68200000003
205130.69299999997
205157.77600000007
205214.8529999999
205247.68699999992
205192.68200000003
205096.4779999999
205057.686
204999.7790000001
204883.0660000001
204852.6569999999
204828.86899999995
204787.67599999998
204614.46900000004
204552.56300000008
204487.33000000007
204297.5589999999
204062.5560000001
203912.45500000007
203827.55499999993
203792.55499999993
203752.55099999998
203745.25300000003
203742.5859999999
203694.29799999995
203637.5930000001
203634.50399999996
203632.20500000007
203507.5149999999
203499.223
203496.71699999995
203429.82400000002
203412.5290000001
203357.527
203457.5390000001
203519.5419999999
203587.5519999999
203592.84899999993
203596.84100000001
203685.6839999999
203749.64100000006
203797.64599999995
203830.03099999996
203928.7520000001
203962.6470000001
204038.00600000005
204087.64800000004
204197.652
204642.77099999995
204999.87199999997
205182.7749999999
205457.571
205461.8359999999
205468.17299999995
205474.1329999999
205478.16800000006
205476.41500000004
205476.40599999996
205492.90599999996
205506.33700000006
205509.4979999999
205515.43699999992
205521.70900000003
205531.1769999999
205534.25600000005
205538.4169999999
205540.25099999993
205542.44999999995
205549.04799999995
205560.86400000006
205572.5319999999
205574.33400000003
205582.23399999994
205589.24600000004
205602.92500000005
205603.22900000005
205603.706
205603.8899999999
205604.69200000004
205605.05099999998
205719.45299999998
205745.9750000001
205777.20900000003
205821.74699999997
205885.68999999994
205888.186
205895.90599999996
205919.7309999999
206008.1029999999
206037.18800000008
206047.98699999996
206052.42400000012
206061.0859999999
206057.82400000002
206063.061
206081.13599999994
206083.831
206087.30499999993
206081.53300000005
206080.7960000001
206081.5290000001
206082.1029999999
206085.287
206158.04300000006
206220.27799999993
206270.74600000004
206293.75399999996
206316.34700000007
206337.49300000002
206341.65899999999
206361.36800000002
206374.8559999999
206392.473
206411.99099999992
206405.3999999999
206401.3019999999
206424.67400000012
206445.821
206448.21900000004
206452.088
206459.07799999998
206463.79000000004
206467.4310000001
206485.45099999988
206487.25600000005
206489.13100000005
206492.60100000002
206522.39800000004
206545.0689999999
206549.36199999996
206561.956
206596.27799999993
206602.76399999997
206613.18699999992
206624.017
206654.50300000003
206662.58199999994
206666.03499999992
206671.69299999997
206674.6200000001
206680.51099999994
206690.57799999998
206724.8729999999
206747.0560000001
206765.3829999999
206793.4979999999
206816.9069999999
206858.59100000001
206889.82000000007
206927.3899999999
206968.50300000003
206999.2350000001
207044.11199999996
207056.83400000003
207102.22600000002
207124.9709999999
207128.83700000006
207151.11199999996
207189.76
207251.0419999999
207291.24900000007
207319.55799999996
207350.65299999993
207393.39299999992
207429.46399999992
207465.5
207551.8559999999
207600.21500000008
207655.07599999988
207710.6129999999
207750.91500000004
207790.63100000005
207857.5859999999
207901.5660000001
207919.331
207946.99
207997.125
208037.18299999996
208096.6540000001
208147.9680000001
208227.07599999988
208264.85199999996
208302.38899999997
208365.8289999999
208392.3700000001
208408.39100000006
208433.45699999994
208480.96900000004
208528.9339999999
208560.33000000007
208580.5660000001
208598.28600000008
208611.59199999995
208618.00600000005
208640.58700000006
208658.48900000006
208673.95699999994
208698.21399999992
208704.03000000003
208704.929
208706.83700000006
208691.24300000002
208691.267
208676.821
208667.1200000001
208674.2379999999
208688.0689999999
208728.36599999992
208793.16800000006
208846.1200000001
208990.15800000005
209006.3529999999
209018.0789999999
209062.1329999999
209141.01399999997
209164.2479999999
209186.14800000004
209205.96200000006
209215.7250000001
209339.35899999994
209444.311
209482.598
209512.67800000007
209570.8700000001
209689.82400000002
209735.6939999999
209767.08499999996
209804.12199999997
209843.01799999992
209870.2250000001
209926.2890000001
210015.75900000008
210104.723
210187.6440000001
210236.86599999992
210256.74900000007
210261.0319999999
210265.83499999996
210281.63800000004
210308.51
210360.64299999992
210414.03499999992
210424.72900000005
210444.5319999999
210466.71999999997
210490.95699999994
210696.9580000001
210753.09100000001
210864.912
210898.98399999994
210921.39800000004
210950.6100000001
210972.58899999992
211231.15299999993
211274.63800000004
211279.88899999997
211295.6399999999
211312.1569999999
211308.3060000001
211305.92599999998
211314.0149999999
211318.6910000001
211321.74
211328.41500000004
211329.8829999999
211330.669
211529.76099999994
211568.7819999999
211661.1170000001
211679.88400000008
211741.76399999997
211768.919
211798.983
211807.6470000001
211951.19500000007
211987.19299999997
212002.80799999996
212031.5020000001
212074.62899999996
212098.53300000005
212151.22900000005
212214.17999999993
212253.4140000001
212269.50300000003
212276.62199999997
212295.85199999996
212324.1270000001
212346.90100000007
212384.9750000001
212406.1980000001
212514.93299999996
212522.63800000004
212536.733
212551.86100000003
212582.8230000001
212615.39299999992
212627.01300000004
212637.82499999995
212684.83400000003
212785.23200000008
212858.62199999997
212864.50699999998
212937.9779999999
212972.5190000001
213007.8600000001
213007.51099999994
213005.57499999995
213004.6569999999
213000.037
212996.814
212992.348
212990.77600000007
212996.304
213012.16599999997
213004.47900000005
213004.09700000007
212991.94900000002
212989.68500000006
212991.7919999999
212996.90100000007
212992.0689999999
212982.912
212980.62800000003
212981.79900000012
212975.00699999998
212974.75399999996
212973.56799999997
212976.10899999994
212980.42299999995
212989.47399999993
212989.16999999993
212998.70299999998
213003.20999999996
213006.49099999992
213007.88899999997
213013.16599999997
213017.196
213016.0789999999
213018.03099999996
213021.1839999999
213026.35700000008
213031.55700000003
213033.49099999992
213030.95500000007
213030.03499999992
213028.14800000004
213024.642
213019.213
213018.7180000001
213020.00699999998
213022.17999999993
213023.936
213026.125
213023.85499999998
213025.9339999999
213037.2620000001
213048.15500000003
213051.54900000012
213055.86899999995
213061.983
213069.814
213080.38400000008
213083.86100000003
213086.00600000005
213088.73699999996
213095.42400000012
213099.97999999998
213103.70200000005
213106.912
213110.1229999999
213113.669
213117.044
213120.92299999995
213122.402
213128.41299999994
213127.83000000007
213130.3559999999
213133.51099999994
213133.22999999998
213137.56799999997
213136.5049999999
213141.58000000007
213144.47699999996
213149.6470000001
213155.2620000001
213157.74699999997
213163.77399999998
213166.42200000002
213194.24099999992
213197.6980000001
213183.05499999993
213183.08199999994
213186.40500000003
213189.49900000007
213305.21500000008
213291.2180000001
212771.90500000003
212448.22600000002
212444.91500000004
212285.24699999997
212337.1769999999
212463.6440000001
212511.95500000007
212515.54900000012
212518.196
212520.14100000006
212510.34199999995
212497.615
212493.5049999999
212510.97699999996
212512.99300000002
212550.50300000003
212562.01600000006
212565.68800000008
212603.54900000012
212610.527
212619.642
212638.1470000001
212661.96500000008
212694.27799999993
212769.97600000002
212775.05499999993
212777.33700000006
212780.46500000008
212784.0149999999
212785.82499999995
212787.92999999993
212791.723
212801.15999999992
212807.2350000001
212810.331
212815.11400000006
212821.439
212826.31199999992
212828.53000000003
212833.5390000001
212835.108
212839.98399999994
212853.96399999992
212856.30300000007
212863.35400000005
212865.0290000001
212868.79700000002
212872.41599999997
212877.40100000007
212881.4680000001
212883.84000000008
212888.1440000001
212890.81300000008
212898.90599999996
212902.60100000002
212910.29499999993
212914.50399999996
212922.38899999997
212945.2279999999
212960.3870000001
213016.95299999998
213076.33000000007
213127.61800000002
213184.28600000008
213243.2250000001
213306.5730000001
213368.29000000004
213406.21600000001
213444.31700000004
213511.59499999997
213597.6129999999
213628.0290000001
213699.35100000002
213732.32499999995
213737.7039999999
213766.2450000001
213804.686
213819.38199999998
213834.902
213849.89299999992
213875.35199999996
213894.31000000006
213914.24399999995
213948.1810000001
213963.125
213972.3289999999
214016.00600000005
214038.18800000008
214057.7309999999
214095.6029999999
214132.16800000006
214135.0930000001
214153.53799999994
214161.76799999992
214176.40899999999
214212.19900000002
214253.0079999999
214255.189
214260.20099999988
214274.12199999997
214289.04799999995
214334.5220000001
214346.53499999992
214358.77399999998
214393.87800000003
214453.21200000006
214476.86599999992
214475.29799999995
214525.98900000006
214541.74900000007
214623.13199999998
214657.07499999995
214661.51399999997
214662.33000000007
214681.973
214723.5830000001
214735.0049999999
214746.49900000007
214762.3629999999
214779.67599999998
214782.46699999995
214811.946
214830.45699999994
214865.69200000004
214933.84700000007
214920.135
214935.87599999993
214976.2450000001
214995.35899999994
215026.608
215050.3899999999
215067.9140000001
215085.19200000004
215099.37100000004
215129.59100000001
215150.47200000007
215178.55000000005
215216.69500000007
215283.64899999998
215309.26099999994
215323.77600000007
215347.10899999994
215388.38899999997
215402.8559999999
215421.90800000005
215448.82499999995
215517.51300000004
215517.1329999999
215565.9210000001
215734.4709999999
215735.865
215777.4609999999
215825.17800000007
215846.28099999996
215987.1100000001
215991.30799999996
216023.02799999993
216050.52399999998
216090.26799999992
216105.59000000008
216122.43299999996
216146.86800000002
216200.5419999999
216243.088
216270.45999999996
216288.79000000004
216436.68200000003
216492.635
216519.28000000003
216562.82700000005
216604.588
216656.206
216686.939
216715.96699999995
216758.706
216785.77799999993
216918.304
216959.14800000004
216982.76
217027.2279999999
217062.67400000012
217207.26300000004
217220.5149999999
217239.68699999992
217241.19500000007
217274.169
217301.52399999998
217306.63800000004
217330.32000000007
217342.88199999998
217355.17200000002
217372.56700000004
217383.44200000004
217393.16999999993
217413.8700000001
217431.3729999999
217449.58400000003
217458.1370000001
217474.57000000007
217481.77300000004
217500.03399999999
217504.95999999996
217519.44299999997
217518.037
217524.26600000006
217520.79499999993
217532.51799999992
217532.19299999997
217554.1200000001
217587.2309999999
217598.875
217588.17200000002
217584.25900000008
217605.59400000004
217616.67299999995
217623.37400000007
217630.679
217635.1299999999
217674.06300000008
217667.527
217681.12599999993
217667.10400000005
217690.87800000003
217706.3060000001
217709.4339999999
217706.19999999995
217686.95500000007
217686.98399999994
217673.5930000001
217671.54300000006
217692.92999999993
217685.89500000002
217711.71500000008
217716.04700000002
217704.92500000005
217712.04900000012
217739.09700000007
217757.60199999996
217743.4709999999
217749.34899999993
217763.87899999996
217760.27799999993
217731.902
217736.76799999992
217721.02399999998
217732.99600000004
217750.3289999999
217775.79799999995
217783.91999999993
217807.375
217813.84499999997
217824.77300000004
217831.37899999996
217844.01
217857.00099999993
217855.2890000001
217882.79700000002
217920.12400000007
217933.9779999999
217975.071
218030.2819999999
218072.64899999998
218100.12100000004
218097.5220000001
218093.1229999999
218095.196
218106.7520000001
218114.179
218122.473
218127.16299999994
218142.02099999995
218146.38899999997
218145.2960000001
218137.18500000006
218129.94999999995
218130.46200000006
218151.44200000004
218160.0589999999
218165.25900000008
218165.58199999994
218167.41500000004
218174.39599999995
218179.41800000006
218183.63199999998
218187.939
218204.662
218223.57199999993
218226.20099999988
218228.70099999988
218221.49699999997
218219.0249999999
218220.1129999999
218233.75300000003
218235.52099999995
218237.24699999997
218234.84000000008
218222.54000000004
218218.79900000012
218219.8189999999
218241.54499999993
218259.12100000004
218264.96500000008
218287.61899999995
218311.814
218309.419
218309.27600000007
218313.3500000001
218310.67200000002
218313.03099999996
218326.72900000005
218335.55799999996
218333.74600000004
218329.7919999999
218315.3359999999
218317.32499999995
218318.41599999997
218309.66999999993
218295.46600000001
218299.794
218298.76399999997
218296.10700000008
218292.8799999999
218290.21500000008
218287.78099999996
218286.84199999995
218284.1910000001
218280.5079999999
218277.43200000003
218277.8670000001
218279.18500000006
218285.40800000005
218289.79300000006
218288.98699999996
218286.35199999996
218289.90800000005
218293.2379999999
218299.4950000001
218312.00600000005
218535.68299999996
218653.26300000004
218605.55799999996
218560.53799999994
218558.80799999996
218556.4069999999
218550.71999999997
218545.098
218545.09000000008
218545.08499999996
218545.05099999998
218541.51799999992
218538.00600000005
218533.28600000008
218488.696
218437.22200000007
218459.8899999999
218513.31799999997
218471.29900000012
218385.7080000001
218414.83899999992
218398.3529999999
218406.544
218367.29799999995
218327.30300000007
218326.58199999994
218322.22399999993
218320.6980000001
218310.56199999992
218300.82199999993
218282.92299999995
218288.16299999994
218311.7109999999
218320.3729999999
218319.67299999995
218324.3500000001
218330.17999999993
218361.66999999993
218397.63599999994
218431.6470000001
218490.3089999999
218414.89899999998
218417.47999999998
218370.21500000008
218382.89299999992
218389.29099999997
218402.61800000002
218432.28300000005
218436.75399999996
218430.18500000006
218410.30300000007
218338.39899999998
218321.554
218295.2080000001
218282.0190000001
218267.34100000001
218242.37899999996
218223.12100000004
218203.4539999999
218183.51799999992
218130.08199999994
218075.86599999992
218034.5290000001
218017.55700000003
217962.93800000008
217947.5319999999
217919.0149999999
217900.0419999999
217864.77600000007
217854.77300000004
217846.16500000004
217837.4580000001
217826.1399999999
217757.95999999996
217754.96699999995
217754.0830000001
217752.3999999999
217623.90500000003
217356.51099999994
217318.60199999996
217248.50900000008
217098.70500000007
216999.80499999993
216759.706
216688.7080000001
216587.3019999999
216433.09400000004
216222.80000000005
216085.40100000007
216021.0959999999
215939.3970000001
215915.7109999999
215857.60499999998
215768.402
215399.50900000008
215360.39899999998
215230.81700000004
215988.29799999995
216010.7690000001
216007.38899999997
215995.338
216009.03799999994
216011.615
216015.11899999995
216017.97999999998
216021.38400000008
216030.983
216038.4210000001
216048.42800000007
216052.0020000001
216055.59700000007
216056.08199999994
216058.9310000001
216066.83000000007
216069.68500000006
216067.6470000001
216066.42999999993
216057.5859999999
216052.57700000005
216049.027
216048.22200000007
216047.8359999999
216050.537
216052.53600000008
216054.983
216061.321
216071.40999999992
216082.38400000008
216107.0390000001
216110.04900000012
216112.09499999997
216115.3430000001
216140.77600000007
216149.11800000002
216163.91800000006
216191.16299999994
216197.29000000004
216198.68699999992
216192.946
216191.96399999992
216193.8600000001
216197.69299999997
216201.43200000003
216199.054
216199.2720000001
216196.0020000001
216195.51
216203.6569999999
216203.42599999998
216201.14800000004
216202.3729999999
216203.72900000005
216201.4410000001
216199.00300000003
216193.686
216200.45900000003
216200.91100000008
216202.27300000004
216203.34499999997
216203.6569999999
216202.0120000001
216197.73200000008
216193.44200000004
216191.8940000001
216186.67299999995
216184.064
216186.956
216205.9950000001
216210.51399999997
216209.97900000005
216205.2749999999
216211.85899999994
216216.21900000004
216217.69699999993
216216.63100000005
216223.0959999999
216224.2039999999
216225.5220000001
216226.10100000002
216239.5789999999
216245.6029999999
216247.63100000005
216251.162
216253.40500000003
216253.68999999994
216256.1980000001
216257.34400000004
216254.21600000001
216249.071
216248.929
216255.90899999999
216258.7579999999
216253.78799999994
216248.49399999995
216242.64100000006
216232.4210000001
216227.571
216226.63400000008
216225.32199999993
216225.15800000005
216226.7250000001
216228.97999999998
216231.733
216231.74300000002
216233.3019999999
216239.94900000002
216240.5930000001
216240.81700000004
216238.13199999998
216250.93999999994
216251.70699999994
216259.385
216253.0
216252.66599999997
216252.0120000001
216260.49399999995
216267.517
216270.39899999998
216272.43200000003
216276.14899999998
216280.48699999996
216282.8330000001
216283.21900000004
216283.58499999996
216285.75399999996
216294.098
216294.76399999997
216323.956
216326.162
216335.348
216340.27300000004
216346.1499999999
216346.88899999997
216347.59700000007
216354.13400000008
216383.50300000003
216387.79000000004
216395.52300000004
216407.3459999999
216417.8089999999
216432.11100000003
216451.12800000003
216457.61599999992
216450.45200000005
216461.37400000007
216467.439
216471.75900000008
216473.07499999995
216476.86199999996
216479.0419999999
216487.24900000007
216491.59100000001
216494.6440000001
216494.6640000001
216506.55499999993
216515.3330000001
216521.96200000006
216529.8330000001
216530.25399999996
216525.50099999993
216519.3700000001
216519.0390000001
216518.6029999999
216519.15299999993
216520.18800000008
216521.2890000001
216522.2790000001
216523.67599999998
216524.11599999992
216519.189
216515.43299999996
216516.23900000006
216516.9779999999
216522.98200000008
216525.1939999999
216526.588
216516.983
216514.60499999998
216500.27099999995
216496.71500000008
216495.061
216489.32000000007
216482.27099999995
216477.206
216475.0460000001
216474.929
216473.05300000007
216464.483
216457.93999999994
216449.83700000006
216450.02000000002
216450.36800000002
216448.96999999997
216449.69699999993
216459.348
216455.385
216454.044
216445.723
216452.1270000001
216451.75600000005
216451.32799999998
216451.7450000001
216458.4750000001
216462.686
216467.338
216470.02399999998
216468.31700000004
216467.90299999993
216467.82199999993
216472.0220000001
216475.142
216481.081
216484.42599999998
216483.56300000008
216484.838
216485.9169999999
216487.13899999997
216488.26
216491.946
216461.56499999994
216430.06300000008
216428.885
216449.92500000005
216465.61899999995
216489.5249999999
216483.5
216471.537
216470.31499999994
216460.06799999997
216466.42500000005
216471.2579999999
216414.83700000006
216371.05700000003
216345.2960000001
216272.37199999997
216226.09100000001
216143.51799999992
216075.713
215993.77399999998
215935.74099999992
215896.4410000001
215866.39599999995
215833.4210000001
215792.0419999999
215779.51300000004
215773.73699999996
215752.52399999998
215693.88599999994
215658.9410000001
215616.92400000012
215609.5290000001
215586.8060000001
215540.3019999999
215506.95500000007
215459.706
215419.662
215409.93699999992
215377.07000000007
215366.473
215291.73600000003
215265.12400000007
215184.5390000001
215154.96699999995
215140.3430000001
215124.85400000005
215111.47600000002
215112.09499999997
215111.28099999996
215109.81199999992
215108.32599999988
215105.13400000008
215101.53799999994
215100.95900000003
215099.3870000001
215098.86400000006
215096.37100000004
215094.57199999993
215088.89299999992
215077.2309999999
215069.72999999998
215069.4750000001
215065.3829999999
215060.65800000005
215060.99600000004
215062.02000000002
215065.95200000005
215063.85499999998
215067.6499999999
215067.064
215064.07700000005
215064.2109999999
215065.70900000003
215068.73600000003
215071.52300000004
215071.71600000001
215072.92500000005
215072.18200000003
215069.73600000003
215076.9339999999
215080.0190000001
215086.94299999997
215085.20299999998
215085.314
215129.11400000006
215142.4140000001
215157.76099999994
215170.19699999993
215169.7109999999
215179.32799999998
215179.99099999992
215206.01399999997
215269.40299999993
215322.05099999998
215457.561
215445.7420000001
215430.8829999999
215414.59400000004
215401.06799999997
215402.53399999999
215407.0930000001
215407.32000000007
215421.9410000001
215461.223
215483.17599999998
215547.3629999999
215575.5930000001
215586.33700000006
215576.18200000003
215601.3799999999
215684.8700000001
215960.9210000001
215972.50900000008
215991.15500000003
216012.3330000001
216042.18699999992
216058.186
216125.8559999999
216134.7209999999
216157.72999999998
216171.93800000008
216190.47399999993
216210.9480000001
216233.98399999994
216255.14500000002
216231.723
216194.90299999993
216158.3330000001
216162.10100000002
216155.537
216229.84400000004
216231.94900000002
216232.8330000001
216235.48600000003
216326.00900000008
216600.3060000001
216661.8500000001
216645.8940000001
216602.98699999996
216555.92500000005
216554.24399999995
216554.20500000007
216550.12800000003
216552.82400000002
216525.348
216534.99900000007
216534.56300000008
216529.081
216525.96200000006
216522.86899999995
216516.21600000001
216515.85499999998
216515.72900000005
216515.189
216507.44500000007
216506.94900000002
216507.1200000001
216508.27399999998
216508.32400000002
216508.33700000006
216519.892
216534.2890000001
216570.97200000007
216647.13100000005
216630.50399999996
216695.311
216798.4539999999
217217.99399999995
217455.3160000001
217627.36800000002
217646.04300000006
217652.97900000005
217668.24600000004
217724.04700000002
218048.95099999988
218142.5190000001
218219.902
218241.25900000008
218296.94200000004
218361.83400000003
218406.60700000008
218450.65999999992
218490.11400000006
218592.22900000005
218650.07799999998
218694.08199999994
218742.94699999993
218782.98200000008
218822.527
218907.571
218907.733
218907.885
218935.34000000008
218948.85700000008
218956.24
218968.42200000002
218955.196
218947.63899999997
218958.054
218947.6329999999
218976.3870000001
219027.09499999997
219031.61599999992
219035.875
219041.27300000004
219039.61400000006
219043.5190000001
219046.30099999998
219045.51300000004
219041.61400000006
219034.13100000005
219034.0190000001
219034.00699999998
219040.0730000001
219044.54900000012
219053.0789999999
219055.5049999999
219058.18200000003
219064.40599999996
219078.483
219079.97999999998
219079.44299999997
219077.67500000005
219071.75900000008
219064.9439999999
219063.17800000007
219067.68200000003
219071.86800000002
219080.93299999996
219084.554
219090.1910000001
219096.517
219099.33199999994
219107.34899999993
219110.9410000001
219115.1769999999
219119.14299999992
219123.885
219132.48200000008
219136.8999999999
219142.91100000008
219150.43800000008
219151.49099999992
219152.40599999996
219156.25600000005
219159.77300000004
219165.2649999999
219166.34700000007
219172.33400000003
219173.35899999994
219171.7890000001
219167.92200000002
219166.24900000007
219167.1769999999
219167.50900000008
219164.81499999994
219161.81499999994
219161.44999999995
219162.03499999992
219166.71200000006
219173.51799999992
219173.16500000004
219172.848
219175.33000000007
219177.7039999999
219181.56199999992
219187.79300000006
219193.19200000004
219200.108
219202.8529999999
219205.59100000001
219206.41999999993
219206.6769999999
219208.22600000002
219215.14800000004
219220.50399999996
219221.29700000002
219227.814
219235.56000000006
219242.73600000003
219245.94999999995
219248.4879999999
219251.4040000001
219253.93500000006
219247.338
219248.21600000001
219254.34199999995
219256.75900000008
219264.46699999995
219268.11400000006
219269.47999999998
219261.86199999996
219261.733
219264.81199999992
219267.21999999997
219276.46200000006
219277.41500000004
219281.5689999999
219282.64599999995
219289.9480000001
219288.50399999996
219290.65599999996
219293.2209999999
219297.55499999993
219302.8999999999
219307.69299999997
219308.03799999994
219315.71200000006
219318.43299999996
219317.838
219314.50699999998
219314.70099999988
219315.91299999994
219317.77399999998
219320.4210000001
219320.78600000008
219316.61599999992
219302.81799999997
219297.13599999994
219296.3600000001
219299.713
219300.402
219302.17500000005
219303.3230000001
219307.1200000001
219307.58899999992
219312.33000000007
219314.53000000003
219326.49600000004
219332.83400000003
219330.54700000002
219331.63199999998
219336.19699999993
219339.22900000005
219340.28099999996
219339.544
219332.9609999999
219333.20500000007
219338.97699999996
219342.54000000004
219359.08899999992
219361.42200000002
219370.61199999996
219377.36599999992
219393.186
219401.1769999999
219405.00399999996
219407.24699999997
219414.75300000003
219417.38899999997
219416.59499999997
219412.32499999995
219411.17500000005
219413.93299999996
219411.43800000008
219399.69500000007
219398.5149999999
219401.9779999999
219402.48699999996
219403.8060000001
219403.41100000008
219399.77600000007
219400.62899999996
219404.85700000008
219406.43200000003
219409.8899999999
219421.40899999999
219429.82000000007
219432.321
219429.3870000001
219429.22999999998
219432.9040000001
219433.5689999999
219436.098
219441.2579999999
219443.8330000001
219443.99600000004
219445.42599999998
219446.57700000005
219449.7039999999
219457.55700000003
219460.18800000008
219473.78300000005
219476.706
219482.7209999999
219488.09199999995
219493.09000000008
219493.912
219495.22200000007
219499.58499999996
219510.9040000001
219513.4069999999
219514.088
219513.929
219513.358
219525.61199999996
219535.22900000005
219538.34100000001
219542.189
219550.044
219556.46399999992
219558.78600000008
219567.99600000004
219568.04099999997
219568.10700000008
219567.02799999993
219567.45500000007
219568.54700000002
219569.2790000001
219572.01099999994
219572.652
219579.34899999993
219582.1540000001
219588.58499999996
219594.49099999992
219598.81700000004
219607.64800000004
219615.277
219615.68200000003
219611.81300000008
219611.76600000006
219611.19200000004
219608.69200000004
219601.12800000003
219595.2549999999
219593.6669999999
219593.65500000003
219595.76099999994
219600.35100000002
219603.36599999992
219604.01600000006
219610.6499999999
219615.15999999992
219620.21600000001
219632.8189999999
219640.38400000008
219641.74699999997
219643.05099999998
219645.2579999999
219645.20099999988
219644.1229999999
219638.05000000005
219637.7450000001
219639.0589999999
219644.571
219649.54300000006
219653.44999999995
219657.41500000004
219667.10700000008
219672.45200000005
219673.64100000006
219674.27600000007
219674.16599999997
219670.29799999995
219670.5319999999
219668.348
219657.3189999999
219655.86899999995
219650.213
219651.18200000003
219651.20299999998
219655.90100000007
219657.9269999999
219658.25099999993
219667.74900000007
219668.4609999999
219679.43699999992
219682.49399999995
219686.017
219687.02799999993
219696.06499999994
219699.733
219703.45699999994
219714.00099999993
219724.02099999995
219725.7209999999
219742.4809999999
219745.16999999993
219750.04799999995
219758.45099999988
219760.78499999992
219762.74300000002
219761.29499999993
219750.09000000008
219749.67200000002
219754.73600000003
219764.94900000002
219768.22200000007
219785.62800000003
219790.88599999994
219789.9140000001
219795.76799999992
219793.39800000004
219791.77799999993
219771.73900000006
219770.94200000004
219774.37100000004
219790.15299999993
219790.91999999993
219784.1200000001
219775.5220000001
219772.36100000003
219776.89800000004
219778.4950000001
219783.63599999994
219791.436
219803.57199999993
219806.054
219812.59899999993
219819.37599999993
219823.86599999992
219823.98900000006
219829.99699999997
219832.7350000001
219836.9609999999
219846.108
219848.24900000007
219856.90599999996
219861.79799999995
219863.7819999999
219865.82499999995
219868.34100000001
219870.2649999999
219871.4539999999
219863.9609999999
219861.2350000001
219861.88899999997
219865.8700000001
219870.49
219883.25300000003
219894.82700000005
219902.061
219917.93200000003
219926.33499999996
219934.6270000001
219944.939
219952.07499999995
219954.331
219974.90800000005
219996.17200000002
220013.76799999992
220024.48600000003
220031.63599999994
220034.56799999997
220030.037
220028.5220000001
220023.7080000001
220022.61100000003
220009.34100000001
220001.80799999996
219999.19500000007
219996.97999999998
219992.54300000006
219992.08499999996
219995.419
220008.1399999999
220012.84400000004
220029.1329999999
220046.84000000008
220052.06300000008
220053.07599999988
220051.89100000006
220051.02799999993
220050.58700000006
220059.38100000005
220063.71999999997
220063.8970000001
220063.517
220061.152
220057.55099999998
220057.63899999997
220058.71999999997
220061.02399999998
220065.3670000001
220083.90500000003
220088.436
220092.5319999999
220096.70099999988
220112.071
220116.97399999993
220122.95099999988
220142.902
220151.12899999996
220153.33000000007
220159.8729999999
220163.87899999996
220164.24600000004
220163.87800000003
220164.85400000005
220172.25099999993
220182.37199999997
220189.56000000006
220198.81799999997
220203.3089999999
220209.68999999994
220213.93999999994
220225.9210000001
220234.01799999992
220236.96200000006
220238.6669999999
220239.32199999993
220244.58700000006
220253.53799999994
220261.277
220269.642
220273.60400000005
220291.95200000005
220296.06700000004
220302.419
220305.8359999999
220307.88199999998
220315.9210000001
220325.108
220339.15999999992
220350.07199999993
220363.49
220369.49900000007
220373.233
220376.35199999996
220390.11400000006
220406.7749999999
220414.17200000002
220415.338
220414.115
220420.61800000002
220431.24600000004
220438.5149999999
220448.2520000001
220460.59899999993
220461.2919999999
220456.294
220458.74600000004
220466.05300000007
220469.679
220475.838
220478.18299999996
220485.28399999999
220492.2620000001
220501.67800000007
220502.97699999996
220507.77600000007
220512.5560000001
220522.7690000001
220538.99600000004
220542.14100000006
220548.73200000008
220556.01399999997
220567.64899999998
220571.29099999997
220595.8940000001
220597.544
220603.52600000007
220611.34499999997
220617.76
220620.19699999993
220626.56000000006
220639.4410000001
220643.46500000008
220646.55000000005
220648.76
220649.1200000001
220645.9069999999
220645.22699999996
220646.21600000001
220650.64299999992
220651.38899999997
220658.31000000006
220672.41999999993
220680.9210000001
220684.3970000001
220686.03600000008
220688.96200000006
220691.5959999999
220697.98900000006
220701.8829999999
220707.79099999997
220708.55099999998
220710.05799999996
220708.94500000007
220709.41800000006
220718.09100000001
220722.1810000001
220723.79900000012
220731.7250000001
220733.5959999999
220737.20500000007
220740.95900000003
220740.4339999999
220732.29499999993
220728.57700000005
220725.7109999999
220724.56199999992
220721.81799999997
220725.71600000001
220731.4439999999
220735.94999999995
220748.25399999996
220765.11800000002
220779.80499999993
220779.66500000004
220783.09000000008
220787.365
220790.6470000001
220800.74600000004
220802.88199999998
220801.24300000002
220797.73900000006
220790.17500000005
220791.11599999992
220798.61100000003
220817.07400000002
220822.9339999999
220824.52099999995
220828.60499999998
220833.18800000008
220839.29000000004
220839.679
220838.92400000012
220842.97600000002
220844.6939999999
220848.72900000005
220854.77099999995
220859.71500000008
220864.2890000001
220864.25600000005
220862.8060000001
220863.71699999995
220872.22900000005
220875.21200000006
220890.37100000004
220907.90800000005
220916.21699999995
220913.99399999995
220917.39299999992
220930.696
220940.3799999999
220954.13199999998
220974.98900000006
220976.321
220984.85499999998
220987.304
220990.2919999999
221004.196
221009.9750000001
221008.9069999999
220991.77099999995
220989.76300000004
220994.04700000002
221008.5959999999
221010.54799999995
221023.662
221031.69699999993
221038.5249999999
221039.95699999994
221052.56300000008
221068.13800000004
221080.25699999998
221085.54300000006
221087.36199999996
221092.713
221121.68699999992
221127.6399999999
221137.6059999999
221143.60199999996
221154.3529999999
221162.08700000006
221164.2549999999
221171.1499999999
221176.037
221180.46900000004
221177.43999999994
221165.53099999996
221158.865
221157.4779999999
221152.29099999997
221146.919
221143.99900000007
221144.0120000001
221141.95500000007
221141.16999999993
221135.564
221135.196
221139.4879999999
221150.05099999998
221156.33400000003
221163.00300000003
221176.96399999992
221179.9709999999
221193.21999999997
221202.21399999992
221207.09000000008
221224.4480000001
221228.90899999999
221230.5460000001
221249.09499999997
221260.9480000001
221263.64899999998
221285.21600000001
221288.4609999999
221292.017
221296.18800000008
221303.93800000008
221312.5220000001
221320.20200000005
221323.02600000007
221333.8970000001
221340.12400000007
221345.28000000003
221344.68200000003
221361.32799999998
221372.0390000001
221388.17200000002
221401.55499999993
221405.64800000004
221414.71900000004
221423.07599999988
221429.6200000001
221438.29300000006
221442.85499999998
221443.51799999992
221431.88899999997
221431.767
221433.4140000001
221437.04000000004
221444.0020000001
221454.22399999993
221464.5930000001
221469.97399999993
221473.3289999999
221479.85400000005
221489.9069999999
221502.75699999998
221523.1000000001
221573.05499999993
221583.07000000007
221602.16500000004
221614.1029999999
221629.49399999995
221652.1839999999
221700.97399999993
221743.36400000006
221758.37100000004
221778.36599999992
221799.2039999999
221838.9539999999
221856.33499999996
221870.527
221889.108
221905.61100000003
221946.5390000001
221955.96399999992
221966.57199999993
221976.135
221983.77399999998
221985.20299999998
221999.08499999996
222004.463
222011.32599999988
222027.28300000005
222069.25699999998
222133.77600000007
222150.86199999996
222162.027
222185.37100000004
222208.94999999995
222227.49300000002
222241.0589999999
222263.64500000002
222276.08000000007
222300.83199999994
222318.686
222360.79700000002
222390.68999999994
222413.16599999997
222433.1129999999
222444.23600000003
222452.1129999999
222466.48200000008
222474.8060000001
222523.71600000001
222537.8160000001
222551.6329999999
222556.54300000006
222567.39299999992
222605.5319999999
222621.95900000003
222629.3089999999
222634.63400000008
222635.4169999999
222638.35899999994
222641.49399999995
222642.78600000008
222646.1980000001
222648.598
222658.35400000005
222662.088
222683.78600000008
222713.46399999992
222716.4439999999
222722.6440000001
222738.4809999999
222742.4809999999
222756.72399999993
222762.96699999995
222768.7720000001
222770.3359999999
222777.81700000004
222784.46699999995
222804.88100000005
222808.97699999996
222814.811
222818.18999999994
222819.88599999994
222831.81700000004
222850.38199999998
222854.4040000001
222857.38100000005
222872.7309999999
222877.18500000006
222885.87599999993
222890.17500000005
222892.936
222890.838
222893.3060000001
222903.9609999999
222907.608
222916.02300000004
222916.12899999996
222913.5249999999
222906.0
222903.2549999999
222891.64100000006
222859.79099999997
222840.51799999992
222832.081
222827.33899999992
222826.6329999999
222828.31300000008
222835.1470000001
222842.31000000006
222852.59899999993
222869.72699999996
222881.2350000001
222915.3629999999
222930.00300000003
222938.62199999997
222940.90599999996
222949.09000000008
222952.48699999996
222972.6810000001
222979.83700000006
222986.16500000004
222988.9339999999
222989.0
223003.9169999999
223005.5220000001
223009.51099999994
223028.42400000012
223038.74699999997
223049.0419999999
223070.09000000008
223094.43800000008
223122.6710000001
223129.4140000001
223157.33499999996
223199.348
223253.0789999999
223295.65299999993
223348.615
223400.63199999998
223424.4979999999
223438.50300000003
223500.68800000008
223532.88899999997
223577.1000000001
223597.0079999999
223614.689
223632.32700000005
223648.03799999994
223676.963
223702.68800000008
223752.01399999997
223784.0830000001
223823.38400000008
223859.7109999999
223882.2720000001
223896.0249999999
223914.33000000007
223930.60899999994
223939.99099999992
223972.29799999995
224007.581
224018.90500000003
224051.59000000008
224105.69299999997
224181.57499999995
224300.3430000001
224315.76300000004
224324.8230000001
224339.2039999999
224348.29799999995
224359.16800000006
224365.1939999999
224372.2620000001
224362.50600000005
224431.473
224486.446
224575.8999999999
224655.82000000007
224730.75600000005
224742.0859999999
224895.973
224986.054
225011.04799999995
225026.76099999994
225072.95999999996
225104.4580000001
225133.30000000005
225169.1540000001
225170.0319999999
225172.17800000007
225199.054
225209.3700000001
225227.42999999993
225257.29700000002
225310.2209999999
225334.03099999996
225403.68699999992
225473.73699999996
225484.679
225494.22200000007
225500.2649999999
225503.95999999996
225511.902
225515.71200000006
225525.39100000006
225529.98200000008
225537.18299999996
225542.57700000005
225542.68200000003
225543.18999999994
225548.1839999999
225553.9750000001
225564.71900000004
225582.21500000008
225586.6839999999
225592.16800000006
225594.696
225617.37899999996
225627.5930000001
225644.02600000007
225653.787
225657.88899999997
225669.8629999999
225679.27300000004
225686.56799999997
225691.32000000007
225697.68800000008
225714.49
225720.0460000001
225725.858
225732.94999999995
225740.46900000004
225749.7420000001
225755.3430000001
225767.86899999995
225779.60700000008
225782.03300000005
225795.53499999992
225802.3999999999
225811.57400000002
225819.69299999997
225838.15100000007
225856.6000000001
225866.00600000005
225871.7749999999
225882.83499999996
225895.804
225914.7350000001
225964.34000000008
226047.2720000001
226081.314
226085.12199999997
226108.40899999999
226175.385
226181.04799999995
226372.86899999995
226607.865
226624.58899999992
226647.0149999999
226691.90800000005
226755.20200000005
226784.53300000005
226851.27600000007
226851.72399999993
226888.3430000001
226927.28399999999
227072.50300000003
227149.63599999994
227317.88199999998
227393.50900000008
227571.14599999995
227630.642
227658.65800000005
227660.53600000008
227698.8500000001
227783.02099999995
227787.20099999988
227788.9169999999
227801.2039999999
227805.14100000006
227825.3330000001
227868.1710000001
227898.65100000007
227910.76600000006
228028.669
228029.0789999999
228032.68500000006
228040.564
228043.1939999999
228046.97600000002
228049.2549999999
228048.85700000008
228050.3019999999
228050.07400000002
228054.55300000007
228059.52600000007
228062.973
228070.331
228071.071
228070.463
228062.47699999996
228064.1029999999
228062.5419999999
228063.9310000001
228057.831
228056.03499999992
228056.61599999992
228063.436
228065.8870000001
228067.1229999999
228065.4809999999
228063.811
228060.98200000008
228059.1769999999
228059.20900000003
228070.30700000003
228078.6329999999
228080.1100000001
228077.3940000001
228076.8700000001
228076.892
228079.08499999996
228083.22999999998
228087.69999999995
228088.94900000002
228091.1059999999
228092.60700000008
228093.78000000003
228093.662
228099.91100000008
228101.89500000002
228105.777
228106.15800000005
228101.34400000004
228101.58899999992
228106.34400000004
228109.35100000002
228118.1769999999
228128.99300000002
228130.90100000007
228132.1499999999
228131.78000000003
228139.689
228144.15500000003
228146.62100000004
228153.125
228163.19299999997
228165.76799999992
228165.38800000004
228164.93200000003
228155.85700000008
228156.35100000002
228157.0419999999
228157.68200000003
228159.82599999988
228163.81199999992
228167.3430000001
228174.858
228180.436
228190.50699999998
228194.554
228195.1100000001
228192.6299999999
228194.652
228196.0660000001
228196.92400000012
228197.00600000005
228202.1029999999
228206.86800000002
228216.8829999999
228224.10899999994
228225.32799999998
228232.62100000004
228238.0319999999
228241.27799999993
228245.4410000001
228253.02000000002
228259.4310000001
228263.3500000001
228268.21200000006
228269.08700000006
228272.64299999992
228291.2690000001
228292.84899999993
228301.31499999994
228305.936
228309.42800000007
228312.6569999999
228320.63100000005
228323.767
228331.9210000001
228339.52600000007
228343.3700000001
228348.10700000008
228353.87199999997
228358.70999999996
228363.642
228365.0730000001
228368.32799999998
228378.044
228384.6499999999
228393.24099999992
228401.05300000007
228405.88899999997
228407.581
228413.01300000004
228417.92500000005
228425.41999999993
228430.55499999993
228441.35100000002
228447.30700000003
228454.48399999994
228458.365
228461.5689999999
228472.89500000002
228477.24
228480.11100000003
228485.54499999993
228492.912
228502.4310000001
228506.2450000001
228511.287
228516.29799999995
228523.6270000001
228527.9809999999
228530.16100000008
228533.5220000001
228538.84700000007
228542.31199999992
228549.5020000001
228570.179
228576.179
228586.25
228611.9809999999
228621.71999999997
228626.35899999994
228630.85400000005
228632.108
228632.0120000001
228631.9040000001
228638.81300000008
228645.1329999999
228658.96699999995
228665.84400000004
228692.19500000007
228701.33499999996
228724.95500000007
228724.054
228720.91100000008
228718.365
228715.0220000001
228712.94900000002
228704.95200000005
228703.277
228698.34899999993
228698.18299999996
228698.115
228691.3019999999
228690.392
228686.8940000001
228683.365
228674.42200000002
228669.62599999993
228664.19900000002
228656.98900000006
228641.4680000001
228629.99
228618.9879999999
228617.41599999997
228606.33700000006
228597.75399999996
228582.03600000008
228556.2479999999
228544.60899999994
228534.8500000001
228538.912
228542.1569999999
228531.58499999996
228515.13800000004
228499.81499999994
228519.3529999999
228550.50300000003
228555.7039999999
228560.1470000001
228550.35100000002
228558.35400000005
228566.05799999996
228567.483
228570.3770000001
228574.9439999999
228588.338
228596.1200000001
228602.8940000001
228614.8330000001
228642.169
228647.65800000005
228650.35899999994
228655.581
228668.18699999992
228671.47600000002
228673.90899999999
228683.27799999993
228689.17999999993
228691.88800000004
228702.1299999999
228706.46999999997
228716.88899999997
228722.85499999998
228725.0689999999
228731.47200000007
228739.41999999993
228755.5079999999
228768.84400000004
228774.83400000003
228777.90800000005
228793.9339999999
228794.02600000007
228794.03600000008
228794.13800000004
228804.39299999992
228817.6980000001
228897.71900000004
229470.615
231004.2649999999
230993.79900000012
230975.32400000002
230963.79700000002
230952.76600000006
230978.37899999996
230983.08700000006
230996.98399999994
231014.81300000008
231020.9779999999
231052.24300000002
231055.36800000002
231063.12599999993
231063.69500000007
231066.87899999996
231075.456
231084.09100000001
231112.27099999995
231113.60899999994
231114.62599999993
231117.3060000001
231118.7209999999
231132.73699999996
231135.8430000001
231047.40999999992
231040.43500000006
230949.65599999996
230824.7309999999
230734.1370000001
230722.5689999999
230719.65999999992
230275.5290000001
230020.1129999999
229655.53600000008
229538.17299999995
229460.36899999995
229313.62899999996
229175.93999999994
229277.21699999995
229291.23900000006
229391.7379999999
229434.64299999992
229965.936
230066.706
230063.96500000008
230061.287
230058.53399999999
230055.3970000001
230051.1329999999
230047.081
230045.84100000001
230085.32400000002
230214.0419999999
230277.58899999992
230326.6669999999
230349.5079999999
230371.74099999992
230395.16299999994
230418.81199999992
230442.2250000001
230455.9069999999
230472.14899999998
230481.80000000005
230524.946
230561.67599999998
230607.3829999999
230637.17800000007
230712.81199999992
230783.46999999997
230785.564
230787.47699999996
230804.46399999992
230779.96900000004
230777.385
230777.5460000001
230773.436
230743.79900000012
230741.43299999996
230741.071
230677.54099999997
230677.14299999992
230649.4979999999
230648.2790000001
230647.39500000002
230617.10700000008
230614.517
230602.66599999997
230598.44200000004
230596.21699999995
230593.52099999995
230595.52600000007
230602.662
230603.6540000001
230625.1170000001
230625.32700000005
230642.3060000001
230643.24699999997
230666.108
230667.64800000004
230676.3770000001
230678.1710000001
230678.8359999999
230682.45900000003
230687.8970000001
230689.35899999994
230690.53399999999
230729.11100000003
230730.40800000005
230736.01399999997
230739.79300000006
230743.4809999999
230750.4140000001
230749.4920000001
230743.52099999995
230741.93699999992
230724.375
230714.71399999992
230691.73399999994
230685.71399999992
230674.78399999999
230669.8940000001
230582.29799999995
230473.0319999999
230234.01600000006
230081.95900000003
230111.82400000002
230112.24
230115.80000000005
230116.179
230118.311
230097.669
230095.348
230086.1370000001
230065.00300000003
230042.30099999998
230020.90299999993
230009.142
229990.76399999997
229969.6839999999
229942.9709999999
229932.31499999994
229839.88199999998
229793.29300000006
229771.33000000007
229743.15999999992
229647.15100000007
229551.86599999992
229451.66999999993
229346.5930000001
229295.44500000007
229252.20099999988
229169.1980000001
229167.15999999992
229143.9809999999
229132.37199999997
229114.28399999999
229108.01799999992
229085.11100000003
228849.35899999994
228765.412
228597.24600000004
228594.51799999992
228593.32000000007
228644.51300000004
228645.6029999999
228698.17999999993
228731.16299999994
228724.44299999997
228724.0660000001
228645.41599999997
228567.86800000002
228350.05799999996
228193.41599999997
227541.31700000004
227476.767
227166.80300000007
227136.67200000002
227084.3940000001
227059.125
227036.97999999998
227019.10100000002
227005.74
226979.902
226962.7720000001
226890.25900000008
226850.90500000003
226509.80099999998
226509.67500000005
226500.86199999996
226449.83199999994
226449.30499999993
226457.0149999999
226543.99600000004
226653.42599999998
226618.8629999999
226841.68999999994
226798.267
226797.90299999993
226794.78799999994
226829.6229999999
226879.892
226887.84000000008
226888.7109999999
226883.19500000007
226883.2080000001
226885.223
226889.35499999998
226895.706
226903.25300000003
226912.36100000003
226921.8970000001
226946.49099999992
226957.56700000004
226964.56199999992
226966.21600000001
226965.5830000001
226959.48900000006
226945.8089999999
226935.24699999997
226928.82499999995
226904.5390000001
226892.517
226847.314
226800.30799999996
226749.4779999999
226714.78300000005
226699.03000000003
226691.55700000003
226675.63599999994
226672.3529999999
226670.98600000003
226675.81499999994
226670.088
226640.86199999996
226601.662
226567.09499999997
226527.63400000008
226495.25600000005
226458.56000000006
226418.64800000004
226384.135
226334.6910000001
226234.42500000005
226194.527
225992.48699999996
226050.0419999999
226026.52000000002
226002.6839999999
225919.4169999999
225909.67800000007
225907.902
225884.42999999993
225884.40999999992
225884.3899999999
225841.31000000006
225756.1980000001
225684.28099999996
225630.598
225570.57799999998
225506.97399999993
225343.777
225343.47200000007
225232.0830000001
225225.64800000004
225021.38800000004
224845.3999999999
224842.87400000007
224837.0730000001
224826.6910000001
224813.68999999994
224802.06199999992
224791.49399999995
224788.62400000007
224631.37400000007
224330.47900000005
224105.8019999999
223869.53600000008
223854.70500000007
223854.1370000001
223847.58700000006
223817.7309999999
223802.83899999992
223394.57599999988
223009.4950000001
223005.537
223003.2080000001
222999.412
222985.22900000005
222578.3230000001
222544.56300000008
222495.32799999998
222436.79300000006
222390.01799999992
222272.7420000001
222245.33899999992
222222.93500000006
222181.7080000001
222152.0789999999
222137.635
222098.10100000002
222049.56000000006
222013.74300000002
221981.777
221941.19200000004
221840.7960000001
221793.358
221776.49699999997
221757.36100000003
221662.7420000001
221523.48200000008
221480.3970000001
221464.29900000012
221458.43800000008
221453.642
221450.0519999999
221447.77399999998
221446.99099999992
221445.49099999992
221443.32700000005
221440.561
221427.858
221423.32599999988
221418.10499999998
221414.24399999995
221410.28499999992
221374.7250000001
221353.13899999997
221348.8019999999
221344.60100000002
221340.64299999992
221337.05799999996
221322.24900000007
221316.93800000008
221311.03499999992
221295.1669999999
221282.69699999993
221270.608
221235.912
221227.7109999999
221219.189
221204.58700000006
221182.9979999999
221174.939
221167.5519999999
221146.61199999996
221122.9210000001
221113.2720000001
221102.48600000003
221090.929
221078.97900000005
221043.34199999995
221011.36599999992
220984.03600000008
220979.3970000001
220974.45200000005
220969.331
220964.14599999995
220945.098
220909.31700000004
220878.64899999998
220870.80099999998
220844.52600000007
220831.6299999999
220818.15100000007
220804.5390000001
220797.8770000001
220791.20299999998
220764.53300000005
220740.4069999999
220716.2649999999
220711.71399999992
220706.82499999995
220701.8899999999
220690.5
220683.4680000001
220659.87199999997
220636.47399999993
220618.9920000001
220583.54300000006
220563.21399999992
220535.7749999999
220530.36199999996
220525.29499999993
220520.66500000004
220496.73699999996
220489.94999999995
220482.11800000002
220445.28499999992
220418.82799999998
220384.95500000007
220340.91599999997
220319.33400000003
220283.99600000004
220280.40100000007
220276.7960000001
220273.24099999992
220188.93800000008
220158.87800000003
220152.82199999993
220146.41599999997
220139.84100000001
220133.25699999998
220069.98699999996
219816.6669999999
219812.30499999993
219761.97699999996
219767.9210000001
219767.912
219766.81000000006
219764.68200000003
219761.5830000001
219745.51099999994
219739.85499999998
219735.46699999995
219734.12800000003
219728.152
219726.6640000001
219723.3289999999
219716.35100000002
219714.2819999999
219710.05700000003
219710.29300000006
219705.6440000001
219630.61400000006
219565.311
219372.919
219223.912
219203.3430000001
219171.84400000004
219131.45999999996
219113.70299999998
219072.517
219046.4879999999
219026.59100000001
219006.287
218980.89100000006
218903.86899999995
218807.42500000005
218712.62899999996
218653.12599999993
218626.21999999997
218597.63100000005
218543.23200000008
218511.88899999997
218465.83000000007
218454.7080000001
218386.34899999993
218356.9539999999
218284.35100000002
218206.686
218109.4410000001
218099.2790000001
218076.169
218050.32000000007
218027.77399999998
217986.5020000001
217972.45099999988
217963.017
217938.19500000007
217923.456
217914.75300000003
217901.46699999995
217874.821
217840.18800000008
217793.30300000007
217796.6470000001
217766.51399999997
217745.7450000001
217723.65999999992
217703.83700000006
217697.18999999994
217640.189
217601.13400000008
217498.97999999998
217436.86599999992
217437.3999999999
217420.05700000003
217422.45999999996
217407.11199999996
217386.79499999993
217367.31499999994
217358.89899999998
217318.64899999998
217297.49099999992
217263.49300000002
217222.7379999999
217204.33400000003
217144.32000000007
217054.30099999998
217027.794
216979.53600000008
216947.5589999999
216886.44699999993
216821.402
216797.89599999995
216762.2549999999
216726.90500000003
216719.07400000002
216625.3970000001
216615.5730000001
216628.0859999999
216631.22600000002
216633.9609999999
216606.16500000004
216573.82499999995
216558.0959999999
216540.78799999994
216533.3799999999
216530.82799999998
216530.95900000003
216528.18299999996
216516.3230000001
216513.09000000008
216487.67599999998
216468.13400000008
216460.42999999993
216442.34400000004
216433.15999999992
216412.96999999997
216372.6029999999
216376.20099999988
216362.63400000008
216361.94999999995
216333.74399999995
216293.32000000007
216257.16999999993
216254.49399999995
216260.59499999997
216251.99900000007
216246.206
216230.90800000005
216226.70299999998
216231.66999999993
216221.125
216194.88899999997
216180.2209999999
216163.3359999999
216177.392
216155.294
216109.43200000003
216072.41800000006
216072.858
216041.86800000002
216031.99900000007
216030.6370000001
216019.0519999999
216011.29900000012
216000.24600000004
215977.89599999995
215934.1299999999
215878.50399999996
215798.25399999996
215788.79499999993
215755.52399999998
215724.02300000004
215630.40899999999
215632.06000000006
215617.4310000001
215615.67800000007
215618.06799999997
215574.0290000001
215567.05700000003
215553.9709999999
215509.5830000001
215487.6910000001
215440.57799999998
215421.41299999994
215404.52099999995
215393.652
215376.76099999994
215303.7749999999
215256.27399999998
215247.6669999999
215210.66800000006
215186.946
215064.69900000002
215055.99300000002
215036.10199999996
214996.35700000008
214976.0589999999
214869.11400000006
214833.7309999999
214697.44299999997
214619.83899999992
214518.53499999992
214495.21500000008
214411.94699999993
214433.54300000006
214421.29799999995
214408.054
214393.19999999995
214379.62599999993
214342.71500000008
214325.598
214211.30799999996
214187.24099999992
214139.2649999999
214074.96600000001
214073.83199999994
214025.09100000001
213999.08199999994
213965.19299999997
213895.412
213871.21999999997
213856.96500000008
213853.108
213839.24699999997
213833.56000000006
213824.2649999999
213813.071
213805.93500000006
213781.58400000003
213761.43299999996
213743.21900000004
213730.67200000002
213716.44699999993
213703.0390000001
213699.13899999997
213693.8999999999
213690.18200000003
213686.17599999998
213681.95099999988
213677.61800000002
213663.94699999993
213654.73600000003
213640.6569999999
213629.58700000006
213599.1370000001
213558.82799999998
213540.3770000001
213468.4950000001
213373.75399999996
213350.82199999993
213346.01
213327.95299999998
213328.90800000005
213325.03300000005
213309.9709999999
213286.53499999992
213201.9879999999
213150.31000000006
213119.9609999999
213096.5120000001
213071.78000000003
213054.15999999992
213038.7279999999
213013.3160000001
212996.41599999997
212980.304
212965.1669999999
212951.10400000005
212931.11400000006
212916.00900000008
212902.14899999998
212879.4879999999
212825.9779999999
212781.12599999993
212769.223
212740.72699999996
212694.54700000002
212658.64500000002
212635.30099999998
212600.713
212522.95200000005
212506.95200000005
212381.25699999998
212346.10499999998
212313.25
212287.6229999999
212258.55099999998
212218.02799999993
212211.72200000007
212200.162
212173.77399999998
212149.34899999993
212119.60100000002
212081.76799999992
212027.9269999999
212013.37199999997
211982.16800000006
211987.04499999993
212009.84700000007
212005.52000000002
211998.3500000001
211978.7279999999
211952.80799999996
211951.01099999994
211915.662
211907.517
211877.59199999995
211846.47600000002
211839.081
211830.57599999988
211832.98900000006
211823.90599999996
211790.3019999999
211772.213
211776.017
211749.4580000001
211730.179
211712.787
211677.32000000007
211650.27000000002
211630.8899999999
211604.85499999998
211596.63899999997
211568.11400000006
211543.84700000007
211510.71600000001
211481.8799999999
211452.64500000002
211439.4609999999
211416.55000000005
211405.70200000005
211378.45299999998
211372.348
211331.86400000006
211324.50399999996
211313.22999999998
211299.8870000001
211290.45299999998
211270.2450000001
211271.50900000008
211260.044
211249.59400000004
211223.4040000001
211193.96200000006
211174.2309999999
211169.62100000004
211153.5249999999
211135.12100000004
211107.89899999998
211088.45699999994
211086.6170000001
211084.36800000002
211081.04099999997
211076.78799999994
211071.83499999996
211066.8600000001
211062.35499999998
211058.51399999997
211055.5
211037.04900000012
211022.179
211019.686
210954.01799999992
210938.55700000003
210934.7309999999
210929.67800000007
210923.5419999999
210916.49699999997
210861.02000000002
210819.57000000007
210805.2549999999
210787.0319999999
210775.3459999999
210760.37800000003
210735.31199999992
210712.81000000006
210760.01399999997
210761.01399999997
210754.6170000001
210776.2180000001
210775.68299999996
210778.20299999998
210783.53000000003
210788.8160000001
210793.56199999992
210812.4140000001
210930.94999999995
210907.20099999988
210889.3559999999
210893.63100000005
210875.9069999999
210870.2450000001
210858.09100000001
210878.57799999998
210866.6710000001
210888.7579999999
210896.7180000001
210897.179
210866.29499999993
210848.38599999994
210798.8189999999
210750.10499999998
210759.16800000006
210754.72399999993
210780.05300000007
210760.60100000002
210713.30000000005
210667.28499999992
210601.21699999995
210569.35899999994
210535.804
210423.5390000001
210343.7520000001
210261.8089999999
210226.8559999999
210186.4480000001
210161.17599999998
210135.27399999998
210084.24300000002
210032.86199999996
209999.49300000002
209941.9950000001
209919.87800000003
209899.90999999992
209875.09000000008
209776.3430000001
209740.22399999993
209706.71699999995
209677.80300000007
209558.6000000001
209507.706
209465.49900000007
209379.8970000001
209345.79799999995
209282.17999999993
209224.05099999998
209176.71600000001
209130.358
209090.18800000008
209052.66100000008
209027.4040000001
209004.68500000006
208958.6100000001
208946.0220000001
208889.19699999993
208881.98900000006
208876.16299999994
208859.91299999994
208855.67800000007
208849.8359999999
208842.84100000001
208835.24600000004
208788.3600000001
