243099.10700000008
243060.419
243176.7549999999
243194.65500000003
243199.588
243202.50699999998
243205.83400000003
243210.84899999993
243217.33899999992
243216.064
243216.91100000008
243218.27600000007
243218.94900000002
243222.12400000007
243232.98200000008
243247.1100000001
243246.43699999992
243246.80499999993
243242.5149999999
243239.54900000012
243228.71200000006
243224.1299999999
243218.27399999998
243214.71200000006
243207.96999999997
243204.7919999999
243214.2180000001
243216.81700000004
243214.73900000006
243210.51399999997
243209.9779999999
243207.87599999993
243208.01399999997
243203.99699999997
243214.32199999993
243217.527
243229.93299999996
243229.348
243232.37899999996
243232.2890000001
243235.0589999999
243235.08499999996
243236.70099999988
243237.08899999992
243234.75399999996
243227.96200000006
243224.2749999999
243217.7420000001
243207.9169999999
243187.088
243186.81499999994
243180.723
243173.37599999993
243169.4850000001
243164.30099999998
243158.0959999999
243153.7819999999
243154.32199999993
243156.27600000007
243160.24900000007
243165.30799999996
243167.3999999999
243169.838
243451.78600000008
243568.29700000002
243593.79700000002
243582.18299999996
243638.6569999999
243766.28000000003
243766.31000000006
243766.33000000007
243828.42500000005
243969.5959999999
244108.56199999992
244181.20099999988
244361.89299999992
244362.7109999999
244433.78799999994
244626.8500000001
244798.78099999996
244888.0319999999
245254.7649999999
245848.46900000004
245917.4210000001
246001.3459999999
246261.2690000001
246280.32400000002
246354.25900000008
246402.43200000003
246486.9169999999
246493.02799999993
246491.6669999999
246629.78399999999
246639.267
246650.0079999999
246655.206
246662.09000000008
246673.03499999992
246694.5079999999
246710.412
246712.84899999993
246710.78399999999
246717.8829999999
246743.10499999998
246754.71699999995
246761.4779999999
246776.30799999996
246785.95999999996
246790.41100000008
246799.38199999998
246804.38800000004
246817.48900000006
246824.46399999992
246835.7309999999
246845.304
246867.77099999995
246879.0020000001
246878.6839999999
246871.07799999998
246862.53099999996
246855.9210000001
246837.4269999999
246752.98699999996
246734.4609999999
246728.4069999999
246705.27600000007
246688.90500000003
246670.5859999999
246667.1170000001
246656.56300000008
246585.77399999998
246526.7620000001
246516.49099999992
246491.50900000008
246472.7749999999
246412.892
246382.51300000004
246363.8600000001
246356.6329999999
246337.4480000001
246326.4950000001
246318.98600000003
246311.49399999995
246283.5730000001
246549.081
246630.8970000001
246751.31300000008
246766.36800000002
246809.6000000001
246900.60400000005
246923.5190000001
246962.24099999992
247011.82799999998
247045.36100000003
247061.51099999994
247087.41100000008
247126.561
247160.02600000007
247184.2279999999
247201.84400000004
247278.75300000003
247302.04000000004
247324.135
247344.75399999996
247379.392
247412.29000000004
247458.6029999999
247480.186
247504.09499999997
247514.60499999998
247571.314
247634.70900000003
247757.49
247760.74399999995
247763.1540000001
247765.9210000001
247770.37599999993
247770.40599999996
247769.20099999988
247775.1229999999
247780.24
247781.57700000005
247778.13899999997
247782.12400000007
247777.5689999999
247772.05799999996
247775.9269999999
247770.03300000005
247927.61899999995
248027.69299999997
248204.564
248219.9979999999
248297.3729999999
248333.77300000004
248346.49900000007
248379.15800000005
248552.21900000004
248825.588
249407.49300000002
249649.6200000001
249962.65299999993
250289.66599999997
250394.43699999992
250594.53499999992
250721.60700000008
250929.38899999997
251042.5560000001
251042.8829999999
250994.20099999988
250941.19900000002
251019.63800000004
251036.36599999992
251047.6029999999
251220.7620000001
251337.439
251609.787
251747.99600000004
251884.3330000001
252144.67299999995
252478.1939999999
252735.16100000008
252990.55700000003
253125.348
253326.37400000007
253415.92500000005
253568.064
253681.55700000003
253984.74399999995
254243.1029999999
254351.2309999999
254439.61199999996
254469.615
254574.92599999998
254634.71999999997
255014.64599999995
255054.06499999994
255227.885
255257.69900000002
255292.2890000001
255338.45200000005
255378.11599999992
255469.43500000006
255511.11100000003
255565.4210000001
255600.9169999999
255624.60199999996
255644.49900000007
255664.30700000003
255689.169
255705.47999999998
255709.69999999995
255719.571
255734.5460000001
255747.88199999998
255755.30799999996
255772.5390000001
255787.43299999996
255807.3770000001
255809.0689999999
255822.6939999999
255833.83000000007
255846.46200000006
255854.16999999993
255860.186
255869.95099999988
255894.35899999994
255914.5730000001
255920.33000000007
255925.07700000005
255942.30000000005
255948.63599999994
255956.7420000001
255962.04700000002
255967.6810000001
255972.08400000003
255976.32000000007
255983.26300000004
255988.9339999999
256004.7309999999
256007.0930000001
256012.51099999994
256014.14100000006
256017.544
256020.07700000005
256027.88599999994
256033.7309999999
256034.67299999995
256032.8799999999
256035.25600000005
256036.8559999999
256038.1059999999
256036.615
256033.53000000003
256034.76
256035.43500000006
256037.29099999997
256040.6910000001
256044.26099999994
256046.86899999995
256054.0560000001
256058.77099999995
256062.36199999996
256062.7890000001
256057.80499999993
256058.84899999993
256058.46200000006
256065.57000000007
256070.04900000012
256073.24900000007
256074.4680000001
256075.09199999995
256084.78399999999
256088.89299999992
256090.46600000001
256089.277
256087.6299999999
256086.78000000003
256080.6000000001
256079.14299999992
256079.84700000007
256084.53399999999
256087.52099999995
256088.81799999997
256089.65100000007
256091.939
256095.4439999999
256119.03799999994
256133.233
256141.9809999999
256147.4310000001
256158.71600000001
256182.74300000002
256186.179
256196.9609999999
256207.42500000005
256215.83400000003
256221.4850000001
256240.01799999992
256248.56199999992
256257.7720000001
256263.62800000003
256284.27600000007
256303.10199999996
256310.31799999997
256321.80499999993
256329.554
256333.57199999993
256345.2649999999
256351.1499999999
256359.21999999997
256364.1839999999
256389.8060000001
256396.60199999996
256405.30499999993
256414.20200000005
256419.72600000002
256422.75
256447.25900000008
256450.0319999999
256454.4609999999
256460.63599999994
256462.92999999993
256471.56300000008
256476.20500000007
256478.81799999997
256488.52099999995
256502.87100000004
256506.14599999995
256511.87100000004
256514.561
256518.21699999995
256521.92999999993
256525.55000000005
256535.79499999993
256541.53000000003
256548.74900000007
256552.7379999999
256556.108
256565.70200000005
256571.598
256580.70299999998
256584.74099999992
256594.64299999992
256597.162
256601.419
256606.88199999998
256613.1399999999
256615.43200000003
256619.865
256620.58000000007
256624.32599999988
256644.2549999999
256649.635
256657.38800000004
256663.89299999992
256669.27799999993
256673.81300000008
256677.14800000004
256680.733
256692.3600000001
256693.73200000008
256696.67599999998
256702.77000000002
256709.97699999996
256715.49600000004
256718.89899999998
256725.767
256728.3160000001
256732.62100000004
256737.16100000008
256737.35199999996
256738.30499999993
256739.088
256739.89100000006
256742.3089999999
256739.9779999999
256739.463
256746.40599999996
256761.2690000001
256768.38899999997
256775.54700000002
256785.2960000001
256794.87800000003
256798.90899999999
256827.37400000007
256844.38100000005
256950.46500000008
257007.0930000001
257009.44200000004
257010.65599999996
257011.24300000002
257017.4539999999
257021.365
257024.14599999995
257024.9850000001
257026.75300000003
257029.24399999995
257030.23699999996
257033.8359999999
257051.19900000002
257060.18200000003
257094.51300000004
257118.1669999999
257122.93800000008
257130.892
257136.68999999994
257139.34400000004
257143.11800000002
257149.2080000001
257149.8089999999
257151.94299999997
257160.21500000008
257164.83000000007
257172.80300000007
257179.7620000001
257184.32400000002
257184.75699999998
257199.02300000004
257200.65899999999
257205.15999999992
257208.2420000001
257222.679
257227.54799999995
257228.7080000001
257225.162
257220.65100000007
257232.6059999999
257240.8999999999
257244.46900000004
257239.34100000001
257240.0020000001
257249.72699999996
257253.44699999993
257254.26099999994
257258.66299999994
257261.92800000007
257265.88100000005
257267.8729999999
257269.56300000008
257276.02300000004
257279.15800000005
257286.7690000001
257289.02099999995
257295.6939999999
257297.28600000008
257305.67299999995
257311.1299999999
257315.3729999999
257319.6669999999
257320.446
257321.50900000008
257328.06499999994
257331.70500000007
257334.9850000001
257341.0319999999
257341.09499999997
257341.7690000001
257341.8729999999
257346.82199999993
257352.9950000001
257359.82499999995
257363.81700000004
257364.94500000007
257366.6170000001
257366.8330000001
257374.57799999998
257375.55499999993
257371.18800000008
257376.42599999998
257383.81000000006
257391.054
257400.06799999997
257419.71999999997
257432.54900000012
257439.5660000001
257462.0589999999
257469.40299999993
257471.11800000002
257468.82599999988
257480.78799999994
257492.7109999999
257499.69999999995
257504.80700000003
257515.22600000002
257524.01099999994
257534.13599999994
257542.67200000002
257551.99099999992
257552.26099999994
257557.72600000002
257559.4879999999
257566.50099999993
257573.35100000002
257573.1129999999
257567.9750000001
257567.8160000001
257567.8060000001
257575.24300000002
257589.2479999999
257588.41800000006
257591.95099999988
257595.60400000005
257601.34000000008
257607.76300000004
257621.96699999995
257623.14500000002
257628.98900000006
257636.57400000002
257641.71900000004
257641.76099999994
257642.31199999992
257646.777
257654.1710000001
257655.57199999993
257662.277
257666.46600000001
257672.3899999999
257676.8189999999
257678.22999999998
257684.277
257681.63800000004
257676.10100000002
257675.2819999999
257673.4709999999
257674.0049999999
257672.47399999993
257664.11800000002
257651.66800000006
257653.1170000001
257656.439
257659.52099999995
257668.63400000008
257724.11199999996
257738.321
257746.7450000001
257753.15999999992
257797.8160000001
258016.43999999994
258211.0859999999
258263.50099999993
258329.6200000001
258376.59000000008
258408.27000000002
258492.98399999994
258602.936
258793.96399999992
258809.8189999999
258829.88400000008
258865.321
258907.0020000001
259034.04499999993
259026.39500000002
259022.76099999994
259012.53399999999
259156.30099999998
259203.51
259250.20500000007
259297.57199999993
259345.36400000006
259391.87100000004
259361.65899999999
259332.99600000004
259438.58700000006
259512.47399999993
259523.811
259525.64599999995
259534.94900000002
259660.45699999994
259784.30300000007
259903.33899999992
260106.25699999998
260304.60899999994
260471.33700000006
260542.6839999999
260603.0319999999
260704.321
260615.1129999999
260638.1229999999
260618.99
260537.79300000006
260528.56499999994
260554.92999999993
260562.64599999995
260584.0149999999
260613.233
260584.21900000004
260519.47999999998
260446.0830000001
260442.30499999993
260385.3060000001
260272.95200000005
260140.49699999997
260140.75600000005
260049.71500000008
260032.287
259998.95999999996
259992.46600000001
260007.04499999993
260027.97600000002
260046.2690000001
260032.15100000007
259990.47699999996
259961.2420000001
259940.84199999995
259927.76099999994
259919.311
259909.84499999997
259891.19200000004
259874.80099999998
259857.28399999999
259841.40899999999
259820.95200000005
259797.32499999995
259755.44699999993
259744.027
259712.86800000002
259686.19200000004
259648.814
259620.85100000002
259586.196
259534.32000000007
259508.7479999999
259479.429
259461.51300000004
259424.10499999998
259404.35199999996
259359.419
259394.01099999994
259406.67999999993
259451.1540000001
259332.55799999996
259285.973
259188.463
259127.6329999999
259158.54499999993
259209.2649999999
259252.87599999993
259270.73399999994
259306.42200000002
259315.4439999999
259316.21399999992
259301.62100000004
259344.61199999996
259365.41999999993
259389.97399999993
259424.8999999999
259477.32000000007
259496.814
259503.36800000002
259536.946
259552.4680000001
259561.66599999997
259595.1980000001
259614.1810000001
259621.9040000001
259649.3529999999
259672.77000000002
259685.3559999999
259696.26
259702.1399999999
259709.35199999996
259752.39299999992
259759.31799999997
259788.40999999992
259797.5959999999
259804.96900000004
259806.73399999994
259810.929
259811.22600000002
259812.7479999999
259818.40500000003
259846.385
259846.189
259850.544
259847.31199999992
259844.4310000001
259839.33400000003
259808.07400000002
259803.22900000005
259797.16999999993
259784.0660000001
259785.31300000008
259785.45099999988
259777.69699999993
259776.054
259778.83199999994
259790.18800000008
259812.87599999993
259812.483
259801.9069999999
259799.91299999994
259805.49600000004
259805.2790000001
259804.588
259802.4609999999
259802.213
259827.49600000004
259832.35899999994
259831.8629999999
259863.8899999999
259862.5789999999
259845.1299999999
259844.56199999992
259799.58899999992
259799.37199999997
259795.25
259794.84700000007
259791.45699999994
259827.70500000007
259837.55300000007
259830.09899999993
259837.44699999993
259832.2720000001
259831.8189999999
259836.41800000006
259848.83199999994
259852.46200000006
259852.4809999999
259861.5660000001
259862.6569999999
259796.2919999999
259749.02600000007
259743.43299999996
259720.29499999993
259713.3629999999
259674.99
259537.78399999999
259469.7520000001
259432.72900000005
259371.56199999992
259300.0689999999
259258.47200000007
259227.74900000007
259211.071
259185.5560000001
259163.9339999999
259141.5249999999
259121.75
259120.2080000001
259089.38800000004
259060.66100000008
259038.3870000001
259018.22600000002
259000.91800000006
258987.10700000008
258982.84700000007
258965.0959999999
258958.85400000005
258938.1910000001
258935.2309999999
258929.29700000002
258918.79300000006
258895.49
258860.98200000008
258824.36400000006
258768.06000000006
258752.35499999998
258709.98699999996
258680.17400000012
258648.30799999996
258629.115
258618.5830000001
258556.27300000004
258537.75
258516.39599999995
258491.13199999998
258447.1540000001
258437.4609999999
258432.47900000005
258428.4950000001
258421.87899999996
258399.96999999997
258383.5149999999
258373.62599999993
258346.2350000001
258335.34199999995
258323.89899999998
258323.45299999998
258291.88100000005
258285.64800000004
258267.58400000003
258258.01099999994
258247.58700000006
258239.1059999999
258221.4609999999
258208.21200000006
258200.1499999999
258186.40899999999
258174.79000000004
258161.5
258149.25900000008
258135.66599999997
258126.3999999999
258092.429
258036.59100000001
258027.28300000005
258022.554
258017.7649999999
258003.027
257970.4439999999
257959.42299999995
257953.82199999993
257948.16100000008
257942.43999999994
257930.82799999998
257901.902
257890.30000000005
257884.39899999998
257878.43699999992
257866.32400000002
257850.223
257844.10100000002
257836.86800000002
257825.2649999999
257819.09400000004
257811.0079999999
257798.91500000004
257792.8940000001
257787.20299999998
257765.02000000002
257754.90899999999
257720.7790000001
257718.84000000008
257708.5249999999
257701.5220000001
257705.18999999994
257709.1640000001
257707.88400000008
257698.9750000001
257658.2039999999
257621.99300000002
257584.82000000007
257551.8729999999
257437.91800000006
257432.66500000004
257424.56700000004
257362.77300000004
257311.83499999996
257271.3430000001
257176.3430000001
257029.81199999992
256951.8060000001
256921.12800000003
256870.74600000004
256768.598
256782.92200000002
256794.27799999993
256813.5149999999
256761.49699999997
256614.10899999994
256510.42299999995
256279.027
256114.81700000004
255965.061
255807.61199999996
255758.963
255734.64800000004
255633.6059999999
255620.69999999995
255607.05300000007
255570.93699999992
255554.8999999999
255546.7790000001
255528.58199999994
255525.3970000001
255519.15800000005
255516.1839999999
255463.82799999998
255460.11199999996
255452.4310000001
255438.50099999993
255435.27399999998
255433.8799999999
255423.63800000004
255416.58199999994
255409.3060000001
255388.64100000006
255373.78799999994
255367.47999999998
255363.7549999999
255359.26
255352.49099999992
255346.05300000007
255341.10700000008
255333.7180000001
255317.77799999993
255296.081
255277.1170000001
255270.3359999999
255256.07400000002
255236.365
255222.88800000004
255188.4879999999
255127.6939999999
255076.3089999999
255065.6640000001
255054.608
255039.365
255017.04300000006
254953.7520000001
254868.25600000005
254825.8019999999
254752.21600000001
254574.96399999992
254400.82700000005
254324.17400000012
254251.196
254187.9269999999
254153.36800000002
254146.2690000001
254129.44900000002
254106.51
254052.56799999997
254008.65500000003
253977.561
253827.7960000001
253779.23900000006
253746.65500000003
253736.20699999994
253631.9269999999
253565.30799999996
253632.5020000001
253569.0730000001
253559.17999999993
253554.66599999997
253396.15599999996
253493.65500000003
253519.65299999993
253557.55300000007
253404.375
253102.0
253118.93999999994
253274.9140000001
253282.82199999993
253296.16299999994
253328.54300000006
253330.22600000002
253332.9920000001
253338.706
253346.95299999998
253352.04099999997
253356.4850000001
253369.814
253372.358
253379.33899999992
253382.5149999999
253388.233
253414.9069999999
253433.3160000001
253452.37199999997
253469.51799999992
253482.08700000006
253505.071
253525.19699999993
253596.821
253605.1810000001
253626.13899999997
253674.8729999999
253738.28300000005
253799.67999999993
253830.706
253855.3600000001
253912.82000000007
253929.74399999995
253972.03300000005
254003.983
254002.9920000001
253994.6029999999
253983.38800000004
253977.88199999998
253970.80799999996
253970.45500000007
253966.206
253970.9680000001
253981.41999999993
253986.97699999996
253988.74099999992
253986.2579999999
253972.1640000001
253982.23600000003
253993.37100000004
254003.2919999999
254019.75699999998
254017.162
254013.3559999999
254001.28799999994
253995.57799999998
253988.59100000001
253982.23699999996
253975.2549999999
253968.90599999996
253960.01600000006
253921.27600000007
253905.43500000006
253897.152
253870.47900000005
253855.87400000007
253836.19299999997
253827.93299999996
253821.581
253805.70900000003
253789.8289999999
253774.59199999995
253751.7279999999
253729.5079999999
253721.13899999997
253715.53300000005
253696.483
253687.59100000001
253668.544
253652.0319999999
253643.142
253631.08199999994
253619.01399999997
253612.6710000001
253604.412
253596.15599999996
253588.53600000008
253581.54700000002
253567.57799999998
253551.70200000005
253538.36599999992
253512.96699999995
253505.58000000007
253505.3500000001
253504.3999999999
253496.46500000008
253490.1129999999
253477.4040000001
253464.0789999999
253450.74
253429.787
253418.9920000001
253409.46200000006
253394.8600000001
253377.71399999992
253373.2720000001
253368.19200000004
253358.0290000001
253351.0419999999
253346.6000000001
253335.1710000001
253327.54900000012
253317.39100000006
253297.06499999994
253255.15899999999
253235.47200000007
253191.65899999999
253180.86800000002
253138.946
253123.07499999995
253102.12400000007
253093.8670000001
253066.56300000008
253062.11400000006
253053.22399999993
253017.03000000003
252972.5830000001
252963.05499999993
252953.52600000007
252918.608
252908.44299999997
252895.74600000004
252876.69699999993
252867.8060000001
252859.5519999999
252841.13800000004
252815.73600000003
252801.7620000001
252791.6059999999
252773.82199999993
252745.24600000004
252730.64599999995
252718.58000000007
252714.00600000005
252706.51
252691.91299999994
252691.55300000007
252682.3770000001
252676.6669999999
252674.1270000001
252665.8729999999
252651.2690000001
252641.10199999996
252629.044
252623.32400000002
252608.723
252600.46999999997
252579.51399999997
252569.9879999999
252562.36400000006
252550.93999999994
252531.2549999999
252528.07599999988
252519.18299999996
252513.47200000007
252505.848
252499.50099999993
252486.79700000002
252469.6540000001
252463.304
252458.22399999993
252450.6029999999
252425.20500000007
252417.581
252405.51799999992
252395.9979999999
252387.63199999998
252382.02799999993
252376.29700000002
252375.35899999994
252379.483
252383.29000000004
252378.8459999999
252368.69299999997
252361.0660000001
252354.08000000007
252347.72900000005
252339.483
252323.60700000008
252319.79499999993
252316.615
252314.0830000001
252309.0020000001
252280.4269999999
252269.6270000001
252256.9879999999
252249.09000000008
252244.46699999995
252243.96600000001
252231.2309999999
252223.98399999994
252204.26600000006
252182.98600000003
252160.15100000007
252132.76600000006
252122.44999999995
252099.35199999996
252083.46600000001
252073.49099999992
252066.46900000004
252062.7690000001
252060.35199999996
252054.5220000001
252049.36100000003
252048.66299999994
252047.017
252047.98699999996
252052.11800000002
252062.9140000001
252076.38199999998
252082.02099999995
252083.6710000001
252085.51300000004
252085.1810000001
252083.3459999999
252078.65800000005
252069.87199999997
252038.7350000001
252028.12800000003
252021.1710000001
252012.52000000002
252010.14100000006
251996.08000000007
251990.3559999999
251985.0589999999
251966.7819999999
251945.24
251927.152
251921.12400000007
251915.5
251897.03399999999
251888.4269999999
251885.9269999999
251884.02000000002
251875.9169999999
251873.38199999998
251854.0519999999
251843.86899999995
251842.55700000003
251831.365
251825.9979999999
251820.14899999998
251800.9879999999
251771.71699999995
251765.0589999999
251760.85499999998
251757.2579999999
251753.71900000004
251734.73399999994
251728.56700000004
251711.42800000007
251692.71999999997
251680.6440000001
251674.8600000001
251661.0689999999
251653.31799999997
251647.8799999999
251638.7420000001
251630.96699999995
251624.85100000002
251608.60100000002
251603.8999999999
251596.152
251588.35899999994
251583.8500000001
251579.6100000001
251577.88100000005
251575.287
251567.07000000007
251564.03099999996
251553.76799999992
251551.5959999999
251535.9410000001
251512.02799999993
251491.1499999999
251470.27399999998
251438.277
251413.20500000007
251407.92500000005
251432.831
251459.12100000004
251500.67400000012
251510.70299999998
251500.2749999999
251497.52099999995
251490.10199999996
251488.72900000005
251482.37599999993
251482.24300000002
251481.35199999996
251480.64500000002
251476.169
251475.79000000004
251474.7450000001
251461.93699999992
251461.67400000012
251438.98399999994
251436.75099999993
251393.20500000007
251328.93299999996
251236.79799999995
251230.7279999999
251235.61400000006
251230.8999999999
251206.29700000002
251026.99399999995
250940.33700000006
250859.26600000006
250836.3700000001
250791.983
250757.86199999996
250625.57199999993
250562.24600000004
250536.20099999988
250508.39599999995
250459.44200000004
250431.2039999999
250395.92500000005
250369.0560000001
250323.53099999996
250305.33000000007
250299.936
250253.76099999994
250223.0319999999
250179.85400000005
250146.06300000008
250135.57000000007
250112.03000000003
250078.12899999996
250039.28099999996
250023.07799999998
249753.28000000003
249734.84400000004
248934.419
248829.41599999997
248703.94999999995
248643.936
248602.98399999994
248634.48900000006
248650.5689999999
248668.42400000012
248706.76099999994
248729.97900000005
248741.07700000005
248771.52099999995
248750.8870000001
248688.75900000008
248519.48900000006
248448.24300000002
248432.0930000001
248401.92599999998
248369.74399999995
248352.20299999998
248332.14100000006
248301.29300000006
248245.49699999997
248222.054
248205.6810000001
248197.94200000004
248194.06000000006
248190.07400000002
248186.9680000001
248191.0020000001
248202.33499999996
248212.7209999999
248237.28399999999
248249.82700000005
248262.12400000007
248265.74300000002
248268.7420000001
248297.79900000012
248311.135
248341.31799999997
248360.14500000002
248379.7080000001
248408.7109999999
248435.21399999992
248453.554
248465.25900000008
248464.5120000001
248478.4609999999
248497.57700000005
248512.90899999999
248595.3289999999
248675.3459999999
248676.3330000001
248678.7309999999
248686.17200000002
248693.4410000001
248697.875
248702.7890000001
248706.679
248708.69200000004
248708.51
248706.12199999997
248701.99300000002
248694.05099999998
248689.53399999999
248686.4069999999
248684.45699999994
248683.29900000012
248676.348
248676.2109999999
248675.186
248674.77099999995
248672.96699999995
248663.5589999999
248664.23399999994
248667.294
248675.429
248679.46999999997
248679.5730000001
248676.75699999998
248683.38400000008
248688.17299999995
248700.34700000007
248709.33000000007
248722.07700000005
248728.08499999996
248735.27000000002
248742.77300000004
248754.01600000006
248756.5859999999
248753.45500000007
248757.3729999999
248761.29000000004
248763.72699999996
248763.6839999999
248767.82199999993
248769.25600000005
248793.61400000006
248806.777
248820.78600000008
248832.48399999994
248843.92999999993
248846.99
248850.19500000007
248852.7039999999
248856.70500000007
248870.57199999993
248884.24900000007
248891.31199999992
248895.22399999993
248905.91100000008
248912.47699999996
248919.52000000002
248934.39899999998
248947.06700000004
248959.5930000001
248965.3359999999
248967.37599999993
248970.706
248975.1939999999
248984.07599999988
248989.44699999993
249006.9040000001
249015.38800000004
249023.48200000008
249028.983
249032.88599999994
249038.59000000008
249042.4709999999
249047.28499999992
249058.37100000004
249066.4480000001
249073.25300000003
249089.06700000004
249099.6059999999
249113.47600000002
249136.8899999999
249166.12599999993
249189.2579999999
249197.40299999993
249208.3160000001
249216.8289999999
249222.84100000001
249233.3770000001
249271.14100000006
249286.7209999999
249296.7479999999
249312.85899999994
249327.86199999996
249332.2649999999
249342.79300000006
249356.55300000007
249368.77000000002
249377.92500000005
249386.49900000007
249399.135
249404.7960000001
249407.55499999993
249412.91800000006
249419.18999999994
249456.89500000002
249467.66999999993
249478.777
249489.42500000005
249500.33400000003
249535.375
249545.1229999999
249555.14100000006
249575.29499999993
249595.2080000001
249605.33400000003
249614.74900000007
249639.571
249652.68800000008
249662.6440000001
249668.65800000005
249675.64299999992
249682.36899999995
249692.0079999999
249700.74699999997
249716.18200000003
249724.81000000006
249734.41800000006
249745.2450000001
249756.15100000007
249779.63400000008
249790.29000000004
249801.206
249821.3189999999
249861.8359999999
249871.8430000001
249883.3799999999
249942.28600000008
249943.41599999997
249950.38100000005
249958.57700000005
250023.64899999998
250043.723
250042.4809999999
250027.44900000002
250014.8019999999
250012.46900000004
250003.3529999999
249984.76099999994
249984.3770000001
249981.72900000005
249966.55799999996
249955.98200000008
249946.35499999998
249942.2720000001
249944.38899999997
249945.615
249950.84100000001
249960.571
249975.00600000005
250002.29099999997
250015.02799999993
250031.2379999999
250049.3559999999
250069.49699999997
250108.9979999999
250123.48699999996
250134.0249999999
250161.4539999999
250186.93500000006
250193.25399999996
250192.20999999996
250188.8430000001
250182.76399999997
250174.37400000007
250162.152
250152.69299999997
250143.59499999997
250127.713
250114.3330000001
250095.8899999999
250081.1100000001
250058.1640000001
250039.83000000007
250032.01399999997
250021.6540000001
250004.9169999999
249996.9439999999
249997.20099999988
250004.13100000005
250014.4879999999
250023.41800000006
250029.55499999993
250040.30099999998
250044.517
250042.5589999999
250044.1229999999
250049.05300000007
250056.81499999994
250066.12800000003
250077.24300000002
250099.635
250123.66800000006
250152.9750000001
250264.46399999992
250280.52300000004
250295.34100000001
250313.49900000007
250370.49
250376.16999999993
250374.26300000004
250360.57499999995
250342.03499999992
250334.13400000008
250329.79099999997
250338.49900000007
250333.04799999995
250326.88100000005
250312.33899999992
250300.3799999999
250283.65899999999
250271.57199999993
250255.00099999993
250241.07199999993
250216.3160000001
250190.04000000004
250136.34100000001
250108.527
250092.7379999999
250075.81799999997
250061.83899999992
250047.83899999992
250039.13400000008
250031.0390000001
250030.43800000008
250011.89599999995
249998.99699999997
249984.5859999999
249965.9439999999
249949.2420000001
249913.61599999992
249906.68999999994
249901.125
249894.44999999995
249886.983
249881.7579999999
249874.10100000002
249867.96500000008
249857.72399999993
249856.64100000006
249858.0589999999
249863.26
249868.62100000004
249870.321
249879.946
249887.189
249905.4480000001
249910.46999999997
249937.94500000007
249950.40100000007
249961.78799999994
249975.0460000001
249996.15899999999
250006.42500000005
250020.21399999992
250031.1810000001
250041.31799999997
250060.04900000012
250119.66599999997
250128.4310000001
250135.73600000003
250141.08899999992
250150.7250000001
250154.1059999999
250163.581
250167.20299999998
250166.43200000003
250164.51099999994
250160.66800000006
250156.2350000001
250131.7579999999
250098.37599999993
250092.61199999996
250018.42299999995
250001.63199999998
249987.5220000001
249974.16299999994
249929.27300000004
249911.69200000004
249907.34000000008
249903.1470000001
249892.6000000001
249876.06000000006
249872.80799999996
249865.9339999999
249853.96600000001
249844.8999999999
249838.0859999999
249835.97399999993
249824.57700000005
249819.44299999997
249816.84199999995
249812.36899999995
249805.064
249801.34199999995
249795.77799999993
249788.55300000007
249780.2279999999
249774.6939999999
249764.64800000004
249749.62800000003
249745.10499999998
249736.24900000007
249725.36199999996
249718.34700000007
249707.57000000007
249690.84000000008
249680.27300000004
249674.15899999999
249668.69500000007
249653.196
249646.29099999997
249643.40899999999
249642.679
249621.96600000001
249587.47399999993
249577.93800000008
249572.17500000005
249565.00099999993
249560.348
249553.02300000004
249543.1470000001
249527.7479999999
249527.82799999998
249521.68500000006
249505.01399999997
249502.24300000002
249497.8999999999
249490.68500000006
249482.8899999999
249474.7250000001
249471.223
249464.18800000008
249447.277
249441.3629999999
249438.071
249432.34700000007
249425.12199999997
249423.1810000001
249419.55799999996
249411.91299999994
249406.72999999998
249399.7350000001
249390.49900000007
249386.59700000007
249376.5
249370.206
249366.6440000001
249365.3629999999
249348.05099999998
249339.49600000004
249334.392
249331.17999999993
249322.41500000004
249316.05099999998
249311.66800000006
249304.67299999995
249298.5789999999
249293.37599999993
249281.36800000002
249275.90500000003
249273.05300000007
249268.9809999999
249257.723
249249.89800000004
249238.34100000001
249234.39800000004
249229.615
249222.74099999992
249216.8870000001
249206.02000000002
249194.65299999993
249190.65100000007
249181.53499999992
249173.8999999999
249165.385
249158.75099999993
249154.61800000002
249147.00300000003
249136.64599999995
249132.25399999996
249129.07199999993
249124.98900000006
249118.05499999993
249110.3600000001
249102.57499999995
249091.7279999999
249086.92500000005
249069.804
249064.09000000008
249055.865
249046.35899999994
249041.33499999996
249036.48200000008
249028.8970000001
249016.21900000004
249011.6470000001
249005.06199999992
248998.77799999993
248990.3729999999
248980.81700000004
248972.20099999988
248966.00699999998
248960.554
248946.365
248942.32199999993
248937.2890000001
248933.3770000001
248920.32799999998
248914.92500000005
248908.9210000001
248905.25900000008
248902.57700000005
248895.973
248890.45900000003
248887.55700000003
248886.24699999997
248886.11599999992
248883.47399999993
248875.97999999998
248871.24600000004
248865.43299999996
248859.94900000002
248856.34700000007
248848.09100000001
248843.4979999999
248839.71600000001
248833.14100000006
248827.1170000001
248822.90500000003
248816.4310000001
248816.30099999998
248814.44999999995
248810.1370000001
248802.92299999995
248797.86899999995
248793.25600000005
248787.17200000002
248784.50099999993
248779.79799999995
248777.58700000006
248773.4140000001
248765.05799999996
248756.66299999994
248753.77099999995
248740.6329999999
248714.8060000001
248702.62899999996
248692.29300000006
248685.61899999995
248682.8670000001
248625.686
248354.24900000007
248297.152
248265.00099999993
248247.1499999999
248201.26099999994
248151.5390000001
248110.733
248078.56300000008
248046.723
248005.52600000007
247881.21699999995
247784.50600000005
247706.54099999997
247622.02600000007
247626.26600000006
247627.87400000007
247632.2109999999
247635.4410000001
247653.26300000004
247658.52300000004
247670.4950000001
247687.56199999992
247726.19699999993
247751.2479999999
247943.4210000001
248026.36400000006
248063.08899999992
248220.37400000007
248318.0190000001
248467.57599999988
248648.6769999999
248735.2080000001
249077.4310000001
249149.07599999988
249171.95200000005
249207.33199999994
249238.22200000007
249254.71500000008
249256.54700000002
249257.67800000007
249275.3330000001
249284.6129999999
249292.04099999997
249306.17999999993
249326.7720000001
249331.41100000008
249333.09100000001
249326.10899999994
249321.40800000005
249320.6839999999
249322.77600000007
249330.02099999995
249357.983
249361.31000000006
249362.186
249362.14599999995
249359.69999999995
249365.3500000001
249373.99699999997
249389.73399999994
249411.48200000008
249444.581
249473.061
249511.7350000001
249549.99900000007
249559.304
249560.86199999996
249558.7379999999
249587.07799999998
249815.91100000008
249924.52399999998
250078.29000000004
250249.31300000008
250286.43999999994
250293.0319999999
250281.94900000002
250273.07700000005
250246.67599999998
250246.31300000008
250314.14899999998
250375.78499999992
250468.89800000004
250668.22999999998
250727.90999999992
250910.80000000005
251060.26
251177.37899999996
251285.1229999999
251304.24900000007
251320.6980000001
251331.52799999993
251372.179
251402.51399999997
251478.98399999994
251470.45900000003
251476.19900000002
251475.46200000006
251468.5519999999
251464.8060000001
251449.7649999999
251442.39500000002
251435.35199999996
251411.1200000001
251390.81000000006
251388.9439999999
251389.858
251403.16299999994
251411.49900000007
251414.9979999999
251424.62199999997
251452.09700000007
251445.78300000005
251444.53799999994
251452.27600000007
251472.4210000001
251467.9269999999
251461.88100000005
251455.45999999996
251438.90999999992
251427.40899999999
251423.55799999996
251417.561
251413.26799999992
251408.58000000007
251410.517
251410.3600000001
251392.642
251389.74900000007
251384.08499999996
251379.83199999994
251364.2819999999
251359.75600000005
251375.72399999993
251378.37199999997
251369.14800000004
251350.67800000007
251351.892
251339.54000000004
251341.35499999998
251333.767
251341.12100000004
251323.11800000002
251306.25600000005
251297.84700000007
251292.179
251271.6229999999
251255.4339999999
251257.49900000007
251244.57000000007
251232.1640000001
251228.07000000007
251221.1059999999
251225.71999999997
251219.9480000001
251211.89100000006
251188.5959999999
251178.3940000001
251167.94299999997
251160.1000000001
251157.62400000007
251153.41500000004
251163.65299999993
251159.14500000002
251168.02399999998
251171.79700000002
251165.20999999996
251159.16800000006
251160.1810000001
251157.85400000005
251144.13400000008
251133.0830000001
251129.5660000001
251124.858
251133.45099999988
251137.946
251135.7520000001
251139.9310000001
251145.09400000004
251155.90999999992
251153.25
251145.0660000001
251147.33499999996
251145.45500000007
251142.29799999995
251140.74900000007
251144.22200000007
251143.60899999994
251172.56799999997
251205.69500000007
251361.72699999996
251383.3359999999
251389.11599999992
251385.6540000001
251398.6059999999
251421.83400000003
251443.77300000004
251453.25699999998
251485.6939999999
251519.44299999997
251505.42200000002
251504.0560000001
251500.23699999996
251485.84899999993
251483.98600000003
251482.21399999992
251481.0
251466.97699999996
251455.23399999994
251428.72200000007
251416.33199999994
251393.544
251379.91299999994
251372.97699999996
251371.6059999999
251360.20699999994
251347.93699999992
251348.6370000001
251344.42400000012
251333.615
251335.97600000002
251339.42800000007
251337.5460000001
251332.2819999999
251325.79700000002
251325.93699999992
251333.62199999997
251342.3670000001
251345.58899999992
251354.375
251364.49099999992
251369.45500000007
251371.32599999988
251373.9779999999
251379.01099999994
251386.55700000003
251397.02399999998
251398.385
251402.12800000003
251396.41500000004
251399.82000000007
251402.53399999999
251404.13599999994
251415.28499999992
251424.11199999996
251436.90100000007
251446.03799999994
251455.17500000005
251463.02300000004
251473.35199999996
251488.38599999994
251501.30700000003
251519.81199999992
251584.45200000005
251664.3359999999
251713.66100000008
251757.91299999994
251819.77799999993
251857.6569999999
251887.08700000006
251917.67599999998
251954.85100000002
251995.689
252023.00699999998
252059.01
252079.72200000007
252287.6669999999
252321.95099999988
252439.05300000007
252478.20299999998
252511.3189999999
252558.91500000004
252591.38100000005
252624.15599999996
252672.9439999999
252740.00699999998
252784.62899999996
252978.58499999996
252989.973
253013.83000000007
253049.3700000001
253062.75699999998
253088.34100000001
253114.4879999999
253144.75699999998
253225.94200000004
253236.69699999993
253332.18999999994
253346.2960000001
253358.92200000002
253397.96399999992
253456.70099999988
253521.814
253555.8940000001
253592.60400000005
253659.054
253734.52300000004
253759.71999999997
253839.98699999996
254104.46999999997
254264.76600000006
254485.189
254550.30000000005
254615.5519999999
254718.1370000001
254743.94299999997
254729.314
254756.7520000001
254796.7579999999
254823.196
254853.936
254914.03600000008
254927.9750000001
255059.8230000001
255059.963
255060.0930000001
254998.03600000008
254807.15599999996
254721.78499999992
254757.7080000001
254831.02799999993
254927.91800000006
254973.56499999994
255017.82199999993
255017.7720000001
255017.8019999999
255089.7620000001
255126.35199999996
255290.18500000006
255459.206
255499.49600000004
255513.25
255531.5589999999
255545.03300000005
255548.39599999995
255548.40599999996
255588.8870000001
255602.571
255671.09700000007
255752.80099999998
255771.689
255787.7960000001
255821.50099999993
255859.43200000003
255899.99399999995
255968.31000000006
256023.098
256053.65899999999
256092.19500000007
256155.21900000004
256280.1170000001
256290.0319999999
256301.9979999999
256400.60100000002
256402.37199999997
256523.99600000004
256522.96399999992
256509.23399999994
256496.70699999994
256543.89599999995
256585.29900000012
256592.9539999999
256621.64100000006
256631.946
256644.50300000003
256678.90500000003
256710.79799999995
256719.125
256728.8230000001
256729.1229999999
256729.7039999999
256732.89599999995
256769.3970000001
256772.0789999999
256772.0789999999
256773.32000000007
256779.74600000004
256799.814
256799.82400000002
256753.8330000001
256623.9979999999
256568.1910000001
256466.4040000001
256412.0689999999
256320.63199999998
256242.2620000001
256112.206
255881.28600000008
255827.73600000003
255769.26399999997
255695.7649999999
255617.3829999999
255491.6100000001
255383.1669999999
255385.9950000001
255479.196
255497.80700000003
255596.6710000001
255629.23900000006
255642.02399999998
255678.19999999995
255712.90599999996
255780.67800000007
255903.44200000004
255966.81300000008
256008.02399999998
256026.51099999994
256072.0589999999
256073.81300000008
256074.79300000006
256076.98900000006
256077.40800000005
256079.73200000008
256102.9269999999
256156.348
256220.69500000007
256271.385
256291.6170000001
256306.1980000001
256314.6229999999
256327.22699999996
256347.51300000004
256366.348
256382.13800000004
256399.4210000001
256413.71699999995
256432.233
256453.44699999993
256467.52300000004
256476.04300000006
256480.973
256503.88800000004
256515.4040000001
256543.6669999999
256547.2690000001
256538.912
256500.142
256485.581
256462.92400000012
256439.73699999996
256431.97600000002
256431.63400000008
256434.57499999995
256433.71999999997
256431.564
256434.6540000001
256446.32599999988
256464.43999999994
256515.51399999997
256581.34899999993
256620.79700000002
256644.93200000003
256671.02000000002
256696.82000000007
256694.10100000002
256698.66100000008
256716.57700000005
256797.79099999997
256865.2890000001
256968.75699999998
257080.54799999995
257181.5220000001
257312.6129999999
257337.31499999994
257409.439
257429.36800000002
257507.79499999993
257652.17400000012
257873.76
258130.33199999994
258137.74900000007
258226.2549999999
258356.82199999993
258486.26600000006
258580.375
258585.5249999999
258621.6170000001
258619.32400000002
258618.29300000006
258821.2209999999
258885.7749999999
259034.26799999992
259234.3629999999
259235.75399999996
259234.83000000007
259370.385
259391.31199999992
259478.91800000006
259537.66299999994
259713.16100000008
259769.939
259997.53600000008
260037.581
260027.94500000007
260271.11599999992
260524.56300000008
260742.79499999993
260732.3670000001
260728.07499999995
260727.267
260728.37599999993
260728.1839999999
260726.39800000004
260720.53499999992
260711.0789999999
260715.03099999996
260707.24900000007
260693.02600000007
260687.56700000004
260683.0249999999
260677.77399999998
260672.87899999996
260671.767
260672.37199999997
260678.963
260688.16100000008
260690.652
260725.6669999999
260779.07599999988
260783.28000000003
260783.84199999995
260782.65299999993
260919.4779999999
260904.68299999996
260910.03000000003
261330.17500000005
261329.0519999999
261322.517
261329.5
261473.5589999999
261473.63899999997
261563.31700000004
261575.98399999994
261649.0390000001
261696.1100000001
261759.37800000003
261836.20099999988
261882.32499999995
261887.55799999996
261914.5020000001
261941.39599999995
261956.38400000008
262018.17500000005
262035.8970000001
262053.59899999993
262070.0120000001
262070.09199999995
262081.86400000006
262119.54000000004
262122.6499999999
262149.00399999996
262215.0490000001
262232.38599999994
262259.59199999995
262261.0
262281.06000000006
262291.105
262351.90599999996
262435.31499999994
262435.43500000006
262441.61400000006
262444.98600000003
262445.0460000001
262535.7050000001
262585.2009999999
262618.16500000004
262631.5449999999
262676.20200000005
262839.59899999993
263054.304
263199.4950000001
263213.60400000005
263295.601
263369.91500000004
263392.05799999996
263378.267
263368.851
263368.851
263347.6499999999
263317.034
263317.01399999997
263317.00399999996
263254.0090000001
263113.5249999999
263053.6000000001
263011.70200000005
262910.09899999993
262885.652
262885.622
262884.2409999999
262776.7379999999
262774.08400000003
262774.034
262746.118
262699.21699999995
262687.3019999999
262687.54099999997
262687.72399999993
262659.5090000001
262724.399
262829.304
262912.59899999993
262923.115
262942.044
262954.8659999999
262957.40299999993
262961.804
262955.466
262952.78799999994
262952.30700000003
262928.777
262928.70699999994
262881.0959999999
262818.895
262764.395
262678.0530000001
262778.8389999999
262671.2450000001
262638.20200000005
262609.6980000001
262636.699
262736.32700000005
262798.38899999997
262861.50099999993
262923.52300000004
262986.2549999999
263107.3289999999
263220.9310000001
263236.203
263236.223
263236.233
263450.1340000001
263556.6769999999
263608.50399999996
263676.80000000005
263828.804
263854.95699999994
264015.53099999996
264070.608
264162.8970000001
264236.6599999999
264261.4410000001
264301.588
264340.80499999993
264359.176
264442.912
264563.983
264607.257
264671.0589999999
264686.99600000004
264686.8030000001
264686.3500000001
264685.84700000007
264685.96200000006
264684.72699999996
264684.70699999994
264684.4169999999
264682.0
264680.1569999999
264677.5630000001
264674.96699999995
264674.095
264673.2520000001
264671.77799999993
264667.4709999999
264661.669
264660.9469999999
264660.49600000004
264656.88899999997
264653.91299999994
264651.40599999996
264645.0
264640.4950000001
264640.4750000001
264640.4550000001
264636.247
264632.3929999999
264626.7720000001
264620.3670000001
264612.2990000001
264611.26600000006
264611.8829999999
264609.03300000005
264607.5079999999
264605.55700000003
264605.9469999999
264606.51600000006
264606.7960000001
264605.2080000001
264604.8770000001
264605.3459999999
264605.595
264607.895
264609.2649999999
264607.62100000004
264607.1000000001
264603.5049999999
264602.52099999995
264602.18999999994
264601.8999999999
264599.39599999995
264599.4639999999
264599.483
264598.831
264597.689
264597.30499999993
264597.1029999999
264593.49600000004
264586.993
264586.973
264586.01099999994
264581.15299999993
264580.1159999999
264575.72
264575.845
264573.86199999996
264796.5560000001
264800.912
264867.51
264891.20200000005
264870.0220000001
264866.81499999994
264866.7749999999
264816.79799999995
264694.0
264692.4979999999
264633.3899999999
264584.797
264518.28
264454.4850000001
264419.047
264282.6429999999
264282.6129999999
264257.05499999993
264257.0249999999
264253.69999999995
264243.03300000005
264242.922
264210.09899999993
264183.993
264183.983
264161.3160000001
264156.547
264186.351
264210.101
264256.90100000007
264252.649
264241.34700000007
264188.10199999996
264196.828
264196.828
264233.824
264260.2949999999
264380.078
264463.2949999999
264606.99900000007
264677.9950000001
264753.4639999999
264799.1610000001
264861.95200000005
264924.703
264949.8219999999
264957.10199999996
265049.297
265165.2849999999
265330.24900000007
265381.3160000001
265389.50399999996
265395.80000000005
265401.90299999993
265489.696
265489.706
265490.1880000001
265492.605
265497.19500000007
265497.2050000001
265496.4469999999
265494.00600000005
265492.89599999995
265490.456
265489.936
265488.90599999996
265487.497
265485.203
265485.1980000001
265486.6229999999
265490.73900000006
265498.2109999999
265500.895
265502.59899999993
265506.7039999999
265516.5020000001
265524.79799999995
265530.1939999999
265531.43500000006
265536.713
265544.0689999999
265545.99399999995
265546.855
265552.402
265569.8999999999
265575.2960000001
265579.598
265582.73399999994
265583.3940000001
265592.90100000007
265598.9639999999
265600.375
265600.405
265611.9950000001
265612.787
265615.81499999994
265622.7479999999
265626.405
265628.79799999995
265632.1029999999
265632.9240000001
265634.946
265643.1470000001
265649.3570000001
265649.9979999999
265650.5290000001
265653.23699999996
265653.4950000001
265654.99900000007
265660.3829999999
265660.58199999994
265660.801
265662.1610000001
265662.4609999999
265662.4709999999
265662.50099999993
265669.89800000004
265675.426
265678.706
265682.0049999999
265683.63100000005
265684.7350000001
265686.9879999999
265690.9110000001
265692.1129999999
265699.61100000003
265702.7050000001
265705.6470000001
265708.74
265709.19999999995
265712.77
265716.1329999999
265719.99600000004
265724.301
265730.9979999999
265733.27099999995
265736.5660000001
265741.652
265741.68200000003
265741.70200000005
265743.375
265744.66800000006
265744.6980000001
265747.50399999996
265746.2009999999
265748.39800000004
265765.7039999999
265769.65299999993
265773.61100000003
265786.0220000001
265791.6980000001
265796.43200000003
265797.41299999994
265797.61400000006
265801.598
265807.9199999999
265809.83400000003
265809.84400000004
265814.00399999996
265821.8970000001
265824.49600000004
265824.5360000001
265826.527
265826.8970000001
265839.402
265842.35400000005
265844.16500000004
265849.1399999999
265852.135
265852.726
265856.301
265860.8770000001
265862.047
265863.9979999999
265866.399
265866.429
265867.94299999997
265872.23900000006
265874.17299999995
265876.899
265879.08700000006
265881.7690000001
265888.983
265889.284
265892.49900000007
265893.76300000004
265894.22399999993
265894.87599999993
265902.203
265905.439
265905.81000000006
265908.6440000001
265918.297
265922.0959999999
265925.45900000003
265927.0800000001
265927.86100000003
265932.29799999995
265939.67999999993
265944.287
265944.33700000006
265946.503
265948.6980000001
265957.564
265958.26399999997
265958.304
265964.8030000001
265966.00099999993
265966.331
265970.62899999996
265973.48399999994
265973.49399999995
265973.50399999996
265979.2039999999
265982.22699999996
265986.40100000007
265988.253
265992.8089999999
265998.28099999996
266003.061
266003.071
266003.081
266003.1610000001
266006.993
266007.6159999999
266007.63599999994
266007.706
266010.4979999999
266009.405
266011.07000000007
266011.40299999993
266014.287
266017.50099999993
266024.03300000005
266025.6470000001
266025.6470000001
266025.747
266031.0090000001
266037.5190000001
266037.5290000001
266038.89599999995
266030.8030000001
266028.331
266025.69999999995
266024.0020000001
266022.18200000003
266021.10199999996
266019.41500000004
266020.2039999999
266020.69999999995
266026.267
266030.70200000005
266036.392
266036.402
266038.70200000005
266038.605
266038.595
266038.8770000001
266039.94200000004
266039.55700000003
266039.20200000005
266039.68500000006
266039.90599999996
266043.94200000004
266046.196
266053.2039999999
266055.80700000003
266056.017
266058.30000000005
266060.0020000001
266060.0020000001
266060.0220000001
266060.04300000006
266060.7860000001
266064.0
266065.595
266065.87599999993
266066.4469999999
266066.4469999999
266069.4920000001
266084.561
266090.27600000007
266098.341
266101.17299999995
266111.9439999999
266114.375
266126.4979999999
266082.3259999999
266078.8459999999
266076.196
265979.037
265982.1499999999
265985.1029999999
266032.4809999999
266039.30000000005
266047.6969999999
266079.699
266182.89800000004
266274.01099999994
266446.2050000001
266456.4199999999
266469.11400000006
266469.12400000007
266470.72399999993
266477.14599999995
266611.7209999999
266692.0020000001
266720.2180000001
266754.5830000001
266882.72699999996
266900.044
267001.801
267015.0730000001
267042.1710000001
267054.574
267058.125
267114.2279999999
267140.70900000003
267143.7420000001
267150.27
267159.69999999995
267198.09700000007
267203.00600000005
267330.804
267359.7720000001
267464.9169999999
267481.4240000001
267400.8119999999
267410.101
267509.6399999999
267658.0
267742.59199999995
267795.5959999999
267829.8600000001
267870.899
267880.5630000001
267880.5730000001
267880.5730000001
267914.0120000001
267914.0619999999
267953.01099999994
267968.6170000001
267974.00600000005
268060.1869999999
268190.544
268127.96699999995
268093.2279999999
268058.9199999999
268055.26399999997
267997.30499999993
267923.85400000005
267765.3359999999
267752.1939999999
267751.6839999999
267746.1370000001
267620.4069999999
267619.4069999999
267615.19999999995
267600.23399999994
267578.92299999995
267552.777
267543.645
267494.6699999999
267417.8119999999
267397.351
267384.54300000006
267377.179
267142.74399999995
267109.0900000001
267041.8030000001
267003.6129999999
266991.9680000001
266969.20900000003
266949.97399999993
266934.534
266871.77300000004
266812.47699999996
266803.91599999997
266786.01300000004
266855.4650000001
266855.8330000001
266833.0390000001
266820.66599999997
266781.4339999999
266716.07499999995
266632.186
266578.47900000005
266494.0800000001
266486.28099999996
266433.2250000001
266426.06799999997
266417.128
266321.57700000005
266286.3999999999
266265.02799999993
266180.118
266155.19200000004
266076.419
266063.966
266041.7520000001
266028.358
265964.02
265963.6839999999
265967.1329999999
265971.3219999999
265992.1839999999
266003.578
266016.05499999993
266017.49399999995
266031.48399999994
266036.86199999996
266043.39100000006
266048.8300000001
266053.3089999999
266056.8570000001
266061.07000000007
266072.696
266084.743
266103.7420000001
266112.0419999999
266113.4310000001
266115.554
266115.22699999996
266076.814
266075.274
266067.60400000005
266050.5419999999
266037.44299999997
266025.507
266010.3840000001
266005.4140000001
266000.2549999999
265995.02600000007
265984.3999999999
265973.824
265964.064
265962.90100000007
265947.1470000001
265945.1299999999
265938.551
265933.3130000001
265931.14599999995
265930.21200000006
265929.5759999999
265923.7720000001
265908.949
265907.858
265906.23600000003
265905.223
265902.73900000006
265899.26099999994
265905.96699999995
265910.9199999999
265911.2139999999
265906.16299999994
265895.074
265905.2350000001
265909.87899999996
265910.26300000004
265809.2209999999
265726.1100000001
265697.26099999994
265623.70900000003
265597.267
265579.47399999993
265564.436
265542.27799999993
265522.53
265495.9820000001
265433.1329999999
265409.3289999999
265388.9099999999
265334.92299999995
265328.2749999999
265317.69500000007
265307.03799999994
265296.51399999997
265286.3430000001
265278.054
265270.29799999995
265264.3330000001
265253.1740000001
265248.3870000001
265241.5589999999
265234.7890000001
265227.16599999997
265219.43999999994
265214.155
265207.3359999999
265197.0560000001
265141.6669999999
265099.926
265086.39599999995
265040.05799999996
264996.28099999996
264949.2590000001
264903.591
264889.77099999995
264871.294
264842.6440000001
264822.16500000004
264794.8459999999
264758.19200000004
264700.63800000004
264683.44200000004
264647.8289999999
264593.4439999999
264538.28
264506.4650000001
264475.1499999999
264478.15100000007
264482.4850000001
264490.84400000004
264495.524
264501.2790000001
264509.1029999999
264512.65599999996
264516.83499999996
264517.61199999996
264517.7960000001
264520.8970000001
264443.9639999999
264369.22399999993
264293.277
264287.2050000001
264283.05499999993
264278.098
264269.1980000001
264264.824
264214.4099999999
264202.5020000001
264190.95900000003
264180.3829999999
264176.007
264171.331
264160.12100000004
264151.5660000001
264145.94500000007
264143.41800000006
264123.7150000001
264095.4909999999
264059.58499999996
264049.1229999999
264028.395
264004.65599999996
263992.1980000001
263947.79000000004
263909.00600000005
263900.49
263884.2579999999
263875.5049999999
263854.75600000005
263835.9099999999
263821.86899999995
263814.33400000003
263784.60199999996
263754.7590000001
263736.22
263707.60899999994
263675.35400000005
263659.561
263643.71900000004
263619.14800000004
263607.20900000003
263591.0360000001
263574.858
263553.429
263537.88100000005
263517.43200000003
263497.7209999999
263465.5800000001
263430.7860000001
263375.48399999994
263350.1440000001
263308.23600000003
263254.1540000001
263239.199
263236.70900000003
263223.78
263203.4240000001
263184.57700000005
263477.7819999999
263858.69299999997
264226.017
264297.645
264353.97900000005
264352.4550000001
264379.90100000007
264410.15599999996
264425.99399999995
264438.30700000003
264459.115
264463.22
264484.811
264588.5889999999
264615.4580000001
264634.26300000004
264653.1170000001
264672.18200000003
264690.635
264701.054
264703.368
264706.865
264709.0490000001
264712.57499999995
264730.86899999995
264740.9169999999
264796.98900000006
264823.55799999996
264844.5460000001
264881.4339999999
264912.4509999999
264934.97200000007
264997.51
265003.5490000001
264983.696
264957.18999999994
264983.155
265011.95900000003
265032.841
265040.21699999995
265092.172
265108.91800000006
265115.716
265126.3030000001
265139.87599999993
265156.3130000001
265174.8529999999
265194.66500000004
265292.45999999996
265327.71200000006
265335.551
265374.4240000001
265406.1839999999
265428.43500000006
265440.247
265436.088
265486.5900000001
265502.24900000007
265522.7749999999
265547.747
265577.76600000006
265578.70900000003
265579.787
265579.6740000001
265579.1669999999
265545.45200000005
265522.26300000004
265466.206
265498.0619999999
265747.4609999999
265752.2649999999
265757.0290000001
265761.26300000004
265762.1129999999
265767.66800000006
265771.06000000006
265779.037
265779.6470000001
265782.179
265844.0789999999
265846.1810000001
265924.9240000001
265959.5319999999
266001.32499999995
266049.7139999999
266051.405
266132.19999999995
266203.45699999994
266218.98
266251.5560000001
266259.132
266311.74399999995
266524.6329999999
266633.98600000003
266733.804
266821.5730000001
266830.196
266891.0900000001
266976.7250000001
266998.51
267023.8259999999
267052.162
267082.92999999993
267126.14100000006
267171.21200000006
267174.43500000006
267231.11100000003
267270.689
267394.6470000001
267564.179
267607.4750000001
267616.088
267687.858
267697.0290000001
267738.09400000004
267769.1540000001
267799.4099999999
267831.5789999999
267843.3189999999
267884.8119999999
267903.4099999999
267906.42299999995
267904.0049999999
267900.23900000006
267884.6470000001
267882.7209999999
267871.6000000001
267853.45900000003
267853.48900000006
267851.8970000001
267851.8670000001
267805.58499999996
267753.034
267735.554
267682.0789999999
267599.1640000001
267595.18200000003
267543.0719999999
267488.60899999994
267363.24399999995
267312.9820000001
267312.1429999999
267311.76300000004
267287.83400000003
267286.4850000001
267177.9410000001
267084.2649999999
266976.0319999999
266793.7250000001
266793.63599999994
266793.6059999999
266792.5900000001
266792.186
266776.50099999993
266760.8060000001
266755.64800000004
266729.899
266715.07700000005
266700.7949999999
266685.05499999993
266669.30499999993
266637.4979999999
266607.3030000001
266599.0120000001
266583.8670000001
266571.15100000007
266558.39599999995
266544.574
266531.2420000001
266508.1569999999
266506.49900000007
266506.47900000005
266484.1470000001
266477.061
266462.89800000004
266444.1980000001
266436.797
266426.642
266419.632
266410.2990000001
266398.6270000001
266395.338
266384.4680000001
266375.297
266369.16599999997
266367.4240000001
266364.2309999999
266359.29799999995
266353.0049999999
266345.9310000001
266344.09199999995
266339.645
266326.402
266304.5349999999
266290.59899999993
266274.321
266257.608
266250.5419999999
266240.375
266208.62599999993
266193.58199999994
266185.27
266181.851
266173.7549999999
266165.73399999994
266159.52600000007
266158.20999999996
266152.35899999994
266150.186
266134.55700000003
266114.395
266074.05499999993
266063.547
266063.53799999994
266037.00399999996
266033.152
266026.615
266010.0360000001
265985.2379999999
265936.84400000004
265932.71900000004
265923.7009999999
265885.304
265866.59199999995
265852.7250000001
265809.493
265797.2150000001
265784.6100000001
265768.53099999996
265753.453
265748.82000000007
265694.7309999999
265675.4369999999
265661.723
265654.669
265642.08700000006
265629.7819999999
265617.284
265607.145
265567.1029999999
265530.54000000004
265507.7590000001
265468.8529999999
265458.4469999999
265443.159
265425.8600000001
265410.03799999994
265390.73600000003
265382.51099999994
265317.9650000001
265294.6939999999
265281.55700000003
265261.216
265252.7109999999
265239.3089999999
265202.64100000006
265196.18500000006
265156.20200000005
265140.6610000001
265114.544
265040.6699999999
265004.11100000003
264989.01300000004
264974.9439999999
264958.39599999995
264944.926
264898.993
264897.4069999999
264873.9979999999
264873.9879999999
264873.9779999999
264871.098
264852.402
264849.9539999999
264845.5360000001
264839.1229999999
264832.8940000001
264832.5290000001
264831.47399999993
264831.4639999999
264828.0719999999
264822.6229999999
264821.69200000004
264817.9380000001
264815.91599999997
264813.12899999996
264808.09899999993
264762.2590000001
264762.24900000007
264736.301
264734.75099999993
264734.58199999994
264724.59899999993
264717.60400000005
264711.09899999993
264710.15299999993
264706.5090000001
264703.03099999996
264691.79799999995
264683.6980000001
264682.1769999999
264678.93299999996
264677.61400000006
264676.199
264674.8870000001
264673.83400000003
264673.50600000005
264673.29799999995
264673.20900000003
264673.0519999999
264671.1340000001
264669.12100000004
264669.12100000004
264668.3019999999
264667.733
264666.645
264663.1270000001
264659.02099999995
264660.064
264661.59899999993
264670.2039999999
264676.9040000001
264683.078
264688.115
264690.10899999994
264701.699
264715.33199999994
264738.3289999999
264759.699
264781.1340000001
264794.61899999995
264910.06700000004
264918.8219999999
264933.01
264971.3600000001
264982.4380000001
264993.1499999999
265009.0390000001
265220.5530000001
265222.949
265461.87400000007
265235.7050000001
265127.9979999999
265047.52099999995
265039.81799999997
265079.90599999996
265066.02799999993
265077.912
265088.36100000003
265096.669
265096.08700000006
265090.9879999999
265077.4369999999
265074.5530000001
265067.05000000005
265063.2109999999
265062.25
265060.8529999999
265044.43200000003
265027.199
265021.01300000004
265006.96900000004
264999.3529999999
264999.28300000005
264993.142
264989.091
264986.179
264982.2749999999
264984.12899999996
264993.06499999994
264996.61899999995
265004.7209999999
265008.00600000005
265016.40800000005
265033.4650000001
265045.14800000004
265058.42999999993
265076.331
265077.33400000003
265076.08400000003
265062.2720000001
265051.27799999993
265050.68999999994
265054.1880000001
265058.8259999999
265066.56000000006
265088.4909999999
265096.30799999996
265100.56700000004
265102.54099999997
265103.71900000004
265106.3999999999
265108.17999999993
265112.2520000001
265153.57000000007
265157.21200000006
265154.8629999999
265153.2250000001
265142.2409999999
265131.20200000005
265117.15100000007
265108.06799999997
265106.162
265095.03
265085.608
265059.4410000001
265051.70200000005
265047.71699999995
265042.9609999999
265036.8119999999
265024.60199999996
265024.02099999995
265007.9469999999
265000.38800000004
264993.338
264985.524
264968.3060000001
264960.55799999996
264956.59400000004
264951.6029999999
264946.8330000001
264942.6159999999
264934.3529999999
264915.2620000001
264913.4199999999
264897.87400000007
264886.9169999999
264877.44500000007
264866.5349999999
264864.11199999996
264860.0689999999
264855.4099999999
264853.56700000004
264851.804
264848.78099999996
264821.3359999999
264800.95900000003
264792.5930000001
264787.7420000001
264785.8700000001
264785.86100000003
264787.95999999996
264787.922
264784.82000000007
264789.37400000007
264788.75
264778.95200000005
264764.4639999999
264754.412
264751.801
264743.071
264738.2279999999
264729.05499999993
264732.89599999995
264734.13100000005
264735.69999999995
264739.6669999999
264744.6370000001
264759.74399999995
264760.58700000006
264762.01300000004
264761.1499999999
264760.3060000001
264758.0630000001
264759.8600000001
264765.7080000001
264768.50600000005
264761.92500000005
264755.30799999996
264745.706
264739.8870000001
264734.0090000001
264731.6299999999
264734.6810000001
264731.0149999999
264722.1669999999
264714.5830000001
264709.189
264703.44999999995
264692.7320000001
264678.37100000004
264671.953
264670.385
264673.78300000005
264678.4210000001
264683.1569999999
264684.5800000001
264688.7590000001
264692.48900000006
264691.03
264678.378
264681.527
264684.91599999997
264685.5900000001
264690.703
264691.6780000001
264691.655
264691.6029999999
264696.8840000001
264704.3230000001
264710.544
264712.94200000004
264714.98900000006
264714.2479999999
264706.36199999996
264705.14800000004
264694.6170000001
264694.5120000001
264696.9580000001
264714.399
264714.7450000001
264714.297
264711.1939999999
264706.54099999997
264697.2990000001
264690.92999999993
264689.9909999999
264679.473
264676.493
264673.59899999993
264670.314
264664.51399999997
264658.544
264656.60400000005
264655.2379999999
264648.80700000003
264646.149
264643.297
264640.5930000001
264637.01600000006
264627.233
264623.716
264611.56799999997
264609.7279999999
264617.017
264621.6340000001
264616.091
264615.0020000001
264601.9979999999
264596.66500000004
264590.9820000001
264578.9820000001
264578.17299999995
264573.159
264569.2479999999
264566.375
264554.101
264548.206
264546.41800000006
264521.2579999999
264509.2050000001
264471.0719999999
264468.095
264459.7420000001
264454.76099999994
264449.1129999999
264444.44999999995
264437.534
264437.2039999999
264431.412
264413.426
264392.15599999996
264357.35400000005
264351.872
264346.8060000001
264342.6070000001
264340.9639999999
264332.94500000007
264329.64599999995
264327.4099999999
264322.97399999993
264302.16599999997
264297.27300000004
264295.1980000001
264292.0830000001
264285.3030000001
264264.37100000004
264260.1699999999
264245.71699999995
264242.902
264240.865
264238.04000000004
264231.311
264228.46699999995
264225.4380000001
264223.2039999999
264216.2720000001
264209.574
264201.304
264193.5090000001
264189.31000000006
264184.2320000001
264175.7990000001
264163.9950000001
264160.8729999999
264159.6159999999
264149.50600000005
264148.5179999999
264150.46900000004
264151.0689999999
264155.098
264155.1200000001
264154.31499999994
264145.91599999997
264136.125
264132.6910000001
264129.01300000004
264126.5249999999
264124.60199999996
264122.11899999995
264112.105
264108.83400000003
264109.62599999993
264113.6499999999
264117.48900000006
264116.98600000003
264113.51399999997
264096.838
264088.87599999993
264088.0959999999
264084.0290000001
264077.0930000001
264070.3840000001
264060.67500000005
264062.98900000006
264046.4639999999
264027.6399999999
264008.274
263990.071
263980.5519999999
263971.909
263963.517
263937.6159999999
263932.87899999996
263980.63800000004
263978.73399999994
263971.159
263976.90100000007
263966.3400000001
263958.2960000001
263940.422
263877.625
263867.105
263851.872
263869.4140000001
263887.2039999999
263896.1869999999
263884.97900000005
263868.0460000001
263872.71200000006
263881.0730000001
263899.7379999999
263905.774
263908.09899999993
263909.851
263913.659
263915.311
263916.311
263915.571
263917.5
263919.66599999997
263919.7350000001
263924.77799999993
263935.42999999993
263936.87400000007
263932.79099999997
263926.206
263923.8259999999
263916.77099999995
263915.60199999996
263911.9369999999
263911.7309999999
263902.0889999999
263899.37599999993
263894.7350000001
263893.34899999993
263894.0519999999
263890.2420000001
263891.6370000001
263895.92299999995
263900.176
263902.2009999999
263905.024
263907.76300000004
263915.0759999999
263923.939
263930.64599999995
263937.0290000001
263942.6939999999
263948.48600000003
263955.52600000007
263957.57499999995
263957.983
263967.652
263971.3940000001
263971.155
263973.05799999996
263969.3189999999
263965.848
263956.02300000004
263944.3870000001
263940.45999999996
263927.8700000001
263918.659
263911.0419999999
263907.17500000005
263902.57499999995
263903.31000000006
263898.39800000004
263898.7409999999
263897.524
263899.25399999996
263903.87899999996
263903.9469999999
263898.43299999996
263897.311
263891.439
263889.9709999999
263889.43299999996
263891.10899999994
263887.63100000005
263882.446
263880.23699999996
263881.70699999994
263888.473
263891.1869999999
263890.233
263892.05499999993
263890.11400000006
263890.90800000005
263888.89100000006
263882.76099999994
263885.547
263887.06799999997
263890.98699999996
263893.7039999999
263893.003
263898.7690000001
263892.25
263891.132
263886.652
263879.3289999999
263867.8770000001
263855.4639999999
263847.115
263842.03099999996
263831.8459999999
263835.49399999995
263831.686
263825.9509999999
263824.48
263830.9509999999
263833.38599999994
263835.885
263842.0619999999
263845.0490000001
263841.0490000001
263844.4609999999
263836.0419999999
263830.365
263830.63800000004
263827.08700000006
263827.882
263821.2990000001
263812.5589999999
263802.64599999995
263802.8729999999
263808.06799999997
263807.23399999994
263800.5830000001
263799.3459999999
263802.314
263802.3970000001
263796.36899999995
263789.233
263782.8189999999
263776.1669999999
263766.74
263757.5290000001
263751.20999999996
263749.28099999996
263751.618
263752.0319999999
263744.90599999996
263730.5859999999
263721.703
263721.4539999999
263717.1910000001
263709.80700000003
263702.159
263702.503
263697.3929999999
263698.253
263694.76600000006
263684.3600000001
263683.74600000004
263681.6340000001
263684.838
263689.57499999995
263691.2420000001
263680.3929999999
263681.0959999999
263678.824
263675.6270000001
263673.14599999995
263670.96900000004
263669.635
263665.7039999999
263659.128
263652.06499999994
263648.71699999995
263641.5249999999
263628.27600000007
263625.7180000001
263625.4140000001
263622.66800000006
263620.615
263612.88100000005
263608.7890000001
263590.51399999997
263591.0049999999
263588.882
263586.6769999999
263586.905
263583.94500000007
263581.6599999999
263579.91500000004
263576.76099999994
263576.8119999999
263571.85899999994
263571.9169999999
263566.5179999999
263567.0220000001
263562.47
263558.2479999999
263547.28799999994
263543.5249999999
263541.15299999993
263542.3189999999
263538.233
263537.01399999997
263537.9580000001
263532.24900000007
263531.3529999999
263519.3130000001
263516.2720000001
263508.15599999996
263497.8670000001
263480.5149999999
263450.3559999999
263444.517
263442.6229999999
263439.77
263437.0630000001
263435.267
263433.3729999999
263430.36100000003
263425.54799999995
263415.53099999996
263397.2139999999
263393.6129999999
263388.007
263377.51300000004
263373.966
263365.845
263363.1370000001
263361.2890000001
263349.517
263345.15599999996
263339.78
263335.15100000007
263333.06799999997
263327.58700000006
263326.365
263325.8559999999
263327.50399999996
263329.95900000003
263333.98600000003
263338.7549999999
263343.7479999999
263348.7279999999
263353.753
263358.02099999995
263363.28099999996
263365.507
263367.1969999999
263368.4580000001
263368.08700000006
263369.41500000004
263369.017
263374.52099999995
263372.841
263374.26600000006
263376.91299999994
263377.09199999995
263375.15800000005
263368.6839999999
263367.32700000005
263368.7180000001
263368.5190000001
263364.8840000001
263364.9650000001
263367.1599999999
263367.08199999994
263360.5179999999
263352.4979999999
263346.9609999999
263347.7749999999
263347.04099999997
263340.76300000004
263337.46200000006
263333.267
263328.8770000001
263322.79000000004
263311.13899999997
263304.66599999997
263269.311
263266.76
263262.463
263260.0660000001
263250.5859999999
263247.6129999999
263238.60199999996
263235.419
263232.4650000001
263229.8389999999
263223.5930000001
263211.162
263208.7620000001
263211.05799999996
263209.80799999996
263202.22399999993
263188.831
263178.064
263164.4110000001
263159.54099999997
263143.6499999999
263138.48600000003
263134.8570000001
263129.9439999999
263125.095
263113.2080000001
263106.3430000001
263087.5589999999
263079.341
263070.97699999996
263063.929
263055.00600000005
263024.75
263005.11199999996
263000.45999999996
262980.304
262974.20200000005
262957.5090000001
262951.6370000001
262942.18200000003
262936.20999999996
262929.936
262918.125
262912.9580000001
262898.145
262881.155
262877.1059999999
262871.10199999996
262866.4040000001
262856.85899999994
262849.05700000003
262839.4539999999
262835.1540000001
262818.7350000001
262806.1329999999
262781.2860000001
262776.37100000004
262773.034
262770.571
262766.8659999999
262760.753
262757.90800000005
262755.43500000006
262752.1270000001
262748.65599999996
262743.6329999999
262740.65599999996
262733.051
262728.15800000005
262724.93200000003
262719.976
262709.37400000007
262702.3829999999
262697.11199999996
262694.6070000001
262691.38899999997
262687.8700000001
262677.034
262674.206
262665.87899999996
262660.892
262657.149
262647.7949999999
262641.0589999999
262635.6070000001
262633.2050000001
262629.95699999994
262624.8629999999
262622.24399999995
262618.618
262616.1640000001
262611.6399999999
262607.9240000001
262605.5349999999
262603.1839999999
262601.41299999994
262599.00399999996
262594.351
262591.5859999999
262589.0390000001
262587.18500000006
262580.5460000001
262578.4310000001
262575.331
262571.09899999993
262565.3729999999
262561.9469999999
262555.94200000004
262551.7679999999
262547.65599999996
262544.6000000001
262541.1499999999
262536.294
262532.76399999997
262528.5630000001
262524.43500000006
262522.5249999999
262518.601
262511.713
262509.47200000007
262501.628
262491.94999999995
262473.11899999995
262471.17999999993
262463.26099999994
262459.68500000006
262454.51300000004
262446.02
262443.5020000001
262427.72900000005
262422.91599999997
262419.6910000001
262417.3570000001
262387.973
262383.26600000006
262369.84199999995
262361.409
262351.0349999999
262343.216
262329.047
262313.96200000006
262299.45200000005
262250.142
261845.77000000002
261650.3060000001
261618.7479999999
261652.20200000005
261554.73699999996
261500.45699999994
261439.34400000004
261395.50300000003
261302.706
261262.6769999999
261252.9310000001
261228.27799999993
261163.858
261080.5859999999
260956.34499999997
260922.1910000001
260893.4169999999
260789.43800000008
260742.43699999992
260694.669
260676.94299999997
260580.96999999997
260531.90100000007
260460.69699999993
260389.892
260320.8899999999
260332.23399999994
260336.75
260341.7379999999
260348.06300000008
260374.87599999993
260426.669
260472.74
260508.3799999999
260545.81000000006
260572.96600000001
260624.8629999999
260651.5959999999
260672.58499999996
260640.53799999994
260662.06799999997
260628.76099999994
260628.29099999997
260629.65100000007
260554.7579999999
260538.7890000001
260582.01399999997
260588.8770000001
260606.35100000002
260676.7450000001
260731.38899999997
260781.5859999999
260791.62800000003
260832.83700000006
260878.6129999999
260947.93699999992
260985.642
261022.82799999998
260962.42500000005
260950.11199999996
260919.15299999993
260866.348
260841.01399999997
260809.5120000001
260829.44900000002
260872.1270000001
260886.10499999998
260875.15100000007
260856.0859999999
260832.18299999996
260807.027
260782.55499999993
260755.15800000005
260748.63100000005
260733.767
260731.7790000001
260748.95200000005
260753.4979999999
260742.39599999995
260764.09899999993
260749.75900000008
260774.66100000008
260817.223
260891.17299999995
260934.642
261025.49600000004
261267.23600000003
261358.05499999993
261442.82700000005
261521.939
261575.3970000001
261629.26300000004
261633.99099999992
261641.28099999996
261696.14599999995
261827.66800000006
262039.78399999999
262056.51099999994
262059.89299999992
262062.90100000007
262064.04000000004
262064.65899999999
262064.71699999995
262064.2250000001
262063.18200000003
262054.787
262053.09000000008
262050.48900000006
262083.16599999997
262104.1170000001
262119.2379999999
262131.34100000001
262158.6440000001
262162.8230000001
262172.8999999999
262275.70999999996
262347.2450000001
262438.91299999994
262580.8570000001
262661.31499999994
262716.87599999993
262723.90100000007
262732.8119999999
262740.2890000001
262804.6769999999
262844.3389999999
263016.78799999994
263036.591
263138.04799999995
263191.39100000006
263275.926
263349.86199999996
263452.6769999999
263538.8219999999
263596.96900000004
263842.97200000007
263859.547
263970.76300000004
263973.2320000001
263974.341
263974.87100000004
263974.5149999999
263982.2819999999
263986.2919999999
264006.34899999993
264031.1599999999
264041.0090000001
264041.0190000001
264317.75600000005
264473.84700000007
264462.997
264457.93500000006
264456.4609999999
264459.351
264464.9680000001
264485.7379999999
264499.179
264634.3600000001
264640.7450000001
264640.74399999995
264640.6200000001
264641.49600000004
264644.23
264648.679
264654.6839999999
264662.02600000007
264716.3430000001
264726.72699999996
264733.58700000006
264844.7309999999
264852.65100000007
264855.72699999996
264859.0460000001
264861.4809999999
264862.75399999996
264863.0049999999
264865.25
264865.544
264879.936
264884.9580000001
264902.017
264914.15800000005
264911.8219999999
264904.54799999995
264885.375
264861.253
264832.90800000005
264796.57000000007
264767.49600000004
264738.41800000006
264733.115
264738.80799999996
264829.2649999999
264863.98699999996
264957.19999999995
265027.2960000001
264972.03300000005
264920.5889999999
264903.71900000004
264887.80000000005
264878.8559999999
264873.1499999999
264870.8829999999
264868.1939999999
264865.162
264844.73600000003
264832.77300000004
264822.774
264815.1640000001
264810.024
264808.4809999999
264806.676
264800.3899999999
264799.45699999994
264804.24
264467.7790000001
264463.53099999996
264453.80499999993
264351.25
264275.517
264192.6000000001
264106.902
263981.037
263864.75600000005
263740.20900000003
263692.162
263574.33400000003
263426.6780000001
263413.321
263261.2080000001
263268.72900000005
263269.28
263265.243
263330.4210000001
263371.82499999995
263479.65599999996
263553.2320000001
263597.14800000004
263652.7990000001
263668.9269999999
263687.74600000004
263642.39599999995
263607.92299999995
263571.70999999996
263532.81700000004
263484.5619999999
263424.01099999994
263388.53
263370.493
263349.4650000001
263324.946
263296.85199999996
263298.635
263118.726
263086.868
263077.40299999993
263075.97
263072.1440000001
263067.8019999999
263061.51099999994
263057.12400000007
263033.0560000001
263036.07700000005
263035.47
263030.9639999999
263025.5889999999
263001.324
262961.524
262915.53
262885.301
262799.7790000001
262726.902
262654.90299999993
262654.8230000001
262586.01600000006
262586.3799999999
262616.034
262633.7990000001
262662.63599999994
262663.8659999999
262464.159
262262.63100000005
262066.75300000003
262035.6329999999
262011.96399999992
261999.1100000001
261981.92500000005
261909.44999999995
261909.49
261898.31199999992
261889.17800000007
261874.15599999996
261841.83400000003
261828.41500000004
261815.06000000006
261800.34700000007
261781.1939999999
261763.53300000005
261763.47399999993
261762.58000000007
261685.3999999999
261608.48600000003
261595.20999999996
261417.46500000008
261407.82799999998
261421.50399999996
261445.61800000002
261377.85400000005
261312.04799999995
261263.15299999993
261106.4779999999
261047.1299999999
260987.9480000001
260960.54000000004
260883.86199999996
260838.1029999999
260703.9920000001
260550.09000000008
260378.95099999988
260261.6980000001
260261.65899999999
260121.47999999998
259952.48399999994
259788.35100000002
259606.71699999995
259453.84199999995
259452.3999999999
259449.22200000007
259435.2350000001
259426.35100000002
259409.6399999999
259366.4269999999
259345.94699999993
259336.39100000006
259326.064
259299.18200000003
259278.331
259239.96600000001
259217.08499999996
259208.83499999996
259206.03499999992
259200.331
259201.78499999992
259198.2579999999
259194.97600000002
259192.22600000002
259283.73200000008
259269.07599999988
259208.0
259192.49300000002
259177.80799999996
259162.7350000001
259151.5589999999
259148.08700000006
259149.21900000004
259151.2420000001
259156.463
259166.63400000008
259171.9269999999
259172.61100000003
259171.7039999999
259168.26399999997
259151.2690000001
259146.338
259136.09000000008
259089.865
259078.82000000007
259077.63800000004
259089.6329999999
259102.7890000001
259109.24099999992
259113.9809999999
259132.3799999999
259144.4310000001
259153.55700000003
259178.37599999993
259201.51600000006
259325.4709999999
259480.98200000008
259489.0
259499.189
259525.95299999998
259528.92999999993
259531.81000000006
259533.189
259532.8770000001
259530.63400000008
259523.55799999996
259499.348
259489.20900000003
259471.4069999999
259422.08400000003
259424.66599999997
259263.9539999999
259261.8230000001
259263.436
259170.31700000004
259114.43299999996
259065.46900000004
259059.804
259060.3899999999
259042.54499999993
259026.60899999994
259004.90999999992
258982.804
258962.3529999999
258822.86599999992
258748.0319999999
258730.12899999996
258712.28300000005
258645.90999999992
258628.92400000012
258612.0460000001
258526.26300000004
258506.304
258486.50900000008
258490.2720000001
258457.32799999998
258405.92200000002
258363.59499999997
258314.12800000003
258263.53600000008
258231.6440000001
258180.7379999999
258131.9709999999
258077.94999999995
258041.54000000004
258006.6229999999
257960.81300000008
257900.99
257834.07400000002
257778.223
257732.2890000001
257667.446
257612.89100000006
257510.439
257458.82000000007
257408.9680000001
257337.83199999994
257297.85700000008
257225.1329999999
257177.60899999994
257119.0220000001
257057.2819999999
257012.14800000004
256925.38100000005
256993.08700000006
257037.99399999995
257027.2279999999
257074.67299999995
257064.189
257027.11899999995
257084.98399999994
257064.125
257125.17299999995
257099.07599999988
257057.108
257044.64100000006
257036.365
257032.936
257029.86599999992
257024.2579999999
256932.02799999993
256880.28799999994
256849.162
256774.0020000001
256623.73699999996
256618.946
256606.8770000001
256593.22399999993
256586.21999999997
256576.57499999995
256565.3060000001
256552.9950000001
256541.00600000005
256456.68500000006
256433.84499999997
256417.88599999994
256401.17299999995
256384.01099999994
256339.21500000008
256313.679
256294.53600000008
256277.39899999998
256260.87199999997
256233.4809999999
256231.1399999999
256212.23600000003
256176.46999999997
256165.7309999999
256165.47699999996
256144.65999999992
256135.4539999999
256141.49699999997
256136.04300000006
256125.064
256103.02300000004
256089.08400000003
256058.0220000001
256031.30799999996
256006.74099999992
255987.56700000004
255968.69200000004
255935.70999999996
255917.3089999999
255899.7649999999
255886.26300000004
255886.49699999997
255881.57799999998
255870.3359999999
255823.90599999996
255811.04700000002
255799.12599999993
255776.2919999999
255739.79499999993
255745.8359999999
255736.19299999997
255729.91100000008
255719.09199999995
255697.9609999999
255675.2479999999
255618.01799999992
255550.6540000001
255511.86599999992
255502.56199999992
255491.3899999999
255500.30799999996
255458.30799999996
255402.08199999994
255359.38400000008
255313.28799999994
255302.12400000007
255263.79700000002
255249.36100000003
255202.1000000001
255172.1440000001
255120.45699999994
255129.2209999999
255129.17299999995
255123.794
255107.09700000007
255098.34100000001
254951.3160000001
254835.31199999992
254765.75099999993
254482.62199999997
254390.62400000007
254276.2960000001
254195.0959999999
254172.67400000012
254133.6710000001
254078.45699999994
253982.04300000006
253927.4269999999
253850.919
253815.929
253747.54799999995
253680.48399999994
253654.5049999999
253609.71699999995
253560.8500000001
253483.9140000001
253344.13599999994
253285.45999999996
253240.5220000001
253146.294
253098.55799999996
253039.78000000003
252991.46699999995
252933.88199999998
252908.7080000001
252866.25600000005
252803.30300000007
252766.439
252732.5959999999
252607.69900000002
252468.06799999997
252467.99900000007
252438.436
252419.50300000003
252397.17200000002
252376.4210000001
252357.16100000008
252323.27799999993
252301.50300000003
252244.20699999994
252225.92599999998
252195.23699999996
252131.90800000005
252093.3459999999
251991.8500000001
251959.34199999995
251953.939
251930.78300000005
251906.95200000005
251903.89899999998
251890.86199999996
251886.3160000001
251772.10899999994
251771.8729999999
251781.23900000006
251790.37400000007
251797.24
251804.0390000001
251811.8060000001
251817.31300000008
251815.2039999999
251816.13800000004
251822.537
251825.68200000003
251826.16800000006
251826.8899999999
251832.71200000006
251847.7919999999
251854.03099999996
251860.8770000001
251855.1540000001
251859.365
251847.2209999999
251842.2180000001
251759.69299999997
251766.29900000012
251686.6370000001
251647.20900000003
251643.179
251640.31300000008
251629.28799999994
251614.7180000001
251597.50300000003
251565.96999999997
251548.74099999992
251546.02799999993
251520.21600000001
251502.25
251485.80700000003
251463.39599999995
251437.06300000008
251411.15299999993
251377.84499999997
251351.39299999992
251335.527
251282.9920000001
251248.68500000006
251207.936
250989.358
250923.95500000007
250827.7549999999
250760.70699999994
250713.51600000006
250693.68500000006
250677.88199999998
250651.41599999997
250628.34199999995
250612.66500000004
250588.47600000002
250570.956
250566.05000000005
250536.69299999997
250536.588
250532.32400000002
250500.54700000002
250485.571
250467.0149999999
250441.61400000006
250425.12199999997
250416.53399999999
250418.53600000008
250412.32199999993
250404.0120000001
250399.50300000003
250389.287
250370.04099999997
250354.03799999994
250344.92599999998
250335.01
250316.848
250299.11899999995
250286.28499999992
250269.55799999996
250248.14100000006
250256.2690000001
250266.16999999993
250270.2549999999
250274.5460000001
250283.96900000004
250235.18200000003
250206.3500000001
250177.679
250144.46600000001
250124.1769999999
250104.81199999992
250084.31300000008
250067.1470000001
250055.67299999995
250052.331
250044.2520000001
250024.11599999992
250002.99900000007
249990.71900000004
249983.56199999992
249968.02799999993
249949.42299999995
249917.1499999999
249888.45699999994
249851.10400000005
249852.28799999994
249886.25
249996.86400000006
250106.08499999996
250286.96399999992
250238.63400000008
250100.402
250094.35499999998
250114.115
250121.62800000003
250126.10400000005
250133.77300000004
250142.20299999998
250142.9709999999
250162.89899999998
250172.1129999999
250179.20099999988
250185.98399999994
250196.92800000007
250297.9269999999
250423.58400000003
250503.71900000004
250800.86599999992
250814.15800000005
250806.385
250799.75399999996
250793.80099999998
250706.81700000004
250681.8559999999
250623.98600000003
250545.88100000005
250429.35899999994
250400.71500000008
250358.66999999993
250320.64100000006
250251.70500000007
250208.19500000007
250137.9609999999
250083.6499999999
250128.68699999992
250193.56700000004
250141.31700000004
249733.1299999999
249643.13599999994
249499.24699999997
249217.07000000007
249101.22699999996
249025.92400000012
249020.26399999997
249020.419
249016.02300000004
249011.68699999992
249006.412
248996.38400000008
248987.76099999994
248983.1569999999
248981.66500000004
248966.41599999997
248962.7109999999
248955.608
248925.0079999999
248899.213
248898.88400000008
248901.88599999994
248899.6440000001
248891.51300000004
248892.28399999999
248896.85899999994
248902.81499999994
248907.0290000001
248908.85700000008
248906.48699999996
248910.4269999999
248918.76099999994
248920.8189999999
248926.23699999996
248931.11199999996
248931.588
248927.53000000003
248926.36599999992
248922.1540000001
248919.06199999992
248905.57700000005
248892.33499999996
248882.49300000002
248878.79099999997
248872.49699999997
248862.50900000008
248860.2690000001
248855.0249999999
248853.54000000004
248848.1910000001
248842.10499999998
248834.5419999999
248827.848
248822.01
248818.162
248783.902
248773.88899999997
248771.29300000006
248768.55099999998
248763.90800000005
248766.06799999997
248766.615
248764.50399999996
248759.30700000003
248755.0020000001
248745.3500000001
248733.35199999996
248724.62800000003
248718.554
248717.0730000001
248719.17400000012
248711.95900000003
248706.7579999999
248704.28300000005
248699.99699999997
248698.05700000003
248695.50099999993
248692.4310000001
248693.17500000005
248686.95699999994
248683.25099999993
248682.4920000001
248677.0249999999
248667.40299999993
248664.12599999993
248659.66800000006
248651.85199999996
248645.38199999998
248635.04300000006
248627.892
248624.054
248618.1029999999
248617.94200000004
248614.9310000001
248613.27300000004
248602.49399999995
248596.46699999995
248583.24900000007
248574.81799999997
248569.0149999999
248564.63599999994
248554.07400000002
248541.625
248528.2209999999
248514.05799999996
248497.52000000002
248489.11199999996
248482.67200000002
248483.35899999994
248476.17999999993
248464.25
248460.598
248456.93699999992
248451.78600000008
248444.97999999998
248439.81700000004
248433.608
248426.73200000008
248419.01799999992
248395.69900000002
248394.1200000001
248384.517
248380.59899999993
248370.02799999993
248364.82400000002
248357.5290000001
248354.598
248347.72900000005
248345.16500000004
248329.79000000004
248303.35100000002
248289.20200000005
248277.6000000001
248168.68699999992
248274.6810000001
248233.00600000005
248193.80000000005
248128.794
248073.2520000001
248037.60400000005
248023.7309999999
247941.41299999994
247926.7109999999
247915.838
247935.09400000004
247944.733
247953.1059999999
247958.46699999995
247962.08199999994
247972.63599999994
247984.88899999997
247992.39599999995
247992.3799999999
247975.84499999997
247896.81000000006
247796.09700000007
247742.25099999993
247583.44699999993
247525.29300000006
247506.36100000003
247470.02099999995
247456.09000000008
247439.8870000001
247416.21999999997
247401.48200000008
247393.3060000001
247385.54300000006
247380.28799999994
247370.94299999997
247367.027
247362.331
247353.13199999998
247346.0149999999
247336.6000000001
247335.36899999995
247335.96200000006
247328.28000000003
247322.34199999995
247303.58700000006
247286.88800000004
247263.33700000006
247253.16299999994
247205.76799999992
247180.52000000002
247138.4879999999
247111.90100000007
247111.89100000006
247073.858
247040.89899999998
247013.1640000001
247003.26
246998.99300000002
246986.65299999993
246973.37199999997
246957.27000000002
246956.85899999994
246951.2379999999
246939.7690000001
246922.892
246905.91299999994
246873.615
246861.15500000003
246853.10899999994
246842.36199999996
246834.5
246798.162
246638.57499999995
246368.65999999992
246311.01399999997
246288.20299999998
246247.277
246225.9140000001
246202.87400000007
246189.07000000007
246175.25
246163.71699999995
246136.92999999993
246104.8829999999
246112.90100000007
246100.6329999999
246087.20699999994
246085.2520000001
246067.53099999996
246060.90100000007
246053.1939999999
246040.564
246015.1059999999
246012.84000000008
246006.96500000008
245997.1710000001
245985.67999999993
245980.83000000007
245974.99
245973.79499999993
245956.6640000001
245941.6100000001
245922.3870000001
245908.52000000002
245889.35499999998
245887.52399999998
245884.30300000007
245886.34700000007
245880.02000000002
245877.16500000004
245863.55099999998
245859.04499999993
245850.7520000001
245850.94699999993
245854.97600000002
245855.21600000001
245851.84400000004
245844.8019999999
245837.81499999994
245834.1229999999
245831.9410000001
245840.08499999996
245845.439
245845.8230000001
245843.28399999999
245838.91999999993
245838.80799999996
245840.53499999992
245828.65100000007
245842.22999999998
245840.098
245845.02399999998
245849.3559999999
245829.0149999999
245793.064
245791.6499999999
245789.70500000007
245789.115
245784.44200000004
245785.82499999995
245784.8359999999
245784.87100000004
245791.59899999993
245687.85400000005
245647.02099999995
245430.86199999996
245360.287
245164.30700000003
245055.669
244797.24300000002
244555.79900000012
244385.24099999992
244179.06499999994
244016.9480000001
243624.54099999997
243520.85700000008
243344.14100000006
243253.206
243246.25600000005
243193.28000000003
243150.58400000003
243128.84700000007
243099.10700000008
251450.16599999997
251456.071
251459.892
251468.42299999995
251485.79099999997
251494.70200000005
251511.5020000001
251545.46399999992
251551.96500000008
251599.13100000005
251572.40899999999
251581.00900000008
251756.10499999998
251931.38199999998
251961.42999999993
251970.55499999993
251996.8430000001
252054.99900000007
252101.13599999994
252170.6399999999
252214.5930000001
252254.75
252271.608
252280.9750000001
252356.9709999999
252437.9680000001
252461.16800000006
252502.56700000004
252518.47200000007
252547.3770000001
252573.27300000004
252628.70299999998
252709.811
252792.6839999999
252808.91299999994
252818.3019999999
252865.26399999997
252902.186
252954.60899999994
252964.04000000004
252968.2379999999
253020.0249999999
253033.50600000005
253046.858
253057.37800000003
253062.02300000004
253067.86100000003
253072.7180000001
253073.81199999992
253074.03499999992
253073.348
253071.85899999994
253076.70099999988
253092.59899999993
253107.13899999997
253128.65100000007
253150.08400000003
253148.635
253147.64500000002
253147.017
253146.939
253147.6939999999
253148.8089999999
253150.58400000003
253152.45900000003
253157.689
253163.3289999999
253178.1229999999
253183.71200000006
253225.1440000001
253215.456
253207.5519999999
253237.45999999996
253260.50399999996
253262.1000000001
253267.01300000004
253271.64299999992
253272.07499999995
253352.90999999992
253367.7520000001
253384.0460000001
253408.9950000001
253448.29700000002
253463.58199999994
253479.24300000002
253487.50699999998
253500.189
253513.59899999993
253520.0560000001
253525.80300000007
253529.72200000007
253534.69500000007
253541.9269999999
253549.07799999998
253555.4850000001
253558.05499999993
253569.838
253583.2919999999
253597.65800000005
253606.73399999994
253615.02300000004
253622.8500000001
253629.3870000001
253638.65599999996
253647.23399999994
253655.35400000005
253673.4069999999
253678.79700000002
253687.97999999998
253691.20299999998
253694.27600000007
253697.1000000001
253701.24900000007
253702.75399999996
253707.142
253712.87100000004
253720.858
253729.19699999993
253743.044
253750.42999999993
253757.82199999993
253765.42200000002
253770.79000000004
253781.6980000001
253789.58499999996
253804.97200000007
253811.93299999996
253817.47399999993
253831.45999999996
253846.03399999999
253852.59000000008
253856.29000000004
253858.544
253866.3500000001
253874.73200000008
253887.02600000007
253895.80700000003
253897.7379999999
253905.03300000005
253910.92200000002
253925.4339999999
253936.06000000006
253945.1470000001
253946.89800000004
253944.02000000002
253943.7649999999
253963.21200000006
253967.85199999996
253972.65500000003
253978.09899999993
253981.811
253986.39100000006
253999.56499999994
254015.92400000012
254020.3189999999
254028.93299999996
254033.9410000001
254041.21399999992
254051.50300000003
254060.2960000001
254070.74900000007
254085.7520000001
254092.04099999997
254099.67299999995
254114.62400000007
254126.439
254130.42599999998
254140.537
254151.19200000004
254160.6939999999
254162.89299999992
254168.95200000005
254184.7819999999
254204.20200000005
254215.28600000008
254226.07599999988
254241.43299999996
254256.12199999997
254273.3189999999
254294.31300000008
254313.55300000007
254319.80799999996
254324.09499999997
254350.77099999995
254362.55000000005
254367.8330000001
254380.00399999996
254458.00399999996
254470.00300000003
254473.00300000003
254488.00099999993
254504.79900000012
254542.1540000001
254548.00300000003
254558.0020000001
254558.00099999993
254540.00399999996
254525.0
254510.94699999993
254508.0020000001
254506.7549999999
254505.00099999993
254509.99699999997
254499.99600000004
254482.7209999999
254469.99900000007
254477.99600000004
254475.0
254463.0020000001
254458.69999999995
254459.99699999997
254490.902
254482.99600000004
254457.99699999997
254403.00399999996
254338.00300000003
254287.99600000004
254224.99399999995
254105.5390000001
254084.9950000001
254093.00399999996
254072.9979999999
254047.9979999999
254030.00099999993
254000.00300000003
253975.45299999998
253962.9979999999
253937.99600000004
253935.0020000001
253924.99900000007
253931.3160000001
253935.30000000005
253910.00399999996
253892.99600000004
253854.99699999997
253848.31300000008
253852.68200000003
253847.99900000007
253824.99699999997
253794.169
253793.517
253789.99600000004
253733.09199999995
253731.24099999992
253731.24099999992
253719.99900000007
253737.9979999999
253702.99900000007
253701.936
253698.57599999988
253690.00099999993
253685.00300000003
253715.00300000003
253732.89100000006
253742.99900000007
253738.20699999994
253727.5290000001
253727.50900000008
253725.8019999999
253748.0020000001
253734.9979999999
253725.0
253705.0560000001
253714.99699999997
253705.96900000004
253704.99600000004
253689.99600000004
253679.99699999997
253682.74600000004
253683.0020000001
253693.00399999996
253699.6170000001
253684.99900000007
253662.787
253655.0049999999
253670.0020000001
253693.0020000001
253718.90500000003
253720.00300000003
253722.9979999999
253712.99600000004
253698.0319999999
253673.0020000001
253639.99699999997
253637.99600000004
253642.99900000007
253668.00399999996
253672.62899999996
253667.99900000007
253659.7080000001
253659.838
253672.4950000001
253662.79300000006
253629.99900000007
253618.8359999999
253618.20500000007
253609.99900000007
253609.9979999999
253624.9979999999
253622.9950000001
253598.82400000002
253595.30000000005
253588.2749999999
253588.2649999999
253570.0
253542.99600000004
253514.9339999999
253491.34000000008
253463.42400000012
253461.5789999999
253453.00600000005
253443.5730000001
253438.01300000004
253435.7960000001
253435.30000000005
253427.3970000001
253413.33199999994
253402.90299999993
253378.02099999995
253372.652
253376.00399999996
253364.03300000005
253288.267
253243.5460000001
253206.84400000004
253176.92800000007
253158.9069999999
253142.30700000003
253114.706
253083.0589999999
253075.63800000004
253048.57400000002
253038.615
253016.9140000001
252995.32700000005
252979.8430000001
252916.01399999997
252873.18800000008
252579.19999999995
252511.66800000006
252483.79300000006
252274.088
251917.55799999996
251754.67599999998
251590.13100000005
251478.98399999994
251478.78499999992
251479.54799999995
251479.6000000001
251470.89500000002
251460.88800000004
251453.93299999996
251450.16599999997
