179610.98600000003
179536.69699999993
179461.89899999998
179432.79900000012
179439.67500000005
179450.1000000001
179452.24600000004
179449.1980000001
179438.35899999994
179425.2109999999
179391.7379999999
179388.57400000002
179386.1810000001
179389.6270000001
179391.34000000008
179370.5290000001
179329.08000000007
179308.6939999999
179278.39299999992
179273.4950000001
179196.65599999996
179158.07700000005
179172.85400000005
179194.892
179214.5560000001
179219.6029999999
179204.21399999992
179152.45500000007
179152.72900000005
179134.56300000008
179077.76799999992
179074.69299999997
179067.36599999992
179052.0930000001
179029.09000000008
179003.838
178999.46200000006
178986.99699999997
178965.46999999997
178966.39500000002
178970.21999999997
178987.69500000007
178993.2450000001
178981.7379999999
178955.0120000001
178940.33400000003
178925.00300000003
178848.62199999997
178847.86199999996
178797.42800000007
178788.537
178745.21399999992
178668.86100000003
178616.53000000003
178591.93500000006
178510.52000000002
178448.385
178427.287
178460.01300000004
178474.8629999999
178495.385
178581.96200000006
178755.24900000007
178824.24
178828.31199999992
178830.2790000001
178834.40100000007
178838.564
178844.6200000001
178885.50699999998
178882.58400000003
178886.90999999992
178919.73399999994
178944.96699999995
178957.15299999993
178985.30000000005
179009.20999999996
179021.66599999997
179033.34400000004
179060.59400000004
179074.85899999994
179087.3500000001
179099.58199999994
179150.42999999993
179219.13800000004
179245.2250000001
179283.37100000004
179287.98699999996
179518.929
179520.87599999993
179542.1200000001
179586.60899999994
179615.35700000008
179659.96500000008
179715.01799999992
179731.088
179756.14599999995
179776.4269999999
179801.838
179844.82499999995
179869.1839999999
179896.09100000001
179912.831
179927.0730000001
179938.16599999997
179997.26600000006
180137.31499999994
180152.196
180160.64299999992
180180.69999999995
180179.86599999992
180197.63100000005
180199.83700000006
180245.64599999995
180274.4069999999
180299.19500000007
180315.86800000002
180309.20500000007
180363.6569999999
180467.90500000003
180495.564
180512.82499999995
180507.03099999996
180483.5689999999
180406.71900000004
180411.821
180505.51399999997
180526.90800000005
180576.41100000008
180713.97699999996
180756.55099999998
180769.91299999994
180865.41999999993
181000.821
181057.32199999993
181138.42299999995
181216.82499999995
181359.53300000005
181396.5789999999
181422.4809999999
181448.1229999999
181468.93999999994
181533.3060000001
181604.2279999999
181633.1980000001
181672.59400000004
181739.31000000006
181810.6029999999
181869.0319999999
181935.55499999993
181982.57799999998
182028.5560000001
182036.49399999995
182026.2549999999
181991.71999999997
181948.9920000001
181958.10899999994
181952.41599999997
181900.152
181838.85899999994
181845.1839999999
181876.1710000001
181983.85899999994
182041.18699999992
182084.58400000003
182135.08400000003
182110.27600000007
182032.5930000001
182025.6299999999
181969.05499999993
181949.4269999999
181964.58899999992
181977.58899999992
181878.69999999995
181987.50900000008
182103.115
182089.32499999995
181951.38599999994
182077.05000000005
182105.2279999999
182152.3629999999
182215.63100000005
182291.51600000006
182327.7479999999
182350.54700000002
182390.87599999993
182416.42599999998
182458.2279999999
182484.92500000005
182499.58199999994
182544.92299999995
182580.2309999999
182605.22399999993
182746.4210000001
182790.84400000004
182823.57000000007
182886.79499999993
182946.83499999996
182999.27000000002
183035.37400000007
183040.615
183084.2479999999
183111.49900000007
183158.9439999999
183202.36899999995
183237.31499999994
183263.92299999995
183295.84199999995
183513.91599999997
183465.412
183508.20900000003
183571.6100000001
183703.70699999994
183714.0079999999
183725.3060000001
183871.902
183937.50099999993
183996.098
184069.07700000005
184073.04900000012
184078.27799999993
184084.58499999996
184093.31499999994
184102.804
184109.3189999999
184123.39599999995
184138.24699999997
184185.1329999999
184190.91999999993
184200.75900000008
184216.89100000006
184228.32700000005
184237.84199999995
184248.16299999994
184258.10199999996
184270.32700000005
184276.90500000003
184285.57700000005
184290.706
184291.49099999992
184292.5149999999
184294.0660000001
184298.233
184332.4979999999
184373.48200000008
184420.21200000006
184434.44900000002
184473.0249999999
184540.52600000007
184623.40100000007
184680.53099999996
184729.304
184782.32700000005
184823.87599999993
184852.17599999998
184912.7790000001
184927.53799999994
184937.0859999999
185000.09499999997
185037.92800000007
185086.36599999992
185118.96699999995
185144.15500000003
185202.68699999992
185247.11199999996
185292.064
185324.37899999996
185355.064
185409.45299999998
185452.48399999994
185514.2080000001
185532.814
185559.29799999995
185571.7209999999
185600.21900000004
185606.11100000003
185625.04099999997
185673.5020000001
185751.88400000008
185835.12400000007
185894.1229999999
185951.91800000006
185987.92299999995
186047.32000000007
186079.8160000001
186125.4210000001
186185.9140000001
186210.91599999997
186239.21500000008
186251.5149999999
186536.71699999995
186602.81000000006
186651.311
186754.81199999992
186899.71399999992
186916.3160000001
186944.51300000004
186970.61199999996
187012.31300000008
187063.91599999997
187100.01600000006
187140.51099999994
187186.311
187217.60700000008
187291.713
187332.115
187360.21200000006
187408.31000000006
187437.1170000001
187446.31000000006
187744.21500000008
187843.41100000008
187987.61199999996
188093.01300000004
188191.6170000001
188273.1129999999
188294.1100000001
188316.811
188376.11599999992
188384.02000000002
188396.71699999995
188461.32000000007
188512.811
188539.91800000006
188563.01600000006
188648.51300000004
188692.1100000001
188739.41500000004
188783.01799999992
188814.41999999993
188869.91800000006
188905.91800000006
188938.73600000003
188973.6200000001
188991.61800000002
189057.419
189095.31300000008
189119.41500000004
189163.115
189200.4140000001
189246.51600000006
189299.61899999995
189322.9750000001
189330.9210000001
189338.15100000007
189344.1329999999
189359.31700000004
189366.32499999995
189390.7080000001
189410.412
189413.78000000003
189438.41500000004
189446.179
189463.5190000001
189483.5660000001
189529.0660000001
189530.9850000001
189532.51399999997
189559.01399999997
189564.7180000001
189581.537
189581.54700000002
189608.43200000003
189616.32000000007
189628.6769999999
189648.71399999992
189672.58000000007
189712.4979999999
189723.52099999995
189735.14899999998
189735.2690000001
189741.78000000003
189742.83199999994
189743.35199999996
189744.75300000003
189760.93500000006
189773.46500000008
189780.50399999996
189780.68800000008
189785.81799999997
189807.71399999992
189874.6200000001
189911.41500000004
189884.7180000001
189883.26799999992
189880.8160000001
189846.2209999999
189833.61899999995
189863.81499999994
189893.11599999992
189919.321
189937.0120000001
189914.52099999995
189915.6170000001
189924.21600000001
189942.21699999995
190020.81799999997
190152.31300000008
190191.71999999997
190250.41500000004
190335.01300000004
190402.21399999992
190465.01399999997
190526.9210000001
190571.21500000008
190661.32199999993
190676.71500000008
190722.11899999995
190762.919
190786.21399999992
190840.31300000008
190873.9169999999
190889.9140000001
190958.4210000001
191006.017
191045.12199999997
191085.0120000001
191111.9169999999
191153.01799999992
191177.51600000006
191198.71900000004
191267.42200000002
191303.21500000008
191315.21699999995
191349.21399999992
191417.11899999995
191469.321
191593.52600000007
191636.02099999995
191685.5249999999
191749.9210000001
191804.02300000004
191863.92800000007
191947.03099999996
192020.02600000007
192027.3729999999
192082.3330000001
192153.33199999994
192202.3330000001
192323.9339999999
192314.4339999999
192412.13599999994
192464.93299999996
192487.92800000007
192504.527
192516.0319999999
192534.62800000003
192577.62599999993
192614.4269999999
192647.73200000008
192806.72600000002
192936.92500000005
193159.125
193304.527
193487.72600000002
194039.32700000005
194081.7819999999
194120.24699999997
194163.94999999995
194195.5319999999
194203.75099999993
194231.04700000002
194229.96900000004
194252.7250000001
194283.463
194337.9850000001
194430.38800000004
194467.4210000001
194509.4950000001
194544.25
194558.054
194698.78799999994
194784.97200000007
194997.31300000008
195199.16100000008
195262.21999999997
195279.15599999996
195323.581
195460.71600000001
195484.3999999999
195543.20999999996
195575.4580000001
195650.61800000002
195677.8799999999
195701.68699999992
195760.2720000001
195861.14899999998
195711.52000000002
195642.3799999999
195604.8430000001
195573.77099999995
195543.6839999999
195516.6270000001
195520.95999999996
195528.06199999992
195551.0560000001
195522.56199999992
195486.84899999993
195470.20699999994
195468.94999999995
195469.9310000001
195458.679
195370.18200000003
195315.46699999995
195237.35899999994
195171.93800000008
195089.0120000001
195006.0660000001
194973.76300000004
194925.63199999998
194687.53099999996
194573.29099999997
194364.1200000001
194331.59100000001
194326.36899999995
194227.0049999999
194109.054
193969.99699999997
193936.41500000004
193929.16500000004
193916.70999999996
193901.277
193878.57000000007
193834.6270000001
193824.41599999997
193778.55000000005
193745.50300000003
193734.19200000004
193732.43299999996
193777.45200000005
193849.01399999997
193935.2720000001
193979.52000000002
194065.169
194132.706
194212.7080000001
194262.11599999992
194354.7309999999
194412.84499999997
194496.88899999997
194523.8500000001
194560.456
194629.9040000001
194680.787
194753.99399999995
194828.4779999999
194889.49699999997
194956.08000000007
194989.071
195061.686
195120.1270000001
195175.68200000003
195241.08199999994
195307.8970000001
195390.3500000001
195484.36400000006
195566.54499999993
195622.56799999997
195685.90899999999
195736.53300000005
195815.80499999993
195896.63599999994
195937.45999999996
196013.74900000007
196041.80799999996
196106.06199999992
196147.061
196205.99900000007
196275.15999999992
196376.22699999996
196385.787
196467.2350000001
196557.28399999999
196638.385
196730.4850000001
196781.7520000001
196872.35199999996
196949.42299999995
196994.92999999993
197029.767
197089.8559999999
197083.4339999999
197076.4339999999
197111.00900000008
197153.05000000005
197211.43500000006
197285.5830000001
197339.0560000001
197402.59700000007
197480.9339999999
197549.60499999998
197589.804
197604.21200000006
197641.7720000001
197733.7450000001
197837.12599999993
197863.939
197887.4879999999
197952.98900000006
198006.135
198072.14599999995
198151.29300000006
198227.135
198259.63199999998
198290.50699999998
198283.62199999997
198321.90899999999
198381.95200000005
198464.78000000003
198502.74
198545.69900000002
198556.27300000004
198549.62599999993
198565.4140000001
198581.37400000007
198602.04700000002
198628.21900000004
198665.89299999992
198684.31199999992
198721.1569999999
198746.39299999992
198763.44299999997
198779.8019999999
198810.473
198820.14500000002
198862.561
198878.1939999999
198894.87599999993
198979.26
199061.99099999992
199125.40500000003
199251.3330000001
199363.02600000007
199405.99399999995
199421.93200000003
199413.30499999993
199405.27000000002
199424.69500000007
199471.06199999992
200121.91500000004
200410.42800000007
200413.2350000001
200415.11599999992
200444.9680000001
200771.46999999997
200808.08899999992
200816.7579999999
200803.32000000007
200827.02399999998
200855.32499999995
200885.22200000007
200888.2279999999
200894.9580000001
200905.7479999999
200933.16800000006
200949.62199999997
200961.29700000002
200970.1370000001
200976.51099999994
200988.8940000001
201004.45500000007
201025.162
201059.125
201068.6769999999
201095.03300000005
201119.09400000004
201134.13599999994
201151.12199999997
201172.70099999988
201191.4539999999
201202.95099999988
201214.9779999999
201234.61400000006
201250.00600000005
201266.11100000003
201276.89500000002
201284.9339999999
201295.65500000003
201322.89299999992
201316.00099999993
201341.99600000004
201379.14899999998
201386.7549999999
201330.44500000007
201368.277
201423.47999999998
201549.7790000001
201632.1200000001
201718.2109999999
201765.2579999999
201773.76300000004
201793.8829999999
201830.696
201835.84000000008
201915.83499999996
201984.9480000001
201988.02600000007
202050.07599999988
202054.63100000005
202136.79000000004
202193.80499999993
202226.43299999996
202211.81199999992
202218.72900000005
202218.22200000007
202206.571
202293.8230000001
202330.63599999994
202568.53499999992
202234.9750000001
202105.36199999996
202061.963
202049.5020000001
202044.6569999999
202097.0689999999
202123.92999999993
202160.88400000008
202218.706
202230.86800000002
202293.84100000001
202311.68699999992
202338.0660000001
202312.59400000004
202298.7819999999
202318.11100000003
202406.54099999997
202476.5220000001
202552.55499999993
202644.90299999993
202755.1170000001
202820.6769999999
202787.64899999998
202773.96999999997
202765.6839999999
202769.46900000004
202782.27399999998
202800.55099999998
202813.67299999995
202894.9680000001
202909.33899999992
202912.1669999999
202878.95699999994
202864.96900000004
202832.4609999999
202832.66800000006
202824.5049999999
202818.46500000008
202809.94699999993
202813.60700000008
202819.61100000003
202843.4339999999
202865.5419999999
202890.4779999999
202898.26799999992
202895.0730000001
202926.0
202955.963
202982.16100000008
203005.04700000002
203061.5149999999
203066.6640000001
203101.59499999997
203103.875
203114.66500000004
203281.36899999995
203302.20299999998
203323.66599999997
203341.17200000002
203376.47399999993
203387.88400000008
203406.31799999997
203411.96399999992
203421.27300000004
203435.62599999993
203482.314
203501.9210000001
203520.66999999993
203534.42400000012
203549.65299999993
203512.17200000002
203489.7620000001
203482.40999999992
203545.162
203541.8529999999
203554.46699999995
203553.3359999999
203567.08899999992
203582.4609999999
203579.831
203571.75699999998
203560.4269999999
203533.97699999996
203507.66599999997
203482.0589999999
203467.08700000006
203447.07700000005
203434.15999999992
203387.615
203362.90500000003
203332.65899999999
203395.956
203391.8729999999
203379.86100000003
203365.95999999996
203361.5249999999
203359.5319999999
203370.71200000006
203376.7109999999
203366.3629999999
203364.07700000005
203372.65100000007
203410.18299999996
203423.09400000004
203395.94900000002
203388.94500000007
203377.94299999997
203331.6440000001
203288.34899999993
203251.1370000001
203263.152
203234.6299999999
203225.1470000001
203211.463
203213.3770000001
203208.72600000002
203200.99
203190.7479999999
203168.9210000001
203178.62100000004
203176.571
203154.18500000006
203127.8089999999
203113.9809999999
203108.2919999999
203102.60100000002
203098.37599999993
203095.125
203093.34899999993
203093.15800000005
203100.79099999997
203109.39599999995
203113.679
203114.22699999996
203113.99399999995
203113.0149999999
203098.044
203097.2620000001
203095.8559999999
203095.23200000008
203095.39899999998
203096.3559999999
203098.10199999996
203100.6059999999
203109.8060000001
203133.956
203134.885
203131.8729999999
203110.26600000006
203102.6839999999
203107.89100000006
203105.86899999995
203104.75
203104.5519999999
203105.29499999993
203105.52799999993
203112.787
203122.20900000003
203125.7250000001
203129.67200000002
203130.99
203131.57000000007
203129.57199999993
203130.67599999998
203149.53600000008
203160.0190000001
203165.9539999999
203169.01600000006
203190.1470000001
203193.35199999996
203255.79700000002
203246.68800000008
203254.4850000001
203242.4210000001
203238.7109999999
203232.57199999993
203246.75399999996
203260.8189999999
203254.875
203253.09199999995
203255.436
203263.5859999999
203290.0930000001
203294.3629999999
203290.00600000005
203286.6980000001
203279.31499999994
203282.865
203294.07199999993
203298.304
203294.4709999999
203296.865
203287.25600000005
203280.6200000001
203283.554
203290.0319999999
203285.3829999999
203283.54499999993
203287.83000000007
203303.08199999994
203306.3060000001
203314.956
203303.43299999996
203293.19900000002
203290.60100000002
203263.0589999999
203257.23600000003
203248.179
203235.78099999996
203232.59000000008
203232.54300000006
203223.41599999997
203208.81199999992
203208.21200000006
203207.71900000004
203206.46399999992
203201.61199999996
203195.48399999994
203188.44200000004
203181.69299999997
203174.7180000001
203164.0859999999
203156.91999999993
203138.38800000004
203136.85899999994
203135.54700000002
203135.67999999993
203136.64899999998
203143.2279999999
203144.10499999998
203143.8089999999
203143.07199999993
203142.63599999994
203140.86599999992
203133.2960000001
203126.09000000008
202929.24099999992
202923.09199999995
202916.00900000008
202910.48600000003
202894.63599999994
202878.186
202851.838
202848.4210000001
202846.01600000006
202844.20299999998
202840.1129999999
202836.21699999995
202833.68699999992
202823.71600000001
202792.8870000001
202763.625
202756.79700000002
202743.70099999988
202740.321
202737.66100000008
202735.9709999999
202735.49900000007
202735.8829999999
202735.24699999997
202734.08700000006
202731.8019999999
202723.97600000002
202713.37400000007
202696.1569999999
202690.23699999996
202680.0390000001
202674.67800000007
202633.66999999993
202508.86400000006
202378.6299999999
202358.18200000003
202358.20200000005
202359.42299999995
201965.32599999988
201915.0859999999
201688.1810000001
201648.17500000005
201472.58000000007
200880.98699999996
200880.2450000001
200880.05499999993
200880.02399999998
200855.0290000001
200665.67599999998
200614.24300000002
200593.17400000012
200566.61899999995
200529.04700000002
200494.1769999999
200475.6810000001
200445.37800000003
200426.87800000003
200382.43200000003
200360.17800000007
200304.027
200262.88199999998
200258.8770000001
200226.17500000005
200212.88199999998
200189.0789999999
200168.3330000001
200147.78099999996
200136.581
200110.97900000005
200101.17800000007
200081.27600000007
200066.1769999999
200050.081
200018.3829999999
200008.33199999994
200000.331
199981.57799999998
199978.18299999996
199959.375
199940.17999999993
199933.9269999999
199925.28099999996
199923.22399999993
199909.18299999996
199876.62599999993
199869.0789999999
199849.47999999998
199841.97699999996
199817.67800000007
199794.33000000007
199780.17599999998
199768.77600000007
199749.32799999998
199728.03099999996
199697.43200000003
199591.95900000003
199518.206
199509.081
199466.53399999999
199432.13199999998
199409.3829999999
199328.83499999996
199290.635
199268.63899999997
199253.6370000001
199195.5689999999
199125.52799999993
199095.017
199031.392
199016.436
198927.24099999992
198915.39100000006
198898.35899999994
198858.38100000005
198813.375
198753.939
198709.3359999999
198684.6399999999
198655.24600000004
198622.19500000007
198582.06199999992
198543.3600000001
198519.53300000005
198461.625
198438.04300000006
198426.87100000004
198391.7690000001
198337.79499999993
198310.1000000001
198290.1640000001
198285.625
198283.80700000003
198277.80099999998
198274.68699999992
198261.49900000007
198257.39899999998
198225.55300000007
198209.40899999999
198204.45099999988
198183.64899999998
198127.7080000001
198092.90899999999
198087.608
198064.99
198051.3799999999
198050.0419999999
198042.3629999999
198013.2039999999
198006.51099999994
197995.8430000001
197991.9950000001
197987.814
197979.49300000002
197971.07599999988
197956.93800000008
197943.3670000001
197936.51799999992
197929.3060000001
197921.463
197915.6200000001
197906.375
197897.4920000001
197890.34100000001
197881.29499999993
197874.16599999997
197862.35199999996
197846.0
197836.80300000007
197829.8500000001
197826.84700000007
197818.34700000007
197786.571
197774.57599999988
197761.89299999992
197749.74300000002
197740.21399999992
197736.7520000001
197734.38100000005
197715.5560000001
197703.77399999998
197688.05700000003
197682.49
197676.8430000001
197662.33400000003
197661.81300000008
197656.0390000001
197653.054
197648.794
197644.00600000005
197628.41299999994
197616.85100000002
197608.206
197604.44900000002
197602.04499999993
197599.02099999995
197593.52099999995
197591.68200000003
197590.85899999994
197589.85899999994
197587.51300000004
197584.6399999999
197580.7450000001
197570.3019999999
197568.21999999997
197559.82400000002
197551.831
197547.98600000003
197545.1029999999
197542.83499999996
197534.07400000002
197530.40299999993
197522.81700000004
197512.554
197491.77300000004
197466.22600000002
197453.17599999998
197426.18699999992
197416.39500000002
197402.96699999995
197390.75099999993
197411.8700000001
197448.62199999997
197489.62199999997
197511.86800000002
197502.0220000001
197458.01600000006
197402.61800000002
197434.81199999992
197471.01799999992
197477.0220000001
197495.3770000001
197497.93200000003
197495.07000000007
197505.21399999992
197516.5789999999
197516.53000000003
197512.20900000003
197520.6329999999
197532.02300000004
197538.30499999993
197564.40299999993
197578.7549999999
197584.69699999993
197599.2890000001
197601.67400000012
197601.28799999994
197615.99099999992
197622.48200000008
197630.56000000006
197643.61899999995
197699.936
197825.35499999998
197971.95900000003
197873.65999999992
197821.7620000001
197741.7579999999
197716.2180000001
197698.81499999994
197686.95200000005
197666.93699999992
197627.3559999999
197606.47200000007
197590.64500000002
197553.70200000005
197502.04700000002
197480.42800000007
197458.62800000003
197423.03499999992
197375.2890000001
197344.52799999993
197303.4539999999
197250.12400000007
197230.38100000005
197192.30300000007
197179.12400000007
197155.5419999999
197112.25
197073.4750000001
197047.3459999999
197040.5419999999
197014.5419999999
196989.3430000001
196974.7479999999
196949.848
196931.74900000007
196856.83899999992
196808.84499999997
196767.24699999997
196755.44699999993
196764.2450000001
196751.04099999997
196761.13800000004
196726.939
196681.93699999992
196665.54000000004
196659.8359999999
196374.41999999993
196158.2180000001
196103.017
196020.821
195995.91999999993
195829.9210000001
195682.919
195622.81799999997
195575.21399999992
195548.00300000003
195479.3160000001
195408.1200000001
195310.9140000001
195264.4169999999
195175.91500000004
195122.6129999999
195089.90999999992
195048.912
195001.2080000001
194983.00600000005
194931.91299999994
194894.3060000001
194856.20699999994
194809.5049999999
194686.49699999997
194679.70099999988
194647.50300000003
194572.30000000005
194536.29700000002
194488.696
194427.99900000007
194384.89299999992
194346.8940000001
194282.78799999994
194243.9950000001
194148.49099999992
194065.68200000003
193998.48699999996
193959.48900000006
193834.0789999999
193783.97900000005
193678.88100000005
193602.8829999999
193583.49900000007
193559.57499999995
193543.169
193522.41599999997
193470.86100000003
193440.7109999999
193421.92299999995
193366.91100000008
193340.46600000001
193318.2690000001
193292.3829999999
193274.57400000002
193261.11199999996
193236.03099999996
193196.96600000001
193172.06000000006
193142.4809999999
193084.65899999999
193065.51300000004
193044.63100000005
192996.5419999999
192965.6640000001
192946.55499999993
192915.43299999996
192892.57799999998
192821.8700000001
192703.06499999994
192622.14899999998
192544.08499999996
192504.70999999996
192442.99
192416.6669999999
192344.412
192256.71699999995
192052.9580000001
191838.84499999997
191678.5419999999
191616.03399999999
191580.19200000004
191567.4169999999
191529.76600000006
191497.42999999993
191476.14500000002
191457.43299999996
191383.1470000001
191362.26600000006
191334.75099999993
191315.28300000005
191289.45099999988
191218.41100000008
191209.7960000001
191210.83700000006
191193.46399999992
191147.14599999995
191070.40599999996
191047.33700000006
191020.00699999998
190950.55000000005
190897.9410000001
190835.50399999996
190818.17200000002
190764.99
190697.15299999993
190628.85499999998
190606.87800000003
190493.44299999997
190401.97399999993
190291.87199999997
189891.24399999995
189596.8700000001
189586.081
189566.06700000004
189541.02799999993
189494.33700000006
189437.46399999992
189382.0789999999
189318.86899999995
189251.7620000001
189067.0020000001
189025.92200000002
188953.60899999994
188798.78300000005
188725.76399999997
188686.777
188633.91100000008
188562.65800000005
188506.78300000005
188443.04900000012
188359.78499999992
188277.86100000003
188236.93200000003
188236.68999999994
188177.3559999999
188166.48600000003
188079.03399999999
188032.35700000008
187797.51
187333.1440000001
187341.99
187349.2890000001
187332.67800000007
187275.72999999998
187210.53600000008
187166.88800000004
187133.93999999994
187092.66800000006
187062.277
186969.64899999998
186896.41299999994
186755.2350000001
186656.61400000006
186619.77399999998
186577.13199999998
186558.1939999999
186536.42999999993
186529.81199999992
186486.41800000006
186476.19999999995
186448.463
186416.31199999992
186410.189
186397.67500000005
186391.679
186391.97999999998
186362.19900000002
186335.3430000001
186327.08700000006
186335.60499999998
186337.14500000002
186310.7479999999
186289.6669999999
186276.29000000004
186257.93800000008
186239.56300000008
186181.3829999999
186167.86599999992
186144.00399999996
186110.25900000008
186080.1640000001
186058.287
186047.3829999999
186033.91299999994
186007.439
185994.75300000003
185954.94699999993
185931.07799999998
185920.37100000004
185907.12199999997
185894.95999999996
185877.2720000001
185830.8559999999
185808.213
185808.07499999995
185788.7039999999
185784.45999999996
185723.3529999999
185695.54000000004
185669.59400000004
185622.3629999999
185589.04900000012
185522.7250000001
185479.564
185446.40299999993
185446.13400000008
185431.68500000006
185409.6270000001
185401.06199999992
185359.58899999992
185348.5859999999
185327.79700000002
185299.77600000007
185241.03300000005
185228.08899999992
185146.70999999996
185131.39800000004
185102.115
185083.79499999993
185050.7749999999
185023.71200000006
185023.01
184974.85400000005
184940.95900000003
184874.2180000001
184860.2919999999
184825.56499999994
184801.05099999998
184780.36899999995
184747.77799999993
184723.1100000001
184679.2649999999
184663.4920000001
184645.97200000007
184600.17400000012
184582.36800000002
184566.81499999994
184540.05000000005
184498.15999999992
184397.85499999998
184340.12800000003
184196.78399999999
184109.064
184105.6399999999
184011.12599999993
183963.4879999999
183935.53399999999
183868.338
183849.78099999996
183835.32799999998
183763.54000000004
183678.02300000004
183600.3430000001
183592.40100000007
183598.24300000002
183584.956
183582.18800000008
183514.55099999998
183472.5390000001
183334.4439999999
183286.5120000001
183262.88899999997
183235.3089999999
183214.15299999993
183210.7790000001
183185.9809999999
183168.5149999999
183137.5859999999
183075.2620000001
183046.9580000001
183025.6399999999
183030.51300000004
183005.72999999998
183001.1640000001
182990.21999999997
182953.68299999996
182940.11800000002
182901.456
182861.47900000005
182841.70299999998
182819.75099999993
182797.97699999996
182792.32799999998
182712.75099999993
182674.60700000008
182639.30000000005
182596.42999999993
182513.40299999993
182454.54700000002
182418.135
182371.0419999999
182282.04799999995
182270.6839999999
182241.67299999995
182204.8529999999
182184.43500000006
182157.23399999994
182131.99099999992
182115.08700000006
182107.16999999993
182083.35499999998
182071.56700000004
181964.15599999996
181899.054
181867.02600000007
181818.30499999993
181722.87100000004
181685.65299999993
181677.26399999997
181689.8629999999
181616.05799999996
181603.39500000002
181539.15299999993
181436.34000000008
181400.34199999995
181407.33899999992
181358.7350000001
181335.26600000006
181315.27799999993
181235.20299999998
181202.892
181146.17400000012
181138.7790000001
181071.91999999993
181009.9920000001
180934.63400000008
180872.5460000001
180757.23200000008
180619.1470000001
180614.57199999993
180254.65999999992
180047.84899999993
179703.44900000002
179588.6470000001
179346.43200000003
179271.83199999994
179369.74
179364.66100000008
179349.51099999994
179338.49699999997
179307.07799999998
179259.42400000012
179194.06199999992
179142.35499999998
179063.35499999998
179028.40800000005
178995.0079999999
178915.12599999993
178887.5930000001
178894.17299999995
178873.02600000007
178777.9210000001
178588.42500000005
178566.8600000001
178541.99699999997
178499.233
178450.4439999999
178435.1170000001
178411.0789999999
178345.1399999999
178437.14500000002
178472.2450000001
178472.09700000007
178459.5560000001
178473.63599999994
178476.64500000002
178518.82199999993
178551.51
178537.43299999996
178509.74300000002
178528.6810000001
178536.71999999997
178538.20699999994
178526.70999999996
178530.5519999999
178494.54799999995
178485.82599999988
178460.45099999988
178454.74900000007
178459.45500000007
178495.2309999999
178580.2180000001
178593.29000000004
178669.6059999999
178725.16999999993
178765.82400000002
178825.30799999996
178886.956
178941.79499999993
178989.794
179034.5859999999
179033.77799999993
179042.804
179087.33400000003
179160.4339999999
179193.8089999999
179317.9680000001
179360.63800000004
179385.79099999997
179458.13800000004
179508.69500000007
179572.8230000001
179568.65100000007
179570.44299999997
179586.08400000003
179630.9169999999
179679.07599999988
179726.11100000003
179755.39299999992
179771.00699999998
179792.108
179804.11199999996
179828.983
179840.956
179877.5149999999
179892.54099999997
179916.07000000007
179909.70099999988
179916.338
179930.1299999999
179943.64100000006
179969.04700000002
179980.62100000004
180008.6569999999
180023.86599999992
180059.40299999993
180090.2579999999
180096.0789999999
180126.04099999997
180125.24099999992
180137.02600000007
179281.70500000007
179256.4750000001
179223.71999999997
179221.8799999999
179184.17200000002
179173.28300000005
179179.304
179195.44999999995
179189.72699999996
179169.94200000004
179194.838
179224.11199999996
179202.8089999999
179174.00600000005
179221.0
179446.51799999992
179461.929
179467.29700000002
179465.16800000006
179508.67999999993
179571.59499999997
179755.31799999997
179839.52099999995
179935.027
179933.32700000005
179945.34400000004
180053.8189999999
180096.3189999999
180105.88400000008
180086.1029999999
180083.81199999992
180046.60100000002
180042.21200000006
180014.11199999996
179917.713
179971.01300000004
180178.28499999992
180104.89899999998
179982.89500000002
179624.60100000002
179613.69999999995
179537.59700000007
179478.59700000007
179501.10100000002
179610.98600000003
180246.86800000002
180256.8559999999
180238.58899999992
180226.57499999995
180192.5390000001
180172.53099999996
180157.77799999993
180156.50699999998
180135.9920000001
180135.96699999995
180135.96699999995
180154.4879999999
180151.06199999992
180215.0419999999
180262.55099999998
180296.571
180296.40299999993
180294.0959999999
180328.625
180339.65899999999
180333.7279999999
180296.78499999992
180265.0689999999
180220.35499999998
180276.68699999992
180144.09700000007
180102.88800000004
180090.67599999998
180070.19999999995
179984.2520000001
179978.0319999999
179975.27000000002
179924.81700000004
179933.588
179869.3940000001
179864.919
179841.00699999998
179821.9609999999
179777.76799999992
179756.5660000001
179710.8700000001
179687.87800000003
179635.689
179633.45200000005
179662.037
179678.615
179694.74099999992
179726.01399999997
179754.23900000006
179782.4680000001
179803.5249999999
179827.72200000007
179859.08899999992
179932.83700000006
179964.64100000006
180015.72200000007
180066.80300000007
180082.92400000012
180123.2479999999
180161.15299999993
180217.6059999999
180247.1839999999
180309.8999999999
180362.32799999998
180365.46399999992
180392.5249999999
180346.82799999998
180353.5560000001
180341.45099999988
180345.93299999996
180366.544
180451.13800000004
180474.88100000005
180471.7479999999
180516.54799999995
180548.3629999999
180565.83499999996
180580.1710000001
180581.1329999999
180613.7790000001
180618.25399999996
180630.3600000001
180630.79799999995
180623.91599999997
180613.331
180615.57199999993
180590.07599999988
180586.6710000001
180580.2790000001
180566.50600000005
180557.55099999998
180546.52099999995
180496.625
180418.50699999998
180396.84000000008
180388.60100000002
180374.43800000008
180386.77399999998
180411.46200000006
180401.45099999988
180402.4269999999
180397.10499999998
180412.9920000001
180431.69200000004
180456.20999999996
180460.08899999992
180494.44200000004
180546.2890000001
180648.10199999996
180675.78499999992
180725.6229999999
180736.1810000001
180742.99900000007
180764.71999999997
180786.87199999997
180810.7180000001
180805.186
180802.6299999999
180812.41999999993
180797.98699999996
180737.03600000008
180711.39599999995
180677.74600000004
180607.46999999997
180493.31499999994
180482.67299999995
180465.206
180447.31700000004
180420.4850000001
180409.70900000003
180379.59499999997
180340.49399999995
180299.179
180275.75699999998
180267.233
180253.608
180255.31000000006
180243.811
180225.49600000004
180220.3799999999
180219.95200000005
180217.31499999994
180198.1499999999
180190.05499999993
180150.44500000007
180137.2350000001
180115.09199999995
180078.03499999992
180040.12800000003
180023.93999999994
179991.14599999995
179948.463
179924.60700000008
179909.03099999996
179891.81799999997
179871.36899999995
179853.47900000005
179859.44699999993
179819.83199999994
179814.53600000008
180482.33199999994
181266.9709999999
180837.9779999999
181137.8670000001
181149.865
181189.09400000004
181226.20699999994
181524.26399999997
181571.96200000006
181623.24699999997
181640.14500000002
181668.2620000001
181726.22999999998
181866.6470000001
181897.0049999999
181980.9539999999
182038.21900000004
182067.09899999993
182133.1440000001
182154.44900000002
182161.34700000007
182172.223
182184.93299999996
182198.22200000007
182240.3670000001
182263.8289999999
182305.82400000002
182323.69500000007
182342.80700000003
182378.01799999992
182456.76399999997
182479.22600000002
182482.63400000008
182486.86199999996
182501.66299999994
182532.84199999995
182540.53399999999
182537.277
182540.375
182574.79300000006
182612.4750000001
182622.61599999992
182631.2690000001
182635.73900000006
182723.84899999993
182730.11899999995
182768.044
182794.0730000001
182833.62800000003
182869.58199999994
182890.848
182911.1370000001
182922.86400000006
182967.9539999999
182984.68800000008
182996.28099999996
183021.88800000004
183102.19200000004
183145.3160000001
183162.99699999997
183157.5460000001
183140.3500000001
183112.635
183144.44500000007
183696.38100000005
183730.686
183797.78399999999
183827.348
183855.28499999992
183877.31000000006
183857.902
183888.821
183900.35100000002
183971.63199999998
183968.4140000001
183992.32199999993
184010.75900000008
184029.99300000002
184029.1059999999
184049.2279999999
184175.03300000005
184259.6270000001
184385.11800000002
184417.41800000006
184442.223
184528.7209999999
184600.81300000008
184661.71600000001
184681.71600000001
184693.40899999999
184712.21699999995
184732.713
184744.3160000001
184759.21600000001
184787.61400000006
184809.01099999994
184826.31300000008
184846.31000000006
184869.9069999999
184877.4140000001
184906.30799999996
184940.10400000005
184961.70500000007
184988.0120000001
185002.304
185038.40599999996
185050.30300000007
185056.6029999999
185059.3019999999
185063.90899999999
185092.01
185113.30300000007
185137.00600000005
185150.3089999999
185155.9040000001
185155.412
185162.81199999992
185194.50399999996
185218.3629999999
185217.0079999999
185216.5190000001
185220.53600000008
185225.96900000004
185230.6540000001
185230.8999999999
185235.93299999996
185296.03799999994
185318.01399999997
185349.0120000001
185413.6059999999
185443.38899999997
185465.6569999999
185475.07599999988
185441.40100000007
185437.7450000001
185431.7579999999
185455.43500000006
185474.4850000001
185481.45900000003
185494.4920000001
185515.68699999992
185538.37199999997
185552.86100000003
185563.696
185576.52099999995
185584.96500000008
185595.91599999997
185623.79000000004
185638.5319999999
185660.60700000008
185677.08499999996
185686.94299999997
185705.11599999992
185723.11800000002
185772.38199999998
185790.7279999999
185813.01799999992
185819.66599999997
185825.00300000003
185830.6939999999
185835.6100000001
185841.99399999995
185847.98200000008
185853.8500000001
185858.41100000008
185863.2620000001
185867.4339999999
185879.162
185893.3289999999
185919.0730000001
185930.831
185942.652
185966.1100000001
185977.69900000002
185983.08899999992
185992.73699999996
185997.15299999993
186019.43299999996
186031.24600000004
186037.78799999994
186045.36199999996
186051.12899999996
186079.89899999998
186104.85499999998
186110.902
186115.6540000001
186124.20999999996
186130.39299999992
186153.662
186175.47699999996
186190.0560000001
186195.2279999999
186201.46900000004
186207.956
186213.36400000006
186237.35499999998
186243.53099999996
186260.79799999995
186265.81199999992
186271.9580000001
186284.97900000005
186288.93200000003
186295.39500000002
186300.18299999996
186305.83499999996
186318.483
186330.06700000004
186341.49900000007
186353.96999999997
186358.95900000003
186365.23900000006
186387.30799999996
186397.87400000007
186403.0149999999
186408.044
186424.90899999999
186430.7960000001
186443.17599999998
186453.68800000008
186467.2309999999
186478.79000000004
186490.84100000001
186504.84499999997
186524.23900000006
186571.9950000001
186613.75
186629.02099999995
186647.6470000001
186652.97900000005
186666.554
186669.939
186676.47900000005
186686.61800000002
186701.037
186705.52099999995
186709.2620000001
186722.94699999993
186744.9850000001
186782.348
186799.4920000001
186805.00600000005
186816.79099999997
186833.8019999999
186846.179
186874.58400000003
186879.23600000003
186889.20200000005
186912.36100000003
186917.57499999995
186932.68200000003
186951.99
186968.8829999999
186998.55000000005
187015.01
187037.686
187077.5789999999
187095.27000000002
187125.338
187159.385
187182.7450000001
187203.0789999999
187225.983
187261.2649999999
187299.13899999997
187323.54700000002
187351.63800000004
187396.5930000001
187412.5730000001
187437.5959999999
187454.93200000003
187489.99900000007
187630.27000000002
187661.50900000008
187830.2450000001
187867.2450000001
187890.723
187906.1229999999
187935.75099999993
187954.4339999999
187969.4480000001
187995.061
188024.939
188058.4269999999
188161.42599999998
188169.04300000006
188171.84899999993
188196.04000000004
188221.30099999998
188313.59100000001
188363.82599999988
188610.1839999999
188632.0660000001
188639.40999999992
188660.152
188693.4410000001
188744.0190000001
188759.963
188779.66100000008
188804.52799999993
188811.02799999993
188828.73200000008
188858.28600000008
188914.331
188922.38400000008
188937.68699999992
188967.78099999996
188985.7309999999
188998.838
189034.581
189052.0830000001
189078.03099999996
189115.385
189121.385
189141.68299999996
189155.5859999999
189171.3870000001
189183.0319999999
189204.74099999992
189218.5319999999
189236.0830000001
189238.63599999994
189258.43200000003
189297.93299999996
189317.635
189342.64100000006
189367.439
189388.93999999994
189428.53499999992
189479.13800000004
189492.83400000003
189760.64800000004
189905.07499999995
189985.89800000004
190049.09899999993
190123.96600000001
190179.91999999993
190186.68999999994
190241.3430000001
190233.162
190218.78300000005
190216.42999999993
190208.64299999992
190216.24600000004
190211.14899999998
190214.75
190216.05000000005
190212.4439999999
190215.54300000006
190220.642
190229.64599999995
190230.75099999993
190224.848
190225.54900000012
190228.64299999992
190227.94299999997
190219.544
190218.1470000001
190218.24600000004
190220.4480000001
190225.34400000004
190224.04799999995
190228.74600000004
190226.85400000005
190232.5190000001
190235.99600000004
190244.4680000001
190259.4410000001
190266.679
190277.68500000006
190299.5959999999
190332.564
190344.6299999999
190367.8330000001
190379.0049999999
190396.14500000002
190406.91299999994
190419.963
190430.95999999996
190441.68200000003
190447.18999999994
190454.59000000008
190462.9069999999
190479.0689999999
190496.11599999992
190510.39800000004
190516.72399999993
190533.65899999999
190546.90800000005
190557.92400000012
190567.11400000006
190595.81499999994
190620.47399999993
190640.94900000002
190672.24
190687.1270000001
190701.60499999998
190725.50099999993
190772.963
190790.67400000012
190810.3089999999
190847.635
190856.79099999997
190898.56199999992
190900.4310000001
190973.7350000001
191029.82000000007
191060.33499999996
191068.50699999998
191104.76600000006
191106.07400000002
191102.38199999998
191099.38800000004
191094.375
191093.77399999998
191089.2520000001
191089.91100000008
191098.74
191101.8870000001
191104.571
191107.3829999999
191104.97200000007
191101.9269999999
191100.63400000008
191100.69900000002
191102.29499999993
191102.1129999999
191102.5859999999
191095.42800000007
191094.44999999995
191088.348
191086.51099999994
191084.3870000001
191085.03799999994
191091.13400000008
191091.75399999996
191092.99699999997
191101.35700000008
191107.19299999997
191112.946
191120.456
191122.5149999999
191140.9750000001
191191.27600000007
191212.3089999999
191232.87199999997
191281.95900000003
191306.939
191334.3060000001
191354.75399999996
191418.6000000001
191438.09899999993
191488.983
191527.76799999992
191565.2649999999
191602.1029999999
191622.05499999993
191653.27399999998
191674.2919999999
191692.47399999993
191731.6839999999
191756.39800000004
191807.56300000008
191840.7080000001
191859.44999999995
191874.2109999999
191909.55700000003
191915.56499999994
191916.72900000005
191921.43299999996
191916.35199999996
191911.2379999999
191909.45699999994
191902.68800000008
191899.6299999999
191883.01
191880.57199999993
191884.14100000006
191887.32199999993
191886.2649999999
191878.45699999994
191876.06499999994
191873.77600000007
191863.84199999995
191848.04700000002
191841.6540000001
191825.973
191812.05700000003
191757.98200000008
191722.94999999995
191682.314
191651.9539999999
191639.29700000002
191621.17400000012
191594.46900000004
191586.59000000008
191554.15100000007
191532.78300000005
191518.3459999999
191503.07000000007
191472.912
191457.6810000001
191439.62800000003
191403.0020000001
191378.62599999993
191342.054
191330.31000000006
191320.26
191309.7180000001
191294.18699999992
191270.12800000003
191244.5290000001
191225.0830000001
191203.47600000002
191168.6200000001
191126.15100000007
191100.04300000006
191069.5419999999
191040.84400000004
191024.94200000004
190980.74
190972.8459999999
190970.94699999993
190958.7479999999
190922.54900000012
190913.6399999999
190856.9439999999
190855.13899999997
190839.84400000004
190822.73900000006
190805.14100000006
190766.14299999992
190756.0419999999
190734.6399999999
190739.24600000004
190679.14800000004
190635.24
190587.7420000001
190527.5460000001
190505.7420000001
190415.2420000001
190341.93699999992
190272.53799999994
190223.5419999999
190182.6440000001
190076.83499999996
189922.23600000003
189842.5419999999
189795.54099999997
189676.7379999999
189634.63100000005
189602.733
189580.1399999999
189560.6470000001
189537.43299999996
189511.33499999996
189487.23399999994
189467.537
189405.33499999996
189184.831
189126.53300000005
189107.1299999999
189087.0319999999
189064.53600000008
189043.23600000003
189020.135
188955.9339999999
189001.85499999998
189056.35499999998
189113.87400000007
189412.80700000003
189428.44900000002
189571.233
189925.7350000001
189688.63199999998
189721.63599999994
189747.33000000007
189745.4310000001
189777.23600000003
189785.4269999999
189795.7309999999
189807.22699999996
189846.89500000002
189857.82199999993
189886.392
189906.98399999994
189919.74399999995
190004.07599999988
190040.2350000001
190066.92999999993
190106.83400000003
190127.92999999993
190133.13599999994
190148.2309999999
190182.33199999994
190226.72999999998
190293.63400000008
190299.63400000008
190321.03099999996
190368.83899999992
190422.338
190472.5319999999
190509.23399999994
190535.13400000008
190554.43299999996
190593.23399999994
190632.24
190672.34100000001
190704.93699999992
190734.7350000001
190782.14100000006
190819.4339999999
190847.73600000003
190842.6329999999
190802.83700000006
190779.6329999999
190874.13400000008
190931.73399999994
191030.13199999998
191128.2479999999
191294.96200000006
191250.652
191266.86100000003
191429.18699999992
191373.517
191331.90599999996
191284.8189999999
191198.446
191154.23200000008
191121.04300000006
191066.20900000003
191051.00099999993
191031.65299999993
190981.885
190960.04900000012
190942.52399999998
190862.51799999992
190848.8459999999
190815.78300000005
190789.76399999997
190746.42400000012
190692.30799999996
190647.13800000004
190565.1499999999
190543.98699999996
190502.70299999998
190477.3940000001
190405.4920000001
190359.11599999992
190317.65500000003
190292.21200000006
190212.26099999994
190136.0789999999
190053.24099999992
190018.6980000001
189987.92800000007
189944.35499999998
189909.3770000001
189879.57499999995
189775.28000000003
189749.47600000002
189732.75
189710.69500000007
189675.40999999992
189605.80099999998
189580.1980000001
189561.088
189513.33000000007
189477.79700000002
189468.86599999992
189450.6980000001
189437.25
189440.10899999994
189428.70200000005
189430.49
189421.35700000008
189415.63599999994
189400.9809999999
189412.65500000003
189386.60899999994
189388.84899999993
189378.09899999993
189324.0859999999
189304.85100000002
189264.865
189286.54099999997
189302.40800000005
189303.94500000007
189311.7209999999
189327.483
189322.669
189335.10899999994
189364.18500000006
189418.1440000001
189442.03099999996
189441.615
189453.84400000004
189515.267
189577.84499999997
189594.60499999998
189627.3500000001
189640.375
189623.7549999999
189608.11800000002
189592.64599999995
189600.1059999999
189599.3230000001
189589.17500000005
189628.08499999996
189658.5730000001
189651.49699999997
189656.46399999992
189676.35499999998
189677.527
189692.4950000001
189707.6370000001
189713.973
189718.34400000004
189704.66500000004
189709.72900000005
189703.169
189693.7819999999
189681.38800000004
189707.65599999996
189777.09499999997
189806.64899999998
189811.87400000007
189818.41999999993
189823.19200000004
189822.65800000005
189818.2890000001
189820.669
189819.375
189832.90999999992
189850.3060000001
189856.0660000001
189860.79900000012
189827.32599999988
189839.81499999994
189845.96699999995
189870.5079999999
189865.6270000001
189845.3060000001
189874.80300000007
189876.58899999992
189879.01600000006
189881.76
189853.10100000002
189848.61400000006
189836.6299999999
189825.64599999995
189826.34199999995
189818.9310000001
189818.35700000008
189801.82199999993
189810.7350000001
189804.25
189804.52799999993
189793.06199999992
189799.9609999999
189788.5120000001
189811.05799999996
189801.68200000003
189844.92599999998
189896.42299999995
189919.98900000006
189933.09899999993
189946.93999999994
190001.4269999999
190017.8799999999
190044.26099999994
190060.43999999994
190060.679
190068.9269999999
190071.2690000001
190094.18500000006
190094.7749999999
190056.38100000005
190013.85100000002
189982.51600000006
189936.885
189925.74
189910.6839999999
189892.8430000001
189869.0220000001
189868.8089999999
189871.29300000006
189867.17299999995
189857.60700000008
189845.69200000004
189843.67400000012
189796.45999999996
189779.14800000004
189739.34000000008
189702.54499999993
189693.40899999999
189673.54099999997
189663.32499999995
189637.02000000002
189633.57000000007
189618.44699999993
189615.22600000002
189606.68500000006
189630.23900000006
189654.28799999994
189664.42200000002
189694.86599999992
189691.98600000003
189702.1640000001
189708.67599999998
189721.51600000006
189652.8019999999
189556.9169999999
189512.07400000002
189459.0
189450.79000000004
189436.7890000001
189256.38199999998
189088.24699999997
189077.04499999993
189050.84899999993
189013.98600000003
189004.7890000001
188983.63400000008
188945.3160000001
188913.65100000007
188871.41599999997
188839.9779999999
188813.75399999996
188813.75900000008
188803.51799999992
188746.75399999996
188722.76099999994
188684.76
188630.7549999999
188595.75399999996
188546.2479999999
188513.25099999993
188484.7520000001
188451.25099999993
188426.55099999998
188381.24699999997
188333.44900000002
188294.85100000002
188271.7479999999
188248.2479999999
188215.60700000008
188197.74600000004
188180.04499999993
188163.74399999995
188125.7479999999
188103.24900000007
188112.7479999999
188078.7479999999
188067.75099999993
188045.74699999997
188026.75099999993
188021.24699999997
187993.64599999995
187974.54300000006
187934.34899999993
187911.24300000002
187902.7479999999
187854.74300000002
187826.24300000002
187763.24600000004
187740.75
187721.74900000007
187703.74300000002
187631.74099999992
187570.24300000002
187550.24699999997
187449.2350000001
187415.24099999992
187298.7350000001
187181.72999999998
187171.7309999999
187156.1540000001
187125.22900000005
187105.73600000003
187082.53000000003
186979.7279999999
186915.72900000005
186877.8289999999
186836.929
186810.72900000005
186778.7279999999
186737.71999999997
186667.7209999999
186647.71900000004
186612.02300000004
186600.9169999999
186559.71500000008
186523.82000000007
186505.21500000008
186444.71500000008
186404.71399999992
186348.11400000006
186325.20900000003
186149.70699999994
186081.20200000005
186046.598
185998.19900000002
185943.60199999996
185907.3940000001
185866.99699999997
185844.69299999997
185781.1910000001
185718.68800000008
185685.6939999999
185660.69500000007
185620.18999999994
185550.69200000004
185537.6839999999
185425.0859999999
185394.1810000001
185351.67999999993
185327.1839999999
185254.17200000002
185133.67999999993
184995.47600000002
184925.87400000007
184707.65899999999
184583.8559999999
184479.95999999996
184369.8529999999
184256.85100000002
184095.44900000002
184003.44699999993
184005.94299999997
183998.9480000001
183975.6440000001
183967.142
183878.8459999999
183818.95200000005
183743.1470000001
183653.7479999999
183654.25
183696.1540000001
183774.75399999996
183573.15599999996
183549.66299999994
183463.463
183462.652
183265.0589999999
183225.15899999999
183217.75600000005
183253.35400000005
183374.8529999999
183426.6540000001
183416.44999999995
183557.14800000004
183431.3529999999
183360.94500000007
183295.04499999993
183224.94699999993
183172.1470000001
183158.43999999994
183141.04799999995
183104.49600000004
183054.34899999993
182976.652
182916.35499999998
182857.25399999996
182820.15899999999
182784.75399999996
182723.5560000001
182683.25900000008
182632.2579999999
182537.16299999994
182406.45699999994
182355.25399999996
182211.662
182113.0589999999
182046.8600000001
181878.36100000003
181744.16100000008
181726.65899999999
181679.15599999996
181621.56199999992
180688.95500000007
180639.91999999993
180530.615
180503.83499999996
180507.8160000001
180477.037
180463.5190000001
180436.75699999998
180323.45099999988
180327.19500000007
180293.67999999993
180256.89299999992
180238.385
180250.62400000007
180246.86800000002
