160092.483
160058.08899999992
160000.79499999993
159949.36199999996
159886.83000000007
159872.90500000003
159855.8829999999
159858.3089999999
159837.00300000003
159859.51799999992
159837.03799999994
159776.75300000003
159741.5930000001
159701.35899999994
159667.15599999996
159620.6129999999
159548.92299999995
159515.95299999998
159534.1810000001
159555.7960000001
159497.94900000002
159460.5190000001
159420.37800000003
159356.24699999997
159332.311
159292.79099999997
159254.08899999992
159234.8970000001
159190.86599999992
159081.2180000001
159057.95099999988
159056.4339999999
159048.86599999992
159028.07400000002
159013.29300000006
158966.33499999996
158935.87800000003
158906.5079999999
158858.17999999993
158804.287
158717.45500000007
158690.973
158521.6200000001
158500.22999999998
158438.96500000008
158340.9269999999
158233.06700000004
158125.5789999999
158061.90100000007
157999.67200000002
157913.652
157865.3770000001
157822.03600000008
157690.0830000001
157630.81499999994
157413.79499999993
157338.71999999997
157181.45699999994
157124.1229999999
157002.89800000004
156906.1839999999
156873.59199999995
156792.27099999995
156757.77600000007
156711.96699999995
156682.3559999999
156595.54099999997
156476.321
156290.142
156148.3189999999
156097.28000000003
156038.00900000008
156004.3970000001
155823.67200000002
155704.9609999999
155666.9850000001
155619.615
155481.6370000001
155444.6370000001
155417.28300000005
155356.10700000008
155330.67599999998
155287.5149999999
155256.05499999993
155155.86599999992
155090.787
155045.73399999994
155005.61199999996
154943.95999999996
154890.392
154838.86899999995
154745.89100000006
154740.62599999993
154724.82599999988
154746.1980000001
154735.34100000001
154696.412
154655.8089999999
154631.63400000008
154631.38800000004
154606.17200000002
154594.23699999996
154577.588
154594.61199999996
154549.46200000006
154502.23699999996
154446.1270000001
154394.76600000006
154381.60700000008
154315.57799999998
154314.75600000005
154305.7720000001
154313.5419999999
154301.51099999994
154313.72600000002
154308.49099999992
154275.436
154221.963
154201.69299999997
154229.05700000003
154202.91100000008
154226.62400000007
154237.33199999994
154183.46200000006
154091.03099999996
154065.7549999999
154042.91800000006
154029.0660000001
153977.723
153987.0290000001
153979.01600000006
153987.06300000008
153932.80799999996
153894.46399999992
153846.4879999999
153639.75
153613.6669999999
153569.0020000001
153545.94699999993
153494.4480000001
153452.679
153474.68299999996
153474.67800000007
153499.68200000003
153555.51
153570.55700000003
153619.80300000007
153619.80300000007
153634.16100000008
153657.419
153689.5689999999
153753.17299999995
153828.40899999999
153878.331
153911.8459999999
153953.57199999993
154024.686
154064.6810000001
154097.67800000007
154137.6839999999
154142.68299999996
154121.1370000001
154121.1440000001
154145.07499999995
154174.48600000003
154204.58199999994
154257.68299999996
154307.68500000006
154332.67999999993
154346.85100000002
154352.3189999999
154351.63199999998
154309.90800000005
154221.67800000007
154139.679
154132.6710000001
154102.6769999999
154077.67500000005
154094.66999999993
154113.60400000005
154136.8600000001
154161.483
154161.48900000006
154175.8459999999
154196.36800000002
154205.2520000001
154225.77099999995
154242.6710000001
154244.66500000004
154294.48900000006
154314.2579999999
154343.06300000008
154356.625
154441.35899999994
154442.49
154415.94200000004
154440.79300000006
154458.30000000005
154524.95900000003
154519.66800000006
154527.66500000004
154547.66599999997
154587.66500000004
154612.66100000008
154637.65999999992
154672.662
154687.6669999999
154724.6669999999
154757.6669999999
154764.65899999999
154787.65999999992
154779.66500000004
154749.66100000008
154764.65999999992
154822.6640000001
154927.6569999999
154987.66299999994
155049.6569999999
155109.66100000008
155124.65800000005
155149.65999999992
155142.65500000003
155167.66299999994
155239.65999999992
155287.662
155387.66100000008
155407.6669999999
155472.65899999999
155489.65999999992
155506.98600000003
155537.01300000004
155591.3289999999
155671.90999999992
155687.80499999993
155732.91800000006
155775.87599999993
155880.7309999999
155912.70099999988
155973.06300000008
156004.936
156086.51600000006
156175.29499999993
156237.47200000007
156254.436
156291.59100000001
156326.06799999997
156420.08499999996
156552.97900000005
156959.814
157014.598
157040.07599999988
157078.3899999999
157112.483
157215.83700000006
157274.56000000006
157345.03600000008
157390.9040000001
157561.3430000001
157601.483
157629.7549999999
157679.33899999992
157748.8670000001
158224.838
158347.6669999999
158403.43800000008
158708.35199999996
158927.571
159069.186
159122.08000000007
159172.70200000005
159541.15100000007
159588.39800000004
159707.9920000001
159799.0149999999
159840.92400000012
159866.865
159964.10899999994
160043.62800000003
160061.29900000012
160173.43800000008
160204.31000000006
160241.71900000004
160276.6000000001
160356.713
160450.98399999994
160496.97200000007
160565.4580000001
160666.84899999993
160734.20999999996
160843.2250000001
160899.91100000008
160917.8330000001
161034.59199999995
161028.39800000004
161085.57700000005
161154.1470000001
161217.74699999997
161375.27399999998
161423.94200000004
161491.42200000002
161505.29499999993
161551.83000000007
161560.85400000005
161582.03099999996
161675.3600000001
161727.5190000001
161781.0859999999
161924.108
161934.23900000006
161964.14899999998
161945.794
161961.50099999993
162023.081
162059.4310000001
162076.88800000004
162149.70999999996
162195.7109999999
162493.20699999994
162834.20900000003
163075.21999999997
163138.82599999988
163197.60700000008
163226.18200000003
163258.2109999999
163350.3500000001
163394.787
163554.97999999998
163577.8970000001
163628.90500000003
163673.66599999997
163713.06700000004
163764.61899999995
163851.0589999999
163910.10499999998
164001.11400000006
164026.277
164112.22699999996
164138.92800000007
164180.11599999992
164226.31000000006
164256.90899999999
164283.3500000001
164306.0830000001
164341.2790000001
164364.25699999998
164380.75300000003
164428.47699999996
164473.18699999992
164531.9809999999
164563.0290000001
164591.7209999999
164615.321
164656.76600000006
164720.85400000005
164759.24900000007
164785.3459999999
164871.5859999999
164915.13599999994
164943.429
165121.84899999993
165182.39800000004
165203.09700000007
165225.044
165272.4850000001
165348.02799999993
165413.91800000006
165431.6669999999
165505.5
165573.38400000008
165634.67500000005
165676.2250000001
165715.0660000001
165777.35499999998
165868.3359999999
166128.70500000007
166207.63599999994
166274.41599999997
166343.76600000006
166388.3629999999
166619.38199999998
166764.69299999997
166815.142
166848.67400000012
166903.3829999999
166947.83000000007
166967.98200000008
167072.76799999992
167212.4979999999
167240.44999999995
167315.7250000001
167739.72999999998
167869.64500000002
167930.53799999994
167953.21600000001
167996.686
168037.206
168053.2549999999
168062.07700000005
168095.2450000001
168162.3559999999
168183.51300000004
168201.10400000005
168225.7520000001
168265.7960000001
168326.02600000007
168355.1299999999
168392.08199999994
168415.57599999988
168460.46600000001
168469.72900000005
168482.80000000005
168541.1000000001
168553.07199999993
168568.3559999999
168632.99300000002
168657.14100000006
168724.12899999996
168747.9779999999
168816.12199999997
168852.96900000004
168864.22600000002
168872.69699999993
168887.6810000001
168893.98900000006
168902.65800000005
168920.4709999999
168922.37100000004
168930.77099999995
168953.52300000004
168969.777
168999.71500000008
169030.50900000008
169056.456
169071.84100000001
169114.83700000006
169136.20699999994
169142.436
169194.40899999999
169256.669
169289.82400000002
169317.09499999997
169348.8019999999
169357.69299999997
169464.09100000001
169483.8940000001
169501.88599999994
169525.189
169544.07599999988
169583.89599999995
169600.4140000001
169631.08700000006
169649.37800000003
169655.9069999999
169670.4580000001
169757.0149999999
169809.3600000001
169861.37899999996
169873.5930000001
169883.446
169928.99099999992
169943.78099999996
169955.0519999999
169977.62899999996
170018.196
170039.088
170061.0319999999
170080.28399999999
170121.1669999999
170143.1980000001
170158.56700000004
170172.4210000001
170182.61400000006
170215.71399999992
170247.7819999999
170290.0290000001
170349.3940000001
170382.04900000012
170404.3500000001
170420.946
170463.564
170485.92800000007
170500.25300000003
170586.69699999993
170630.76399999997
170665.5079999999
170724.01099999994
170759.4609999999
170783.8189999999
170805.88599999994
170846.76399999997
170890.402
170937.11899999995
170961.75399999996
171024.18999999994
171041.49
171064.39599999995
171096.37100000004
171120.35899999994
171158.6059999999
171181.50699999998
171229.3430000001
171305.81499999994
171420.19299999997
171519.45200000005
171543.52099999995
171576.27799999993
171608.17400000012
171710.89500000002
171732.5
171744.71500000008
171489.71500000008
171491.088
171517.5319999999
171519.09899999993
171516.42599999998
171503.89500000002
171498.71200000006
171480.865
171476.02099999995
171453.01399999997
171452.03799999994
171443.06499999994
171424.17200000002
171411.2450000001
171400.3970000001
171389.59400000004
171328.68500000006
171305.5319999999
171267.07599999988
171250.21699999995
171230.55700000003
171215.213
171201.60899999994
171187.13100000005
171154.67200000002
171160.15999999992
171151.34400000004
171148.8019999999
171152.37800000003
171150.8430000001
171142.40299999993
171120.91599999997
171111.348
171114.53000000003
171112.62599999993
171154.1000000001
171152.18200000003
171138.78099999996
171138.14500000002
171129.8500000001
171134.31799999997
171121.5519999999
171119.64500000002
171122.831
171126.02399999998
171115.814
171091.56300000008
171082.6329999999
171014.71600000001
171061.56199999992
171110.2080000001
171112.2790000001
171108.13100000005
171083.87400000007
171056.9709999999
171051.23600000003
171036.47699999996
171000.36400000006
171005.4040000001
170997.76799999992
170967.33000000007
170965.4040000001
170979.47200000007
171010.96699999995
171032.24300000002
171042.78600000008
171108.615
171139.45500000007
171166.44200000004
171177.34100000001
171179.561
171178.90999999992
171208.85100000002
171248.77799999993
171255.6329999999
171260.58499999996
171274.19999999995
171288.67200000002
171299.0519999999
171294.9410000001
171296.9950000001
171336.213
171387.58899999992
171447.41999999993
171507.66800000006
171535.65500000003
171567.40999999992
171602.84000000008
171633.16800000006
171775.28499999992
171802.5789999999
171852.9609999999
171881.48600000003
171896.858
171916.06300000008
171948.67999999993
171953.4339999999
172002.811
172251.52600000007
172314.713
172328.794
172333.4069999999
172379.3559999999
172407.30499999993
172468.16500000004
172502.35700000008
172508.84899999993
172524.4779999999
172550.1399999999
172587.6910000001
172608.2549999999
172656.70200000005
172710.02099999995
172721.47699999996
172748.9269999999
172783.2690000001
172801.7080000001
172841.7450000001
172856.1000000001
172859.777
172868.8500000001
172885.70200000005
172906.58899999992
172930.64500000002
172945.51099999994
172964.13800000004
172972.62199999997
172980.92299999995
172990.39599999995
173054.56799999997
173080.14599999995
173106.42500000005
173132.99900000007
173171.25300000003
173215.9779999999
173236.49600000004
173257.05499999993
173297.733
173321.7960000001
173370.2379999999
173389.38199999998
173415.2450000001
173427.96500000008
173451.50300000003
173462.08899999992
173503.22200000007
173524.41800000006
173549.939
173571.7309999999
173616.5560000001
173659.42800000007
173680.74300000002
173762.8629999999
173784.68500000006
173795.27600000007
173794.73600000003
173797.65100000007
173832.24900000007
173828.91800000006
173828.91100000008
173854.7520000001
173864.76099999994
173898.93800000008
173941.037
173970.2080000001
174000.22200000007
174021.473
174059.615
174076.28600000008
174099.6229999999
174156.304
174240.49699999997
174280.5149999999
174297.17999999993
174305.52300000004
174318.02099999995
174411.8060000001
174471.82199999993
174556.45099999988
174827.135
175089.892
175590.13400000008
175724.6029999999
175756.81000000006
175786.64599999995
175871.05499999993
175901.5830000001
175940.90599999996
176071.24900000007
176249.6640000001
176246.31700000004
176252.13100000005
176275.35899999994
176279.30700000003
176286.983
176295.34700000007
176299.30000000005
176306.27799999993
176314.179
176326.96200000006
176336.94999999995
176343.2350000001
176353.9269999999
176356.71999999997
176358.58000000007
176362.30099999998
176386.00399999996
176390.1229999999
176433.662
176456.90800000005
176486.20299999998
176501.31199999992
176517.11899999995
176544.13899999997
176575.17500000005
176614.5120000001
176635.20500000007
176673.10199999996
176689.81799999997
176710.189
176734.59100000001
176751.76300000004
176785.66500000004
176805.30099999998
176848.03399999999
176874.3870000001
176911.27300000004
176931.929
176942.7790000001
176955.1299999999
176984.65299999993
176999.419
177030.75699999998
177040.09000000008
177058.20999999996
177106.61400000006
177139.115
177177.5319999999
177219.26300000004
177239.39299999992
177255.9580000001
177278.91800000006
177286.08700000006
177315.61599999992
177354.43200000003
177361.7749999999
177378.28300000005
177403.8829999999
177422.83499999996
177441.544
177459.92999999993
177502.25900000008
177515.92400000012
177529.973
177543.23200000008
177595.04000000004
177612.8230000001
177651.38599999994
177669.6000000001
177693.76099999994
177713.04099999997
177734.73600000003
177814.7350000001
177921.92200000002
177976.66500000004
178005.46399999992
178012.29900000012
178019.39800000004
178055.63400000008
178080.0149999999
178102.0830000001
178137.39100000006
178170.3670000001
178202.84700000007
178205.67999999993
178215.08000000007
178230.99
178244.59199999995
178284.74399999995
178293.4709999999
178307.65599999996
178315.07499999995
178368.96500000008
178402.12800000003
178415.48399999994
178446.99699999997
178466.88599999994
178479.9809999999
178498.79700000002
178507.22900000005
178553.21900000004
178554.7450000001
178566.037
178605.92599999998
178614.8160000001
178607.8629999999
178613.27600000007
178605.06700000004
178578.517
178568.20900000003
178619.233
178639.66500000004
178644.01799999992
178662.6640000001
178682.64100000006
178697.537
178740.99099999992
178806.89899999998
178815.8770000001
178843.37100000004
178869.8430000001
178911.186
178914.9069999999
178957.40599999996
178998.52000000002
179006.18699999992
179020.4680000001
179071.3359999999
179104.54799999995
179125.21999999997
179152.277
179241.47200000007
179266.6710000001
179378.62100000004
179404.05499999993
179633.45200000005
179635.689
179687.87800000003
179710.8700000001
179756.5660000001
179777.76799999992
179821.9609999999
179841.00699999998
179864.919
179869.3940000001
179933.588
179924.81700000004
179975.27000000002
179978.0319999999
179984.2520000001
180070.19999999995
180090.67599999998
180102.88800000004
180144.09700000007
180276.68699999992
180220.35499999998
180265.0689999999
180296.78499999992
180333.7279999999
180339.65899999999
180328.625
180294.0959999999
180296.40299999993
180296.571
180262.55099999998
180215.0419999999
180151.06199999992
180154.4879999999
180135.96699999995
180135.96699999995
180135.9920000001
180156.50699999998
180157.77799999993
180172.53099999996
180192.5390000001
180226.57499999995
180238.58899999992
180256.8559999999
180246.86800000002
180250.62400000007
180238.385
180256.89299999992
180293.67999999993
180327.19500000007
180323.45099999988
180436.75699999998
180463.5190000001
180477.037
180507.8160000001
180503.83499999996
180530.615
180639.91999999993
180688.95500000007
181621.56199999992
181679.15599999996
181726.65899999999
181744.16100000008
181878.36100000003
182046.8600000001
182113.0589999999
182211.662
182355.25399999996
182406.45699999994
182537.16299999994
182632.2579999999
182683.25900000008
182723.5560000001
182784.75399999996
182820.15899999999
182857.25399999996
182916.35499999998
182976.652
183054.34899999993
183104.49600000004
183141.04799999995
183158.43999999994
183172.1470000001
183224.94699999993
183295.04499999993
183360.94500000007
183431.3529999999
183557.14800000004
183416.44999999995
183426.6540000001
183374.8529999999
183253.35400000005
183217.75600000005
183225.15899999999
183265.0589999999
183462.652
183463.463
183549.66299999994
183573.15599999996
183774.75399999996
183696.1540000001
183654.25
183653.7479999999
183743.1470000001
183818.95200000005
183878.8459999999
183967.142
183975.6440000001
183998.9480000001
184005.94299999997
184003.44699999993
184095.44900000002
184256.85100000002
184369.8529999999
184479.95999999996
184583.8559999999
184707.65899999999
184925.87400000007
184995.47600000002
185133.67999999993
185254.17200000002
185327.1839999999
185351.67999999993
185394.1810000001
185425.0859999999
185537.6839999999
185550.69200000004
185620.18999999994
185660.69500000007
185685.6939999999
185718.68800000008
185781.1910000001
185844.69299999997
185866.99699999997
185907.3940000001
185943.60199999996
185998.19900000002
186046.598
186081.20200000005
186149.70699999994
186325.20900000003
186348.11400000006
186404.71399999992
186444.71500000008
186505.21500000008
186523.82000000007
186559.71500000008
186600.9169999999
186612.02300000004
186647.71900000004
186667.7209999999
186737.71999999997
186778.7279999999
186810.72900000005
186836.929
186877.8289999999
186915.72900000005
186979.7279999999
187082.53000000003
187105.73600000003
187125.22900000005
187156.1540000001
187171.7309999999
187181.72999999998
187298.7350000001
187415.24099999992
187449.2350000001
187550.24699999997
187570.24300000002
187631.74099999992
187703.74300000002
187721.74900000007
187740.75
187763.24600000004
187826.24300000002
187854.74300000002
187902.7479999999
187911.24300000002
187934.34899999993
187974.54300000006
187993.64599999995
188021.24699999997
188026.75099999993
188045.74699999997
188067.75099999993
188078.7479999999
188112.7479999999
188103.24900000007
188125.7479999999
188163.74399999995
188180.04499999993
188197.74600000004
188215.60700000008
188248.2479999999
188271.7479999999
188294.85100000002
188333.44900000002
188381.24699999997
188426.55099999998
188451.25099999993
188484.7520000001
188513.25099999993
188546.2479999999
188595.75399999996
188630.7549999999
188684.76
188722.76099999994
188746.75399999996
188803.51799999992
188813.75900000008
188813.75399999996
188839.9779999999
188871.41599999997
188913.65100000007
188945.3160000001
188983.63400000008
189004.7890000001
189013.98600000003
189050.84899999993
189077.04499999993
189088.24699999997
189256.38199999998
189436.7890000001
189450.79000000004
189459.0
189512.07400000002
189556.9169999999
189652.8019999999
189721.51600000006
189708.67599999998
189702.1640000001
189691.98600000003
189694.86599999992
189664.42200000002
189654.28799999994
189630.23900000006
189606.68500000006
189615.22600000002
189618.44699999993
189633.57000000007
189637.02000000002
189663.32499999995
189673.54099999997
189693.40899999999
189702.54499999993
189739.34000000008
189779.14800000004
189796.45999999996
189843.67400000012
189845.69200000004
189857.60700000008
189867.17299999995
189871.29300000006
189868.8089999999
189869.0220000001
189892.8430000001
189910.6839999999
189925.74
189936.885
189982.51600000006
190013.85100000002
190056.38100000005
190094.7749999999
190094.18500000006
190071.2690000001
190068.9269999999
190060.679
190060.43999999994
190044.26099999994
190017.8799999999
190001.4269999999
189946.93999999994
189933.09899999993
189919.98900000006
189896.42299999995
189844.92599999998
189801.68200000003
189811.05799999996
189788.5120000001
189799.9609999999
189793.06199999992
189804.52799999993
189804.25
189810.7350000001
189801.82199999993
189818.35700000008
189818.9310000001
189864.89299999992
189911.608
189935.04099999997
189961.1810000001
189983.96600000001
190003.83000000007
190065.071
190170.3529999999
190217.09400000004
190300.1499999999
190323.37599999993
190345.902
190371.64800000004
190412.44500000007
190459.8670000001
190484.19699999993
190525.2520000001
190541.331
190549.831
190574.4310000001
190588.83899999992
190613.26799999992
190628.64100000006
190653.9339999999
190708.43200000003
190721.51099999994
190752.8430000001
190774.608
190799.4140000001
190823.25699999998
190846.0120000001
190864.6499999999
190889.07599999988
190931.7420000001
191008.68500000006
191035.5290000001
191066.61100000003
191080.8089999999
191105.93299999996
191120.25900000008
191190.13599999994
191217.89500000002
191237.375
191267.69999999995
191295.34700000007
191343.65599999996
191384.2450000001
191415.6440000001
191477.95500000007
191504.6029999999
191604.4580000001
191635.22600000002
191674.4979999999
191714.4480000001
191737.30700000003
191772.8940000001
191824.152
191877.59400000004
191917.71399999992
191938.12199999997
191960.4779999999
191988.20900000003
192010.7479999999
192036.92500000005
192072.7890000001
192102.7379999999
192127.47999999998
192193.24900000007
192218.7620000001
192293.74099999992
192381.88100000005
192401.8770000001
192417.84400000004
192438.58700000006
192461.3289999999
192503.47999999998
192512.3940000001
192522.40500000003
192548.84899999993
192561.95200000005
192584.6540000001
192625.19900000002
192645.28099999996
192656.04000000004
192685.42999999993
192728.13899999997
192725.14599999995
192731.0959999999
192755.10400000005
192780.93500000006
192803.08899999992
192797.929
192806.3770000001
192830.42299999995
192903.17200000002
193305.96900000004
193322.2309999999
193338.3600000001
193361.95299999998
193413.86899999995
193440.93299999996
193463.18800000008
193477.56300000008
193516.5020000001
193542.96200000006
193579.44999999995
193604.74699999997
193645.4310000001
193682.15100000007
193713.787
193727.875
193754.74399999995
193804.64599999995
193892.40899999999
193917.7279999999
193967.8629999999
193976.59899999993
193990.7450000001
194021.267
194050.71900000004
194110.54900000012
194113.4809999999
194135.9269999999
194149.7790000001
194164.09400000004
194179.0290000001
194202.63199999998
194231.0390000001
194241.03600000008
194243.8770000001
194288.1640000001
194314.67500000005
194335.21600000001
194364.54799999995
194399.135
194428.60700000008
194465.983
194486.314
194521.44200000004
194552.32499999995
194563.1470000001
194568.99600000004
194578.608
194575.3700000001
194554.84499999997
194558.1059999999
194545.19999999995
194536.6810000001
194525.88100000005
194519.8670000001
194525.0149999999
194519.4580000001
194516.544
194534.92800000007
194542.45500000007
194561.3359999999
194576.679
194610.01399999997
194655.625
194689.23900000006
194715.20900000003
194739.32599999988
194752.29099999997
194770.82199999993
194809.17500000005
194835.32000000007
194860.1810000001
194879.4750000001
194914.52000000002
194932.8019999999
194943.97999999998
194955.94900000002
194984.6440000001
195003.17999999993
195034.64800000004
195131.74699999997
195268.7479999999
195357.65500000003
195384.4210000001
195389.8629999999
195405.95699999994
195421.88100000005
195401.09700000007
195389.94999999995
195387.58499999996
195386.7350000001
195376.0460000001
195386.88800000004
195400.67999999993
195416.8829999999
195441.39100000006
195469.03000000003
195498.2080000001
195518.43200000003
195548.38199999998
195579.9580000001
195586.63800000004
195596.79900000012
195605.1129999999
195625.767
195638.88100000005
195639.84499999997
195642.7379999999
195643.088
195657.0049999999
195660.36100000003
195665.19299999997
195669.00699999998
195673.35700000008
195675.02000000002
195705.15299999993
195715.9480000001
195723.41500000004
195736.446
195753.26
195770.77399999998
195786.68800000008
195794.1100000001
195796.48399999994
195820.1810000001
195845.30300000007
195863.831
195864.82199999993
195949.57499999995
195961.89299999992
195987.42599999998
196071.28399999999
196108.99
196126.4310000001
196151.70699999994
196180.97900000005
196206.55700000003
196276.15500000003
196291.0930000001
196313.54900000012
196321.5220000001
196376.6499999999
196760.26300000004
196906.66100000008
196911.64500000002
196904.70200000005
196897.686
196905.17400000012
196911.58700000006
196909.59700000007
196902.17999999993
196904.9169999999
196905.1569999999
196909.79499999993
196906.723
196903.098
196922.22399999993
196885.608
196882.10499999998
196850.66599999997
196858.50900000008
196866.385
196866.92800000007
196852.277
196852.1440000001
196876.09100000001
196887.5049999999
196911.21399999992
196925.7250000001
196950.37599999993
196707.66299999994
196655.6370000001
196632.4040000001
196602.32799999998
196576.83899999992
196554.1669999999
196516.2620000001
196495.1299999999
196481.57000000007
196473.9680000001
196484.42599999998
196495.07000000007
196519.90599999996
196536.70500000007
196565.19900000002
196554.06799999997
196574.40899999999
196567.17400000012
196591.99399999995
196621.29300000006
196637.72900000005
196650.919
196691.00099999993
196736.919
196772.52099999995
196795.1200000001
196803.1299999999
196869.4920000001
196869.10499999998
196877.1200000001
196878.3670000001
196882.0959999999
196908.04499999993
196924.49099999992
196945.16800000006
196954.88199999998
196976.30300000007
196996.9310000001
197024.142
197044.11899999995
197054.402
197076.2690000001
197112.19200000004
197135.0390000001
197208.1499999999
197247.17400000012
197287.30000000005
197332.9269999999
197427.06199999992
197428.78499999992
197436.93299999996
197437.86199999996
197428.03600000008
197435.615
197435.15500000003
197419.82499999995
197419.936
197431.179
197446.821
197468.35400000005
197476.686
197477.19500000007
197480.81300000008
197477.6810000001
197489.463
197479.74
197481.58000000007
197485.14299999992
197502.39299999992
197529.39899999998
197527.2420000001
197510.11199999996
197506.45699999994
197508.79900000012
197515.04499999993
197516.929
197560.69699999993
197581.331
197638.72200000007
197670.28099999996
197675.32199999993
197673.17800000007
197681.6640000001
197718.25399999996
197755.82400000002
197776.93500000006
197777.54099999997
197808.037
197826.4040000001
197846.65800000005
197863.07000000007
197880.56799999997
197905.76099999994
197934.571
197955.57499999995
197970.45699999994
197986.733
197992.7209999999
198010.6839999999
198108.38899999997
198130.83899999992
198158.83499999996
198181.8430000001
198215.3359999999
198230.93699999992
198280.53799999994
198298.63599999994
198334.84100000001
198365.33899999992
198386.939
198401.33499999996
198411.23600000003
198426.8430000001
198445.04300000006
198462.1370000001
198483.14100000006
198506.3430000001
198524.73600000003
198540.84000000008
198574.24399999995
198601.5390000001
198625.74900000007
198681.34400000004
198704.54499999993
198754.35100000002
198787.95099999988
198905.60899999994
198883.0519999999
198962.15599999996
199063.4609999999
199213.86100000003
199243.061
199287.365
199289.9709999999
199300.96999999997
199242.36100000003
199213.1499999999
199292.554
199284.24600000004
199288.44900000002
199313.5460000001
199389.1440000001
199352.4480000001
199326.4439999999
199287.73699999996
199291.7379999999
199299.936
199301.44200000004
199320.54300000006
199321.14299999992
199340.43699999992
199349.0390000001
199356.04000000004
199367.74
199420.93299999996
199443.34000000008
199458.83400000003
199464.5390000001
199480.63599999994
199479.10100000002
199467.62800000003
199459.84000000008
199496.4480000001
199538.74300000002
199571.55099999998
199610.8430000001
199629.1470000001
199644.55000000005
199666.75300000003
199685.6440000001
199705.44699999993
199725.3430000001
199746.848
199769.94900000002
199792.44999999995
199813.45099999988
199855.84700000007
199877.44900000002
199937.15500000003
199971.04900000012
199984.3559999999
199989.55799999996
199995.8600000001
200210.55099999998
200228.49900000007
200331.66100000008
200643.81700000004
200659.06199999992
200776.66800000006
200894.57199999993
200929.17599999998
201011.679
201112.875
201210.14800000004
201509.21900000004
201548.61800000002
201585.3970000001
201604.59499999997
201611.811
201626.64500000002
201674.28300000005
201732.0049999999
201793.34400000004
201835.72200000007
201866.456
201888.51399999997
201923.314
201952.46900000004
201956.33899999992
201964.33700000006
201977.07000000007
202000.3729999999
202020.66800000006
202036.79499999993
202061.7180000001
202114.9809999999
202190.57599999988
202199.4709999999
202210.74099999992
202221.45999999996
202339.44299999997
202392.52799999993
202452.2620000001
202501.36199999996
202513.73600000003
202542.99900000007
202571.79799999995
202617.61800000002
202675.51099999994
202707.01300000004
202739.78399999999
202898.19200000004
203007.34700000007
203039.47699999996
203092.31300000008
203201.88400000008
203234.777
203283.51399999997
203314.45699999994
203338.4979999999
203340.98699999996
203357.20900000003
203370.929
203370.963
203370.98600000003
203383.037
203398.41100000008
203404.32400000002
203413.69500000007
203417.43200000003
203421.86199999996
203425.65999999992
203446.92400000012
203458.15100000007
203490.22999999998
203502.4709999999
203507.03300000005
203513.6000000001
203515.67800000007
203523.19999999995
203525.6170000001
203539.15100000007
203555.55799999996
203558.1440000001
203564.37899999996
203569.9979999999
203574.8160000001
203590.56199999992
203602.43699999992
203613.9809999999
203623.892
203645.527
203653.4750000001
203662.18699999992
203668.9210000001
203678.8999999999
203697.78300000005
203705.71999999997
203710.892
203715.9069999999
203722.1170000001
203732.39500000002
203747.35499999998
203761.1029999999
203765.86100000003
203768.4979999999
203778.00699999998
203790.26300000004
203790.419
203799.57199999993
203805.68500000006
203817.06199999992
203824.8019999999
203833.5460000001
203844.929
203860.8629999999
203876.26799999992
203882.08899999992
203884.6810000001
203896.6059999999
203915.09499999997
203930.46200000006
203936.93800000008
203950.8430000001
203955.3330000001
203962.84000000008
203967.54099999997
203971.03499999992
203975.62599999993
203980.43699999992
203988.40500000003
203992.90899999999
204000.01099999994
204005.3230000001
204011.66100000008
204018.18500000006
204026.70299999998
204030.26300000004
204033.52099999995
204037.3430000001
204051.7250000001
204061.2080000001
204064.06300000008
204065.70999999996
204073.2649999999
204080.03099999996
204092.34899999993
204101.05700000003
204102.831
204110.59000000008
204119.6839999999
204125.58700000006
204152.071
204159.429
204168.26099999994
204180.294
204188.02799999993
204209.40299999993
204207.2039999999
204206.858
204211.1569999999
204211.17500000005
204215.93999999994
204220.804
204226.53499999992
204229.95099999988
204264.7549999999
204265.03399999999
204265.10400000005
204265.223
204265.27000000002
204852.6569999999
204883.0660000001
204999.7790000001
205057.686
205096.4779999999
205192.68200000003
205247.68699999992
205214.8529999999
205157.77600000007
205130.69299999997
205106.68200000003
205096.5730000001
205012.6769999999
204999.77399999998
204877.67400000012
204392.55799999996
204178.16599999997
203982.54099999997
203557.436
203117.42800000007
202767.42599999998
202412.30499999993
201742.2919999999
201317.19299999997
201109.689
200979.39100000006
200877.179
200809.3970000001
200808.44900000002
200809.2080000001
200824.5959999999
200835.02300000004
200834.365
200835.46999999997
200836.29900000012
200851.0319999999
200861.41999999993
200862.29499999993
200839.06000000006
200659.0290000001
200594.71999999997
200545.1170000001
200544.02099999995
200548.28799999994
200543.14100000006
200565.51
200556.90299999993
200554.7649999999
200588.16599999997
200592.67500000005
200580.267
200574.06799999997
200574.06700000004
200571.24300000002
200570.56700000004
200572.46500000008
200578.82400000002
200569.4169999999
200558.07499999995
200557.57000000007
200581.26799999992
200545.42299999995
200542.892
200538.625
200541.71999999997
200554.47699999996
200557.32400000002
200555.027
200560.27399999998
200555.47200000007
200546.8729999999
200548.17599999998
200531.375
200557.3700000001
200557.37599999993
200556.71999999997
200554.6769999999
200544.02799999993
200531.0220000001
200528.02099999995
200525.6270000001
200519.37199999997
200517.625
200517.321
200518.5789999999
200521.08000000007
200520.77799999993
200518.0789999999
200518.82199999993
200520.7309999999
200524.77799999993
200524.9750000001
200526.027
200527.52300000004
200531.38199999998
200533.37800000003
200537.62899999996
200527.42800000007
200514.483
200509.8289999999
200485.32400000002
200481.27399999998
200477.8770000001
200475.34499999997
200475.67599999998
200485.56000000006
200487.473
200484.47999999998
200492.88100000005
200503.58400000003
200502.95699999994
200498.1980000001
200491.23900000006
200485.19299999997
200485.22999999998
200482.22999999998
200474.858
200475.0519999999
200480.10400000005
200483.45200000005
200484.09899999993
200481.94999999995
200485.652
200484.66800000006
200479.74099999992
200475.561
200477.80499999993
200478.16100000008
200477.21900000004
200473.277
200470.6640000001
200459.22399999993
200451.3529999999
200449.95299999998
200436.7890000001
200434.17400000012
200434.18699999992
200431.75699999998
200422.196
200420.42400000012
200412.439
200404.1710000001
200396.5419999999
200390.68699999992
200374.09899999993
200367.44500000007
200363.36199999996
200352.71699999995
200351.86800000002
200348.36899999995
200350.03300000005
200347.713
200340.65599999996
200342.91800000006
200341.90500000003
200338.50699999998
200309.38599999994
200307.52399999998
200300.35899999994
200293.00900000008
200290.6329999999
200279.33000000007
200280.73200000008
200280.9950000001
200276.10700000008
200268.29000000004
200262.2690000001
200259.03000000003
200255.6769999999
200256.18699999992
200268.3870000001
200263.9169999999
200249.99399999995
200252.7450000001
200241.80099999998
200231.45699999994
200233.08199999994
200221.17599999998
200213.9410000001
200210.162
200204.8870000001
200207.5390000001
200206.7180000001
200201.39599999995
200199.48699999996
200202.17400000012
200204.43500000006
200202.17599999998
200194.142
200186.79499999993
200180.8899999999
200178.52799999993
200170.75300000003
200161.45099999988
200148.87899999996
200139.31199999992
200138.4169999999
200144.26
200146.7180000001
200146.17999999993
200149.57599999988
200151.55099999998
200158.72900000005
200158.287
200161.4480000001
200178.28099999996
200187.83199999994
200192.96500000008
200196.83899999992
200198.50099999993
200203.30700000003
200198.2350000001
200192.74699999997
200190.625
200188.7690000001
200193.9210000001
200193.1200000001
200190.42400000012
200182.05099999998
200171.12100000004
200159.01
200159.50399999996
200155.5789999999
200151.2960000001
200155.16299999994
200152.98399999994
200151.196
200155.686
200157.3899999999
200157.017
200152.848
200150.18800000008
200143.75399999996
200136.6640000001
200128.5589999999
200125.26099999994
200127.24600000004
200123.22399999993
200123.061
200124.66999999993
200127.11800000002
200126.20200000005
200121.68500000006
200121.08899999992
200117.53399999999
200121.32000000007
200122.29499999993
200119.338
200115.2919999999
200111.2919999999
200110.40100000007
200117.8289999999
200116.88199999998
200110.29499999993
200107.10199999996
200108.831
200106.32599999988
200109.52099999995
200110.2109999999
200114.61899999995
200117.41500000004
200114.90100000007
200102.27600000007
200093.8529999999
200089.71900000004
200088.22200000007
200083.2690000001
200068.02399999998
200064.45699999994
200063.66999999993
200054.88899999997
200045.33499999996
200040.59700000007
200037.10700000008
200027.6640000001
200027.412
200025.527
200019.92299999995
200016.483
200009.95500000007
199994.77600000007
199985.1059999999
199976.2790000001
199968.67200000002
199969.49600000004
199961.71600000001
199956.0519999999
199954.99
199961.55799999996
199965.429
199962.68299999996
199959.98399999994
199963.517
199960.50600000005
199961.0249999999
199958.15100000007
199960.3729999999
199981.963
199988.7279999999
199995.45699999994
199994.08199999994
199991.80000000005
199992.60199999996
199996.73200000008
199993.0120000001
199996.95999999996
200002.179
200008.41599999997
200011.892
200017.2080000001
200024.72200000007
200033.60400000005
200040.1769999999
200041.3189999999
200044.81700000004
200044.85100000002
200046.0290000001
200054.23200000008
200064.088
200064.42299999995
200061.6669999999
200063.20999999996
200065.304
200061.74399999995
200062.11899999995
200057.85400000005
200056.45699999994
200061.36199999996
200061.65999999992
200058.05099999998
200058.3459999999
200059.23399999994
200056.66999999993
200063.69999999995
200069.581
200074.6399999999
200080.885
200087.18200000003
200090.625
200093.6440000001
200095.16999999993
200094.87100000004
200096.03799999994
200101.6299999999
200113.20299999998
200116.98200000008
200120.42800000007
200133.71399999992
200140.91999999993
200143.10199999996
200144.46999999997
200141.64899999998
200145.1980000001
200145.07199999993
200150.66999999993
200152.61400000006
200153.46699999995
200157.1910000001
200164.34000000008
200168.2690000001
200180.1270000001
200178.30799999996
200170.28399999999
200163.43999999994
200165.97999999998
200172.96500000008
200179.0220000001
200185.19200000004
200192.43200000003
200197.615
200190.95699999994
200185.15999999992
200176.68299999996
200170.72399999993
200163.38899999997
200165.8289999999
200164.5789999999
200164.24399999995
200164.615
200156.28399999999
200151.27799999993
200141.0930000001
200139.2350000001
200129.4580000001
200128.794
200128.52799999993
200127.35199999996
200125.59000000008
200130.84499999997
200134.20500000007
200134.9809999999
200154.27000000002
200160.08199999994
200173.3799999999
200182.99399999995
200190.28399999999
200194.57599999988
200207.52399999998
200216.60199999996
200219.98699999996
200225.36599999992
200232.5049999999
200238.51300000004
200244.75699999998
200256.0419999999
200258.47900000005
200256.77099999995
200257.95999999996
200265.82199999993
200269.929
200279.76300000004
200288.31000000006
200292.08899999992
200302.64599999995
200302.1910000001
200308.65800000005
200315.0290000001
200302.26099999994
200305.54799999995
200301.21200000006
200303.93800000008
200299.5120000001
200302.12199999997
200309.564
200310.90299999993
200308.4040000001
200310.2080000001
200315.78499999992
200306.2960000001
200295.06799999997
200290.20299999998
200239.3019999999
200222.0020000001
200206.50300000003
200176.69900000002
200147.8060000001
200107.30499999993
200089.90299999993
200040.50399999996
200023.598
200007.9069999999
199971.20299999998
199943.70699999994
199933.00300000003
199927.40299999993
199916.60499999998
199912.70500000007
199903.1059999999
199898.10199999996
199884.90500000003
199872.9069999999
199778.80799999996
199709.30700000003
199568.30300000007
199528.41100000008
199512.50699999998
199496.7080000001
199478.70699999994
199441.81199999992
199422.71200000006
199386.70999999996
199350.7080000001
199310.50900000008
198961.41299999994
198803.91800000006
198764.9210000001
198722.61199999996
198290.017
198187.2180000001
198161.42500000005
198141.8189999999
198123.61800000002
198092.82700000005
198075.5249999999
198058.72399999993
198042.125
198024.6229999999
198006.32700000005
197982.2250000001
197967.92400000012
197948.92599999998
197928.92200000002
197829.32700000005
197791.12400000007
197774.027
197742.6270000001
197725.52099999995
197664.82499999995
197646.5249999999
197612.517
197587.3230000001
197604.02300000004
197550.82400000002
197526.21900000004
197510.02300000004
197499.21399999992
197480.9169999999
197465.919
197464.919
197450.0220000001
197411.11199999996
197408.02000000002
197395.321
197349.814
197336.71600000001
197319.21900000004
197293.6170000001
197277.01300000004
197260.01600000006
197231.115
197184.811
197097.1100000001
197051.00600000005
197012.81499999994
197010.52300000004
197010.27399999998
197008.777
197045.20299999998
197061.4809999999
197038.8060000001
197039.86100000003
197058.87400000007
197056.7919999999
197068.67200000002
197070.412
197105.456
197122.69699999993
197147.80499999993
197140.88100000005
197168.53099999996
197178.1769999999
197168.82400000002
197166.6100000001
197166.3089999999
197160.311
197123.0319999999
197145.115
197176.95200000005
197185.22200000007
197175.287
197169.92299999995
197254.1170000001
197247.90599999996
197268.10899999994
197296.87100000004
197328.67400000012
197353.80799999996
197392.027
197463.28600000008
197468.07199999993
197545.6910000001
197563.2209999999
197556.6839999999
197573.608
197579.14800000004
197618.05099999998
197631.6440000001
197691.5120000001
197739.23399999994
197758.37899999996
197785.28399999999
197780.22699999996
197787.71900000004
197833.02000000002
197852.02799999993
197849.22900000005
197836.42500000005
197877.8289999999
197927.16800000006
197944.64800000004
197932.8629999999
197954.4539999999
198009.45699999994
198018.78300000005
197990.2479999999
198019.86899999995
198031.67999999993
198047.75900000008
198042.55499999993
198071.53600000008
198105.92999999993
198121.71600000001
198202.5419999999
198187.70500000007
198217.70500000007
198239.7080000001
198284.706
198269.70299999998
198272.69999999995
198287.706
198317.70099999988
198352.70699999994
198367.69999999995
198404.69999999995
198439.7080000001
198439.70299999998
198424.7039999999
198424.70500000007
198472.7039999999
198502.69999999995
198502.706
198532.6980000001
198562.70200000005
198597.7080000001
198659.69999999995
198702.70200000005
198724.7080000001
198739.70699999994
198747.70299999998
198724.70099999988
198687.696
198672.6980000001
198689.6980000001
198749.69999999995
198767.70299999998
198779.69900000002
198769.6939999999
198704.696
198724.6980000001
198742.70200000005
198747.70299999998
198759.696
198794.70200000005
198832.696
198884.69699999993
198929.69699999993
198954.69999999995
198977.696
199022.69699999993
199062.7039999999
199079.69999999995
199037.696
199009.70299999998
199009.69900000002
198927.69500000007
198912.69900000002
198904.6910000001
198932.69699999993
198997.69699999993
199039.69200000004
199079.6910000001
199084.69900000002
199084.6910000001
199104.696
199114.69500000007
199132.6980000001
199154.69900000002
199177.6910000001
199197.696
199229.69200000004
199194.68999999994
199212.696
199222.69500000007
199239.68999999994
199239.69200000004
199234.69699999993
199257.696
199274.69500000007
199252.69299999997
199272.69500000007
199309.6939999999
199337.689
199337.69299999997
199317.6910000001
199309.68999999994
199314.68999999994
199332.69299999997
199327.69200000004
199329.6939999999
199352.68999999994
199372.6910000001
199399.68699999992
199414.6939999999
199429.69299999997
199437.689
199442.68999999994
199457.6939999999
199439.6910000001
199504.68800000008
199537.69200000004
199577.68800000008
199632.68699999992
199662.686
199672.12199999997
199694.68500000006
199789.68999999994
199667.68500000006
199597.68299999996
199439.686
198874.68200000003
198879.6810000001
198832.68299999996
198804.68800000008
198797.686
198799.68299999996
198797.68500000006
198767.686
198742.68500000006
198734.6810000001
198727.68699999992
198717.6910000001
198669.68200000003
198657.6810000001
198647.68200000003
198624.68500000006
198577.689
198632.69200000004
198732.6939999999
198784.69299999997
198842.689
198897.69200000004
198942.69900000002
198972.69699999993
199074.69500000007
199117.69699999993
199169.69299999997
199189.69200000004
199239.69900000002
199299.696
199322.69699999993
199372.6980000001
199392.70099999988
199377.6980000001
199379.7039999999
199389.70500000007
199414.69699999993
199422.7039999999
199492.70099999988
199492.7039999999
199524.7039999999
199569.7080000001
199657.70299999998
199702.70900000003
199836.3970000001
199842.19999999995
199532.59000000008
199402.12400000007
199276.97200000007
199239.11100000003
199225.65800000005
199047.36199999996
198997.42500000005
198947.0149999999
198907.78300000005
198773.6029999999
198646.63899999997
198576.47999999998
198516.4950000001
198372.82799999998
198342.23699999996
198294.99399999995
198246.8770000001
198204.53799999994
198040.162
197934.8829999999
197800.03099999996
197748.3089999999
197407.70200000005
197251.69999999995
197120.1939999999
196923.6939999999
196537.6910000001
196350.19999999995
196122.19699999993
196200.19500000007
196324.706
196328.88800000004
196354.63599999994
196391.63599999994
196413.28099999996
196467.70099999988
196476.8600000001
196488.9310000001
196514.706
196540.68200000003
196561.73699999996
196603.74
196628.135
196683.52600000007
196725.46399999992
196747.19999999995
196782.8799999999
196815.11599999992
196810.52300000004
196799.706
196779.70999999996
196732.7109999999
196717.706
196702.70900000003
196667.70999999996
196622.70900000003
196607.71200000006
196524.70999999996
196459.70900000003
196429.7039999999
196407.70299999998
196374.706
196347.70699999994
196302.706
196224.706
196184.70500000007
196152.7080000001
196114.7080000001
196079.70299999998
195989.706
195922.69999999995
195882.69900000002
195822.70200000005
195789.69900000002
195767.70299999998
195734.70699999994
195707.70200000005
195684.70099999988
195612.696
195589.69999999995
195557.69900000002
195514.69900000002
195489.70099999988
195444.69900000002
195417.69699999993
195387.69500000007
195337.70099999988
195284.6980000001
195009.69500000007
194744.69699999993
194497.68999999994
194282.68699999992
194047.69200000004
193999.68800000008
193972.69299999997
193669.689
193657.69200000004
193678.56199999992
193698.027
193709.90500000003
193753.63400000008
193790.39299999992
193804.96900000004
193818.49699999997
193838.41599999997
193859.8970000001
193884.642
193903.91999999993
193944.91100000008
193955.3359999999
193979.89299999992
193987.8770000001
193997.885
194021.733
194031.97200000007
194040.92800000007
194070.91999999993
194100.439
194116.4169999999
194150.4850000001
194172.91100000008
194191.66599999997
194204.85899999994
194243.09000000008
194246.0390000001
194284.88400000008
194303.321
194334.80099999998
194373.69500000007
194390.054
194456.08700000006
194475.17299999995
194531.3089999999
194595.32799999998
194598.42400000012
194594.53099999996
194612.5149999999
194633.69500000007
194646.01300000004
194692.58499999996
194692.196
194696.5730000001
194719.47900000005
194720.34499999997
194718.2960000001
194727.65299999993
194729.49699999997
194734.15800000005
194734.5830000001
194748.01799999992
194754.43800000008
194756.4850000001
194750.13599999994
194756.8600000001
194754.0660000001
194761.64899999998
194763.56799999997
194743.1939999999
194743.7690000001
194748.90299999993
194748.00900000008
194730.69999999995
194670.0049999999
194665.49900000007
194653.4040000001
194705.80300000007
194762.90100000007
195096.30000000005
195231.20299999998
195422.40800000005
195600.80499999993
195632.50699999998
195631.31700000004
195623.99099999992
195639.2479999999
195650.89899999998
195637.44200000004
195655.45500000007
195658.50099999993
195689.86800000002
195691.05099999998
195682.43800000008
195687.38100000005
195680.4580000001
195670.25699999998
195655.865
195675.59499999997
195717.3160000001
195756.04300000006
195766.49099999992
195808.3870000001
195827.17500000005
195854.00300000003
195832.15500000003
195861.67299999995
195887.09499999997
195858.93699999992
195879.2450000001
195881.03499999992
195921.75900000008
195953.24600000004
195998.4680000001
196060.135
196180.294
196225.96200000006
196276.3600000001
196269.662
196297.1540000001
196303.7549999999
196293.82400000002
196272.48699999996
196198.94699999993
196218.571
196249.55000000005
196286.62800000003
196334.84700000007
196353.21999999997
196354.1370000001
196364.7919999999
196338.68699999992
196348.18999999994
196394.0319999999
196411.6100000001
196418.35499999998
196440.61599999992
196450.29900000012
196484.838
196501.55300000007
196566.01
196581.6200000001
196611.4750000001
196620.70999999996
196663.287
196610.3629999999
196644.13400000008
196650.1810000001
196689.0149999999
196701.82199999993
196723.3600000001
196803.36800000002
196867.62400000007
196902.24600000004
196914.89299999992
196948.669
196935.973
196942.44500000007
196937.01799999992
196900.60899999994
196954.28099999996
196999.98399999994
197039.30499999993
197084.946
197082.9779999999
197133.61800000002
197125.15800000005
197115.59199999995
197091.804
197124.43299999996
197156.90500000003
197169.29799999995
197178.206
197208.9140000001
197226.91599999997
197251.0930000001
197288.1769999999
197305.99600000004
197318.67500000005
197320.83700000006
197341.14500000002
197362.34400000004
197384.304
197409.0660000001
197430.1939999999
197436.0020000001
197499.07799999998
197514.97699999996
197534.1540000001
197553.8330000001
197569.9779999999
197573.20299999998
197551.25600000005
197581.29300000006
197600.59199999995
197614.67299999995
197202.80799999996
196999.00099999993
196889.09700000007
196833.53099999996
196776.75600000005
196756.2549999999
196714.45900000003
196497.9920000001
196104.96600000001
195973.28099999996
195949.9809999999
195912.18200000003
195867.875
195723.77600000007
195724.7890000001
195690.58199999994
195666.53499999992
195606.28499999992
195600.06799999997
195600.03499999992
195623.2279999999
195611.9040000001
195554.62400000007
195542.82599999988
195524.13100000005
195516.65800000005
195511.36199999996
195373.16599999997
195250.8670000001
195101.75699999998
195046.76300000004
194822.26399999997
194368.8500000001
194326.25600000005
194095.6499999999
193918.6470000001
193319.02600000007
193162.32799999998
192696.115
192448.71900000004
192436.87599999993
192421.94999999995
192395.03000000003
192349.2720000001
192350.03399999999
192339.82400000002
192343.63400000008
192326.0959999999
192298.69900000002
192287.09199999995
192258.88400000008
192243.44200000004
192242.48900000006
192236.77399999998
192215.28499999992
192204.02099999995
192212.135
192207.44299999997
192192.78099999996
192181.80000000005
192133.53099999996
192078.31300000008
192068.03300000005
192041.375
192004.17800000007
191971.76300000004
191930.10400000005
191923.09199999995
191887.09499999997
191868.85899999994
191843.7250000001
191802.60199999996
191785.517
191740.483
191690.23699999996
191634.45200000005
191602.46999999997
191577.62199999997
191552.63800000004
191567.77799999993
191569.33000000007
191560.18200000003
191511.21999999997
191505.6059999999
191488.3359999999
191480.4410000001
191469.4310000001
191433.43299999996
191430.348
191419.32499999995
191328.767
191321.96999999997
191310.9680000001
191219.14800000004
191175.16999999993
191174.01099999994
191105.60199999996
191031.20999999996
190989.89899999998
191001.74
190986.42299999995
190953.48200000008
190945.26799999992
190949.63400000008
190945.50699999998
190970.58700000006
190961.56199999992
190973.05300000007
190960.37199999997
190993.2549999999
191006.35199999996
191034.20500000007
191032.92400000012
191002.8459999999
190982.93500000006
190946.689
190905.82000000007
190772.7579999999
190742.20200000005
190677.9680000001
190600.1470000001
190519.95200000005
190483.67800000007
190455.53499999992
190413.9920000001
190339.564
190326.9809999999
190298.24399999995
190255.28300000005
190214.42299999995
190150.18299999996
190121.7919999999
190093.93500000006
190077.3899999999
189946.767
189924.32799999998
189903.23699999996
189879.9539999999
189829.8459999999
189798.54300000006
189745.76399999997
189706.65800000005
189697.56300000008
189683.2080000001
189623.331
189609.31000000006
189626.6170000001
189612.83700000006
189589.66299999994
189556.55000000005
189518.213
189513.1399999999
189519.6000000001
189478.51099999994
189413.43699999992
189404.23600000003
189378.108
189355.42599999998
189340.44299999997
189305.02000000002
189268.45699999994
189237.3559999999
189218.0120000001
189191.064
189149.28300000005
189113.135
189093.06199999992
189079.7690000001
189063.06499999994
189036.97600000002
189005.68299999996
188953.77799999993
188916.65899999999
188882.72200000007
188867.87199999997
188873.76600000006
188839.75900000008
188801.75900000008
188772.5220000001
188739.294
188712.29300000006
188672.32499999995
188612.34899999993
188600.85400000005
188498.92999999993
188412.48200000008
188359.99099999992
188291.287
188260.29499999993
188224.4140000001
188119.33000000007
188070.16100000008
188019.07499999995
187931.0149999999
187447.419
186445.946
186091.46399999992
185982.2309999999
185877.49099999992
185705.098
185645.47600000002
185617.8289999999
185564.51600000006
185535.6669999999
185481.64100000006
185466.93999999994
185419.30099999998
185370.89500000002
185341.27000000002
185240.99099999992
185194.1810000001
185165.37100000004
185147.6769999999
185142.0730000001
185119.4850000001
185101.686
185084.74300000002
185054.83499999996
185039.1569999999
184989.6980000001
184938.9750000001
184932.07799999998
184935.87800000003
184942.59899999993
184899.82499999995
184876.74300000002
184857.57199999993
184852.6329999999
184833.44500000007
184819.2180000001
184716.10199999996
184708.83400000003
184681.56000000006
184660.3289999999
184624.04099999997
184542.4269999999
184523.4779999999
184468.93999999994
184397.5079999999
184326.8729999999
184295.36899999995
184256.30700000003
184195.10499999998
184141.78300000005
184121.429
184103.3459999999
184069.15100000007
184039.46399999992
183991.44500000007
183973.70900000003
183947.21600000001
183921.41500000004
183896.17999999993
183866.78799999994
183775.64899999998
183635.21200000006
183554.3870000001
183497.83400000003
183441.01
183448.679
183439.814
183455.196
183454.53600000008
183460.90599999996
183447.91599999997
183463.098
183615.0660000001
183608.9609999999
183626.9809999999
183618.37400000007
183610.11899999995
183619.06300000008
183599.162
183539.804
183507.8870000001
183481.56799999997
183450.9069999999
183379.49
183343.72900000005
183323.23600000003
183308.40899999999
183291.2039999999
183279.09899999993
183269.412
183212.68299999996
183142.88800000004
183075.8330000001
182976.81300000008
182903.83899999992
182869.83700000006
182845.2479999999
182812.47399999993
182722.61199999996
182607.92800000007
182517.0789999999
182478.24699999997
182435.4879999999
182368.28499999992
182314.38899999997
182225.84400000004
182177.8359999999
182158.07000000007
182125.0249999999
182025.561
181937.82400000002
181903.811
181864.78499999992
181830.37100000004
181785.064
181762.96200000006
181721.6270000001
181680.13599999994
181605.69999999995
181550.05000000005
181502.17500000005
181444.713
181248.7109999999
181200.82199999993
181179.67400000012
180939.0519999999
180760.723
180674.7890000001
180467.152
180317.6399999999
180285.6839999999
180252.94500000007
180223.3459999999
180183.0689999999
180179.277
180188.7579999999
180196.6270000001
180240.68200000003
180303.64100000006
180313.865
180333.37400000007
180357.34100000001
180358.811
180363.78799999994
180337.06000000006
180293.79099999997
180243.82599999988
180221.93999999994
180205.53000000003
180187.40500000003
180169.2039999999
180146.61800000002
180117.2420000001
180105.43200000003
180090.06799999997
180054.9439999999
180038.1029999999
180007.69900000002
179985.2520000001
179959.57799999998
179925.0390000001
179877.42200000002
179846.78099999996
179811.79300000006
179735.09000000008
179674.65299999993
179657.23699999996
179639.65500000003
179606.57400000002
179551.37100000004
179506.58199999994
179469.00099999993
179464.58400000003
179395.93999999994
179361.71600000001
179308.439
179276.0589999999
179151.94699999993
179128.4539999999
179016.233
178934.777
178879.821
178688.31700000004
178564.18800000008
178547.29499999993
178495.2919999999
178470.18999999994
178366.94200000004
178326.8940000001
178300.635
178266.68500000006
178253.0020000001
178226.94900000002
178151.5460000001
178109.706
178078.6540000001
177997.01399999997
177632.6170000001
177154.51399999997
177154.6769999999
177141.32799999998
177124.75
177112.25699999998
177042.45999999996
177000.20699999994
176972.84499999997
176946.07599999988
176902.11800000002
176921.13800000004
176893.41999999993
176895.3970000001
176843.97399999993
176823.81700000004
176802.7109999999
176772.5120000001
176724.2479999999
176709.713
176614.47999999998
176567.044
176548.69200000004
176524.2479999999
176485.06300000008
176515.8359999999
176505.43200000003
176505.1170000001
176501.74699999997
176507.43500000006
176501.0959999999
176508.46600000001
176474.25900000008
176465.51099999994
176448.44699999993
176404.287
176351.186
176334.74399999995
176313.87100000004
176288.0079999999
176237.62400000007
176197.41500000004
176176.831
176112.8700000001
176285.74300000002
176433.65999999992
176459.89599999995
176485.53000000003
176494.75900000008
176523.84000000008
176537.044
176542.64100000006
176568.7080000001
176587.20500000007
176628.71399999992
176657.03300000005
176696.88800000004
176720.152
176749.58499999996
176786.294
176815.06199999992
176852.6029999999
176877.80700000003
176889.4140000001
176948.1939999999
176998.66500000004
177100.2080000001
177123.5589999999
177146.2919999999
177228.6839999999
177275.08899999992
177333.24699999997
177373.26099999994
177401.26399999997
177415.07700000005
177421.53499999992
177421.97999999998
177432.32000000007
177443.929
177460.26600000006
177501.4879999999
177518.5249999999
177582.73699999996
177593.38100000005
177688.77000000002
177718.21900000004
177737.72900000005
177762.36400000006
177780.60199999996
177819.49699999997
177839.9339999999
177879.23699999996
177902.0830000001
177889.79700000002
177890.31700000004
177915.35199999996
177922.97200000007
177886.95900000003
177856.61899999995
177823.973
177812.60499999998
177755.68200000003
177730.767
177710.84700000007
177619.88400000008
177583.70900000003
177565.08700000006
177553.55499999993
177494.8870000001
177457.23600000003
177252.62100000004
177167.86899999995
177097.79499999993
177066.63100000005
176972.32199999993
176913.0660000001
176833.054
176783.7620000001
176676.66599999997
176641.48399999994
176621.88100000005
176590.6100000001
176444.48600000003
176422.45699999994
176348.6810000001
176277.21999999997
176234.40100000007
176172.76099999994
176139.3089999999
176127.6499999999
175422.54300000006
175360.64800000004
175228.69900000002
174964.64500000002
174928.642
174890.61100000003
174871.11899999995
174821.88899999997
174772.4210000001
174708.64500000002
174640.64500000002
174633.64500000002
174536.46699999995
174471.6470000001
174354.90500000003
174279.94500000007
174228.22600000002
174220.47699999996
174202.4850000001
174132.0149999999
174072.04700000002
174017.571
173981.09000000008
173925.642
173865.10499999998
173838.162
173774.8500000001
173723.62100000004
173658.3829999999
173634.39599999995
173654.6370000001
173641.7919999999
173637.51
173656.60100000002
173609.31000000006
173567.02000000002
173560.115
173473.436
173438.7309999999
173376.88800000004
173332.7109999999
173277.71500000008
173198.07599999988
173170.848
173152.47699999996
173052.94200000004
173021.439
172964.2479999999
172904.33000000007
172895.929
172824.1329999999
172757.598
172903.59199999995
172973.0959999999
172999.62800000003
173023.67500000005
173099.58400000003
173158.89899999998
173163.09700000007
173208.13400000008
173240.811
173242.9709999999
173260.8430000001
173247.05700000003
173208.59899999993
173177.93699999992
173174.67400000012
173176.84400000004
173171.6370000001
173058.2749999999
172960.80799999996
172882.98699999996
172777.56300000008
172690.96200000006
172530.76300000004
172422.84499999997
172198.04900000012
172210.777
172211.43800000008
172247.43500000006
172215.99900000007
172238.5789999999
172288.02399999998
172274.02399999998
172189.9709999999
172125.2649999999
171957.45999999996
171819.42500000005
171703.7579999999
171598.63199999998
171523.45099999988
171346.8089999999
171290.0660000001
171195.52799999993
171167.3729999999
171111.5190000001
171058.875
170971.2690000001
170863.05499999993
170741.99699999997
170695.7720000001
170647.95200000005
170553.29000000004
170422.83700000006
170378.81199999992
170279.6229999999
170242.78000000003
170199.92299999995
170176.63899999997
170139.81700000004
170107.135
170075.2960000001
170050.6200000001
169934.0
169867.92599999998
169820.26099999994
169787.6669999999
169652.2919999999
169608.152
169572.6200000001
169287.1100000001
168863.80799999996
168705.4140000001
168542.40899999999
168342.52399999998
168260.0519999999
168258.79799999995
168254.1669999999
168238.39800000004
168236.36800000002
167927.00600000005
167927.10899999994
167699.49
167246.60499999998
167084.60700000008
167006.08499999996
166938.60199999996
166845.00600000005
166764.51600000006
166695.58700000006
166611.10100000002
166555.6939999999
166496.97600000002
166350.03300000005
166322.86800000002
166234.06300000008
166179.45099999988
166108.80300000007
166093.69299999997
166060.30000000005
166001.20699999994
165958.5220000001
165905.61100000003
165853.83199999994
165760.07000000007
165623.03000000003
165582.45500000007
165532.1499999999
165496.04099999997
165462.25300000003
165469.45900000003
165379.41999999993
165362.1440000001
165352.41500000004
165324.8500000001
165297.5220000001
165253.52000000002
165226.6029999999
165206.3330000001
165197.8289999999
165186.9480000001
165176.48900000006
165143.39299999992
165105.75
165083.70699999994
165048.213
165010.16599999997
164927.0220000001
164926.3670000001
164909.865
164894.45900000003
164869.5519999999
164847.48600000003
164750.76300000004
164694.456
164648.03099999996
164603.91599999997
164585.3160000001
164565.2549999999
164532.858
164468.6299999999
164426.65999999992
164423.60100000002
164389.26300000004
164380.43299999996
164345.59000000008
164305.58000000007
164300.8359999999
164273.588
164232.86800000002
164203.4850000001
164182.3330000001
164113.0290000001
164099.75300000003
164058.32400000002
164004.04700000002
163968.11400000006
163941.56300000008
163891.56199999992
163912.902
163928.1569999999
163941.5730000001
163925.348
163929.96699999995
163921.3529999999
163919.45299999998
163919.59000000008
163908.30799999996
163920.6000000001
163937.8430000001
163568.7479999999
163498.642
163333.33899999992
162760.2350000001
162707.99399999995
162678.07599999988
162631.90800000005
162615.95900000003
162543.7579999999
162526.1200000001
162421.16800000006
162346.47200000007
162316.1170000001
162272.1200000001
162242.23600000003
162201.39599999995
162168.90100000007
162077.01600000006
162060.2250000001
162026.64800000004
162006.45999999996
161976.5930000001
161933.73399999994
161894.88899999997
161873.34700000007
161851.37800000003
161836.65599999996
161823.2819999999
161791.1129999999
161760.15100000007
161747.7819999999
161722.7790000001
161648.85100000002
161559.76300000004
161527.5859999999
161172.97399999993
160949.4809999999
160642.52300000004
160449.8899999999
160305.09100000001
159408.08700000006
159346.7350000001
159331.67200000002
159334.24900000007
159331.581
159336.52799999993
159331.1370000001
159330.09000000008
159324.1839999999
159275.20999999996
159259.89500000002
159235.09499999997
159214.25
159199.6059999999
159195.45699999994
159189.45200000005
159174.956
159168.3359999999
159139.0730000001
159112.05700000003
159037.6980000001
159021.2960000001
159005.4979999999
158942.16599999997
158899.56300000008
158867.42400000012
158849.34899999993
158797.07499999995
158790.2209999999
158768.8230000001
158763.78300000005
158758.33400000003
158770.5419999999
158711.85899999994
158668.11899999995
158617.62800000003
158558.62800000003
158503.69500000007
158433.97999999998
158383.92500000005
158341.99600000004
158311.69200000004
158280.70999999996
158259.858
158212.07799999998
158204.87599999993
158182.58499999996
158178.37400000007
158163.12100000004
158164.82199999993
158122.108
158094.38400000008
158058.20299999998
158027.56799999997
158027.7109999999
158009.794
157986.571
157977.64100000006
157975.85499999998
157958.11800000002
157945.017
157924.2309999999
157900.4879999999
157895.3729999999
157871.38899999997
157849.74900000007
157834.56199999992
157821.3870000001
157807.52399999998
157825.30499999993
157828.392
157824.95500000007
157810.186
157754.14599999995
157746.24600000004
157722.31499999994
157720.1710000001
157719.18800000008
157707.00300000003
157684.87400000007
157691.63400000008
157704.86400000006
157705.58700000006
157716.94900000002
157713.4779999999
157696.76600000006
157701.02799999993
157698.88599999994
157709.16599999997
157711.90299999993
157708.42500000005
157718.59499999997
157738.10400000005
157774.5190000001
157810.6129999999
157830.47600000002
157834.46900000004
157827.29900000012
157819.56300000008
157823.777
157844.3089999999
157845.70500000007
157861.59199999995
157932.6329999999
157972.30700000003
158007.15800000005
158036.75699999998
158117.6540000001
158139.15899999999
158205.62599999993
158234.91500000004
158314.62899999996
158413.7520000001
158453.55300000007
158487.5730000001
158520.1029999999
158567.47200000007
158601.473
158669.00699999998
158744.4850000001
158754.51799999992
158760.35899999994
158770.5730000001
158809.07400000002
158851.8600000001
158890.22399999993
158964.17800000007
158986.83199999994
159033.017
159049.804
159054.7690000001
159066.67299999995
159091.81199999992
159101.56799999997
159110.47999999998
159111.82700000005
159134.3799999999
159147.02600000007
159163.83899999992
159179.0220000001
159191.43299999996
159221.28000000003
159210.80300000007
159208.723
159192.0660000001
159170.96900000004
159168.11899999995
159180.4269999999
159194.97900000005
159213.22399999993
159215.35899999994
159136.314
159114.94999999995
159077.1370000001
159003.2309999999
158892.706
158874.88400000008
158858.0120000001
158850.09199999995
158837.50399999996
158820.36400000006
158790.15100000007
158779.48600000003
158763.14599999995
158758.7819999999
158757.213
158710.50300000003
158699.83199999994
158694.98200000008
158695.9140000001
158697.446
158737.8600000001
158742.1299999999
158736.865
158730.294
158729.72999999998
158712.06199999992
158706.652
158697.76799999992
158670.40100000007
158671.5460000001
158685.46399999992
158685.8529999999
158667.37199999997
158661.85700000008
158696.16800000006
158711.20299999998
158728.689
158809.31000000006
158814.47600000002
158936.97600000002
158958.61800000002
158972.6370000001
158991.9609999999
159045.47900000005
159054.7279999999
159062.98699999996
159058.5249999999
159056.588
159194.41800000006
159240.125
159312.36899999995
159368.85400000005
159454.93500000006
159452.2350000001
159493.6329999999
159513.06499999994
159560.38599999994
159576.2450000001
159593.81499999994
159605.1270000001
159626.13899999997
159640.27799999993
159690.26
159734.76300000004
159788.11800000002
159779.72999999998
159779.04700000002
159791.32000000007
159725.54900000012
159632.86800000002
159617.31000000006
159572.9680000001
159554.52399999998
159536.07000000007
159517.25399999996
159510.72900000005
159511.9879999999
159541.42400000012
159541.61800000002
159528.33700000006
159503.213
159494.65999999992
159494.59400000004
159522.189
159522.39599999995
159522.52399999998
159529.09100000001
159534.90800000005
159526.169
159511.84400000004
159494.7819999999
159465.57199999993
159429.0959999999
159425.30799999996
159429.071
159426.7690000001
159432.79700000002
159503.49600000004
159549.14899999998
159542.6839999999
159623.5319999999
159653.831
159728.26600000006
159762.983
159773.72399999993
159790.2279999999
159856.814
159863.4950000001
159873.6200000001
159889.561
159903.95299999998
159938.32199999993
159945.2039999999
159955.733
159991.53300000005
160007.79900000012
160038.32499999995
160065.9779999999
160092.483
