215457.561
215322.05099999998
215269.40299999993
215206.01399999997
215179.99099999992
215179.32799999998
215169.7109999999
215170.19699999993
215157.76099999994
215142.4140000001
215129.11400000006
215085.314
215085.20299999998
215086.94299999997
215080.0190000001
215076.9339999999
215069.73600000003
215072.18200000003
215072.92500000005
215071.71600000001
215071.52300000004
215068.73600000003
215065.70900000003
215064.2109999999
215064.07700000005
215067.064
215067.6499999999
215063.85499999998
215065.95200000005
215062.02000000002
215060.99600000004
215060.65800000005
215065.3829999999
215069.4750000001
215069.72999999998
215077.2309999999
215088.89299999992
215094.57199999993
215096.37100000004
215098.86400000006
215099.3870000001
215100.95900000003
215101.53799999994
215105.13400000008
215108.32599999988
215109.81199999992
215111.28099999996
215112.09499999997
215111.47600000002
215124.85400000005
215140.3430000001
215154.96699999995
215184.5390000001
215265.12400000007
215291.73600000003
215366.473
215377.07000000007
215409.93699999992
215419.662
215459.706
215506.95500000007
215540.3019999999
215586.8060000001
215609.5290000001
215616.92400000012
215658.9410000001
215693.88599999994
215752.52399999998
215773.73699999996
215779.51300000004
215792.0419999999
215833.4210000001
215866.39599999995
215896.4410000001
215935.74099999992
215993.77399999998
216075.713
216143.51799999992
216226.09100000001
216272.37199999997
216345.2960000001
216371.05700000003
216414.83700000006
216471.2579999999
216466.42500000005
216460.06799999997
216470.31499999994
216471.537
216483.5
216489.5249999999
216465.61899999995
216449.92500000005
216428.885
216430.06300000008
216461.56499999994
216491.946
216488.26
216487.13899999997
216485.9169999999
216484.838
216483.56300000008
216484.42599999998
216481.081
216475.142
216472.0220000001
216467.82199999993
216467.90299999993
216468.31700000004
216470.02399999998
216467.338
216462.686
216458.4750000001
216451.7450000001
216451.32799999998
216451.75600000005
216452.1270000001
216445.723
216454.044
216455.385
216459.348
216449.69699999993
216448.96999999997
216450.36800000002
216450.02000000002
216449.83700000006
216457.93999999994
216464.483
216473.05300000007
216474.929
216475.0460000001
216477.206
216482.27099999995
216489.32000000007
216495.061
216496.71500000008
216500.27099999995
216514.60499999998
216516.983
216526.588
216525.1939999999
216522.98200000008
216516.9779999999
216516.23900000006
216515.43299999996
216519.189
216524.11599999992
216523.67599999998
216522.2790000001
216521.2890000001
216520.18800000008
216519.15299999993
216518.6029999999
216519.0390000001
216519.3700000001
216525.50099999993
216530.25399999996
216529.8330000001
216521.96200000006
216515.3330000001
216506.55499999993
216494.6640000001
216494.6440000001
216491.59100000001
216487.24900000007
216479.0419999999
216476.86199999996
216473.07499999995
216471.75900000008
216467.439
216461.37400000007
216450.45200000005
216457.61599999992
216451.12800000003
216432.11100000003
216417.8089999999
216407.3459999999
216395.52300000004
216387.79000000004
216383.50300000003
216354.13400000008
216347.59700000007
216346.88899999997
216346.1499999999
216340.27300000004
216335.348
216326.162
216323.956
216294.76399999997
216294.098
216285.75399999996
216283.58499999996
216283.21900000004
216282.8330000001
216280.48699999996
216276.14899999998
216272.43200000003
216270.39899999998
216267.517
216260.49399999995
216252.0120000001
216252.66599999997
216253.0
216259.385
216251.70699999994
216250.93999999994
216238.13199999998
216240.81700000004
216240.5930000001
216239.94900000002
216233.3019999999
216231.74300000002
216231.733
216228.97999999998
216226.7250000001
216225.15800000005
216225.32199999993
216226.63400000008
216227.571
216232.4210000001
216242.64100000006
216248.49399999995
216253.78799999994
216258.7579999999
216255.90899999999
216248.929
216249.071
216254.21600000001
216257.34400000004
216256.1980000001
216253.68999999994
216253.40500000003
216251.162
216247.63100000005
216245.6029999999
216239.5789999999
216226.10100000002
216225.5220000001
216224.2039999999
216223.0959999999
216216.63100000005
216217.69699999993
216216.21900000004
216211.85899999994
216205.2749999999
216209.97900000005
216210.51399999997
216205.9950000001
216186.956
216184.064
216186.67299999995
216191.8940000001
216193.44200000004
216197.73200000008
216202.0120000001
216203.6569999999
216203.34499999997
216202.27300000004
216200.91100000008
216200.45900000003
216193.686
216199.00300000003
216201.4410000001
216203.72900000005
216202.3729999999
216201.14800000004
216203.42599999998
216203.6569999999
216195.51
216196.0020000001
216199.2720000001
216199.054
216201.43200000003
216197.69299999997
216193.8600000001
216191.96399999992
216192.946
216198.68699999992
216197.29000000004
216191.16299999994
216163.91800000006
216149.11800000002
216140.77600000007
216115.3430000001
216112.09499999997
216110.04900000012
216107.0390000001
216082.38400000008
216071.40999999992
216061.321
216054.983
216052.53600000008
216050.537
216047.8359999999
216048.22200000007
216049.027
216052.57700000005
216057.5859999999
216066.42999999993
216067.6470000001
216069.68500000006
216066.83000000007
216058.9310000001
216056.08199999994
216055.59700000007
216052.0020000001
216048.42800000007
216038.4210000001
216030.983
216021.38400000008
216017.97999999998
216015.11899999995
216011.615
216009.03799999994
215995.338
216007.38899999997
216010.7690000001
215988.29799999995
215230.81700000004
215360.39899999998
215399.50900000008
215768.402
215857.60499999998
215915.7109999999
215939.3970000001
216021.0959999999
216085.40100000007
216222.80000000005
216433.09400000004
216587.3019999999
216688.7080000001
216759.706
216999.80499999993
217098.70500000007
217248.50900000008
217318.60199999996
217356.51099999994
217623.90500000003
217999.8089999999
218053.517
218275.41100000008
218364.82000000007
218542.91100000008
218752.90899999999
218999.81799999997
219069.8160000001
219304.912
219134.49699999997
219136.29499999993
219141.1980000001
219145.69500000007
219149.69900000002
219150.03099999996
219143.50099999993
219139.0689999999
219130.12199999997
219127.72399999993
219118.0730000001
219109.91299999994
219068.44200000004
219066.2919999999
219072.08499999996
219076.36199999996
219076.35100000002
219070.58199999994
219038.87599999993
219028.608
219020.7039999999
219012.14299999992
219009.72900000005
219005.8700000001
218998.4040000001
218986.61899999995
218966.9040000001
218962.2250000001
218961.33499999996
218964.8600000001
218958.08899999992
218955.0290000001
218954.71999999997
218958.875
218956.95200000005
218952.63400000008
218938.17299999995
218931.635
218930.51099999994
218940.71999999997
218939.45900000003
218935.9809999999
218931.10700000008
218922.03399999999
218911.93200000003
218904.4069999999
218902.30700000003
218900.689
218898.85899999994
218892.72600000002
218888.9040000001
218888.314
218877.62400000007
218866.8870000001
218862.56300000008
218857.33199999994
218851.97600000002
218845.53000000003
218837.34400000004
218825.45500000007
218811.89800000004
218554.3060000001
218550.03600000008
218550.09899999993
218561.7250000001
218563.57199999993
218564.17500000005
218576.17999999993
218605.9709999999
218627.19699999993
218658.34899999993
218702.6810000001
218759.2309999999
218796.1669999999
218815.287
218825.375
218838.9539999999
218923.43200000003
219004.7919999999
219092.30000000005
219122.06499999994
219152.29300000006
219238.83400000003
219273.10100000002
219335.831
219357.169
219390.32000000007
219388.68699999992
219404.17400000012
219430.446
219435.3970000001
219451.28399999999
219495.1100000001
219663.1440000001
219662.21699999995
219744.72900000005
219746.17800000007
219747.38599999994
219755.6640000001
219758.1370000001
219817.42299999995
219851.5390000001
219972.963
219982.97900000005
220115.787
220166.787
220335.8060000001
220394.0789999999
220437.91100000008
220490.838
220492.0249999999
220496.5079999999
220492.34499999997
220484.14100000006
220443.1839999999
220369.82400000002
220313.86599999992
220304.76600000006
220331.26
220317.1299999999
220251.814
220254.6669999999
220257.84400000004
220278.4809999999
220284.3089999999
220292.70200000005
220296.5930000001
220310.2309999999
220315.3500000001
220317.32199999993
220320.72200000007
220317.81199999992
220300.17400000012
220294.96900000004
220254.56199999992
220216.95999999996
220196.848
220178.412
220151.35700000008
220109.73399999994
220090.78099999996
220041.91999999993
220019.5589999999
219933.7919999999
219812.37599999993
219767.52000000002
219782.24600000004
219728.40299999993
219682.29700000002
219673.16299999994
219654.865
219622.95099999988
219682.5789999999
219688.40500000003
219708.9809999999
219718.30300000007
219700.80000000005
219667.18800000008
219647.7549999999
219646.58199999994
219626.22699999996
219613.3430000001
219642.2450000001
219650.81000000006
219656.4140000001
219654.3089999999
219654.4580000001
219629.39100000006
219572.2420000001
219532.72900000005
219561.78300000005
219589.13599999994
219637.80099999998
219605.7960000001
219615.48200000008
219618.64599999995
219630.14800000004
219605.06199999992
219585.8019999999
219536.4979999999
219626.38100000005
219619.94500000007
219643.63800000004
219650.89299999992
219618.90299999993
219593.21500000008
219574.15599999996
219552.9069999999
219507.5460000001
219555.44999999995
219588.983
219637.088
219666.04900000012
219690.4140000001
219730.42599999998
219828.2180000001
219877.7819999999
219926.625
219967.875
220075.7790000001
220143.21900000004
220222.821
220293.314
220414.51399999997
220425.39599999995
220431.956
220476.50600000005
220517.74399999995
220539.54799999995
220548.463
220587.3600000001
220596.64100000006
220618.9040000001
220636.41999999993
220650.7720000001
220661.51300000004
220697.321
220756.1270000001
220971.85400000005
220973.67500000005
221079.52000000002
221261.0
221346.70900000003
221522.92200000002
221597.42400000012
221697.42599999998
221797.43500000006
221897.4310000001
221933.16599999997
221934.12800000003
221997.4339999999
222097.4339999999
222197.43800000008
222297.439
222336.456
222397.4339999999
222461.18699999992
222812.04000000004
222897.44299999997
222997.4439999999
223048.044
223097.4439999999
223172.7919999999
223358.01300000004
223395.8700000001
223407.713
223424.1059999999
223450.213
223458.38400000008
223477.2690000001
223497.419
223527.919
223557.8670000001
223597.41999999993
223797.4310000001
223898.35199999996
223997.43200000003
224043.88400000008
224097.436
224145.28300000005
224197.43200000003
224245.04000000004
224277.8870000001
224277.8970000001
224297.43299999996
224432.652
224545.8230000001
224597.43800000008
224644.9680000001
224697.4439999999
224897.44699999993
225060.8189999999
225115.044
225157.54900000012
225197.4480000001
225201.8700000001
225226.04900000012
225245.61400000006
225256.94999999995
225287.5519999999
225297.45299999998
225323.85899999994
225348.6569999999
225374.06199999992
225386.0079999999
225397.4709999999
225405.93500000006
225409.56799999997
225420.31700000004
225430.6200000001
225435.43800000008
225463.03300000005
225497.47600000002
225505.88899999997
225516.18699999992
225528.83499999996
225529.8899999999
225547.08899999992
225568.85499999998
225580.92500000005
225597.50399999996
225726.96600000001
225797.5079999999
225862.05000000005
225862.06000000006
225897.51399999997
226197.52799999993
226233.32499999995
226293.679
226342.07700000005
226397.53799999994
226450.3359999999
226497.53499999992
226522.15999999992
226548.53799999994
226597.5390000001
226648.5460000001
226682.48600000003
226682.49600000004
226797.5519999999
226831.44900000002
226847.54900000012
226897.56300000008
226949.6640000001
226997.561
227012.04300000006
227039.2649999999
227076.54300000006
227097.564
227128.0149999999
227197.561
227297.564
227333.7749999999
227369.071
227397.57400000002
227428.517
227497.571
227547.91800000006
227597.58000000007
227648.58199999994
227697.5830000001
227735.26099999994
227748.6839999999
227797.58400000003
227813.19900000002
228097.59000000008
228197.59100000001
228243.294
228297.59499999997
228332.10700000008
228346.70200000005
228374.2420000001
228406.07000000007
228597.608
228648.11800000002
228697.61199999996
228749.45999999996
228765.7819999999
228797.6170000001
228953.61899999995
228997.6270000001
229045.0789999999
229097.62400000007
229150.27399999998
229197.6399999999
229235.7649999999
229334.51399999997
229497.6329999999
229544.40100000007
229597.63899999997
229657.6370000001
229697.6329999999
229742.5390000001
229797.63599999994
229854.38199999998
229897.6370000001
229935.2309999999
229957.52600000007
229968.53499999992
229978.12199999997
229997.63199999998
230029.93200000003
230080.3870000001
230133.53399999999
230163.98600000003
230196.98399999994
230246.439
230297.642
230334.9040000001
230397.64100000006
230497.65100000007
230897.6470000001
230928.75300000003
230974.8430000001
231028.8019999999
231060.662
231097.65899999999
231223.66100000008
231325.061
231361.15899999999
231397.65899999999
231409.30000000005
231429.89599999995
231449.7579999999
231497.6540000001
231536.9779999999
231555.80799999996
231597.6569999999
231638.65599999996
231674.858
231697.65299999993
231736.3019999999
231774.65899999999
232097.66100000008
232132.36800000002
232167.18500000006
232181.81199999992
232205.68800000008
232216.41500000004
232246.00099999993
232277.0589999999
232286.0149999999
232289.446
232334.83700000006
232383.135
232456.33499999996
232566.73399999994
232597.72900000005
232626.32799999998
232631.54700000002
232657.83499999996
232689.07000000007
232697.74300000002
232719.5390000001
232745.24600000004
232765.8529999999
232797.75
232846.67599999998
233070.1299999999
233132.1810000001
233186.37599999993
233240.78000000003
233282.07599999988
233327.9809999999
233372.48200000008
233399.8770000001
233455.2749999999
233505.88100000005
233491.38100000005
233474.88199999998
233459.18200000003
233400.6810000001
233360.43299999996
233307.82799999998
233252.13100000005
233159.47600000002
233108.98200000008
233062.2309999999
232986.52300000004
232969.7749999999
232889.3230000001
232888.28099999996
232875.22200000007
232862.67800000007
232851.4779999999
232836.3700000001
232815.3770000001
232779.6669999999
232772.47699999996
232767.3799999999
232745.47600000002
232727.77000000002
232701.82400000002
232688.82700000005
232675.38100000005
232651.4750000001
232618.6710000001
232594.17400000012
232577.37400000007
232551.2720000001
232530.8729999999
232510.5220000001
232506.75399999996
232484.67599999998
232461.17200000002
232439.57400000002
232406.875
232393.72600000002
232363.9269999999
232319.92400000012
232286.277
232263.42299999995
232244.37800000003
232195.1270000001
232147.17200000002
232125.2579999999
232119.2250000001
232068.07799999998
232053.88100000005
232004.57400000002
231974.32499999995
231922.5249999999
231888.9310000001
231812.07799999998
231770.57199999993
231721.78000000003
231698.03099999996
231630.82499999995
231591.3160000001
231550.4269999999
231510.3289999999
231437.87899999996
231398.07400000002
231378.67500000005
231353.9779999999
231350.3430000001
231350.3330000001
231338.929
231319.57599999988
231313.42500000005
231294.17500000005
231261.2749999999
231224.77600000007
231159.473
231131.92200000002
231111.87899999996
231095.02399999998
231083.3729999999
231045.97600000002
231044.77799999993
231061.27600000007
231058.87100000004
231036.5220000001
231005.82400000002
231001.32199999993
230998.777
230999.87400000007
230997.973
230989.37599999993
230926.17500000005
230880.17800000007
230838.87100000004
230784.17599999998
230745.12899999996
230731.4779999999
230731.7549999999
230734.69999999995
230732.14800000004
230733.26799999992
230734.06199999992
230736.74099999992
230740.6980000001
230742.1200000001
230743.93699999992
230747.608
230747.12400000007
230749.36599999992
230751.48600000003
230753.97600000002
230754.81199999992
230755.35199999996
230756.55499999993
230756.787
230758.05499999993
230760.02399999998
230761.8670000001
230763.81499999994
230765.76099999994
230770.57000000007
230779.8019999999
230783.1029999999
230783.07400000002
230781.50300000003
230782.0660000001
230783.6540000001
230808.91500000004
230813.09899999993
230819.33000000007
230827.635
230837.49
230911.27099999995
230914.86100000003
230917.59400000004
230919.54799999995
230920.40299999993
230920.2080000001
230918.71200000006
230915.963
230911.9979999999
230831.044
230785.83000000007
230795.18999999994
230799.6910000001
230786.93299999996
230812.6839999999
230846.54300000006
230860.81000000006
230960.6980000001
230920.3230000001
230818.162
230818.6399999999
230778.68200000003
230781.598
230750.73699999996
230725.45200000005
230704.2379999999
230676.73600000003
230692.08499999996
230725.45299999998
230744.40100000007
230756.3670000001
230761.78300000005
230761.9169999999
230699.83199999994
230641.68500000006
230621.82599999988
230607.77399999998
230590.70200000005
230575.63100000005
230540.87599999993
230530.23900000006
230518.392
230505.35199999996
230491.1710000001
230476.99399999995
230390.152
230399.72999999998
230397.34700000007
230397.57799999998
230398.40299999993
230399.80700000003
230401.74699999997
230404.16299999994
230407.03300000005
230410.24699999997
230413.30300000007
230416.88199999998
230413.47999999998
230350.7960000001
230330.7520000001
230331.1299999999
230347.206
230322.78499999992
230297.74900000007
230268.36899999995
230240.58700000006
230224.43299999996
230217.7720000001
230213.0959999999
230210.73399999994
230210.662
230202.15800000005
230197.54700000002
230192.77799999993
230178.3359999999
230169.561
230157.59499999997
230143.51099999994
230177.6910000001
230182.20099999988
230198.11899999995
230207.82400000002
230221.4580000001
230233.0830000001
230216.92800000007
230226.94200000004
230237.32799999998
230158.88800000004
230141.483
230108.27399999998
230095.1299999999
230070.99399999995
230065.58199999994
230064.80499999993
230043.929
230005.6170000001
229966.412
229951.80700000003
229925.41100000008
229880.1810000001
229850.946
229783.5519999999
229764.4410000001
229720.91800000006
229697.5220000001
229692.73200000008
229688.45900000003
229689.96500000008
229694.04099999997
229710.294
229716.6569999999
229721.75399999996
229725.61400000006
229728.14100000006
229729.56700000004
229725.3999999999
229721.67400000012
229726.54099999997
229727.65100000007
229728.3700000001
229726.8670000001
229728.4310000001
229729.71399999992
229732.60700000008
229736.15599999996
229737.49900000007
229737.6810000001
229739.098
229741.3359999999
229747.098
229751.7819999999
229757.05499999993
229762.885
229770.0049999999
229771.017
229770.59100000001
229769.62400000007
229767.6910000001
229762.19900000002
229729.62199999997
229700.77000000002
229677.52099999995
229624.48699999996
229629.39800000004
229631.56799999997
229637.2080000001
229642.385
229656.37199999997
229676.142
229545.58899999992
229511.78000000003
229517.6569999999
229521.65999999992
229513.52000000002
229501.12199999997
229488.5460000001
229407.94500000007
229388.1839999999
229370.81199999992
229336.40299999993
229321.5519999999
229298.088
229270.8999999999
229258.56799999997
229243.314
229216.4750000001
229189.53000000003
229173.3500000001
229136.94500000007
229165.2960000001
229183.6370000001
229258.84199999995
229306.18299999996
229231.24099999992
229229.20699999994
229236.0930000001
229154.2549999999
229150.44200000004
229155.52000000002
229159.1029999999
229161.07000000007
229164.0930000001
229166.23200000008
229165.73600000003
229163.061
229158.35100000002
229161.75900000008
229175.68699999992
229153.01799999992
229139.41299999994
229139.25300000003
229138.93999999994
229149.65999999992
229167.7080000001
229206.71200000006
229221.13800000004
229264.83899999992
229277.27799999993
229315.044
229361.1129999999
229364.43200000003
229365.892
229404.5689999999
229407.27099999995
229414.865
229437.561
229472.31199999992
229500.8089999999
229525.348
229534.311
229536.07000000007
229538.1669999999
229533.17599999998
229534.7520000001
229538.45999999996
229549.95500000007
229568.18699999992
229577.40100000007
229582.41500000004
229587.00300000003
229556.3160000001
229545.36800000002
229535.554
229533.19200000004
229539.2749999999
229565.125
229580.32000000007
229596.53499999992
229618.50099999993
229643.5830000001
229659.01600000006
229685.44200000004
229714.14500000002
229726.0519999999
229753.61100000003
229754.78600000008
229762.81700000004
229811.86599999992
229832.9580000001
229847.13599999994
229862.0120000001
229863.5859999999
229856.3459999999
229840.81199999992
229823.50300000003
229822.14299999992
229824.48200000008
229848.63899999997
229860.6329999999
229883.733
229898.9339999999
229889.94500000007
229915.89899999998
229941.0220000001
229972.10199999996
229962.402
229952.83000000007
229950.8799999999
229954.1399999999
230012.56300000008
230035.91299999994
230044.84000000008
230049.92299999995
230054.47699999996
230057.7279999999
230064.11100000003
230068.25099999993
230078.83000000007
230107.81700000004
230118.17999999993
230128.63100000005
230153.385
230173.67299999995
230256.57799999998
230303.25399999996
230338.17500000005
230387.46699999995
230385.6370000001
230413.2919999999
230413.50399999996
230410.97999999998
230395.31300000008
230386.1399999999
230422.49900000007
230440.2250000001
230461.0959999999
230481.60199999996
230457.01
230448.34899999993
230439.37899999996
230431.27000000002
230423.4269999999
230415.28099999996
230410.46999999997
230404.581
230401.8459999999
230393.22200000007
230391.49399999995
230387.12899999996
230369.88400000008
230352.70699999994
230347.7209999999
230345.5930000001
230344.0319999999
230344.27099999995
230342.875
230338.30700000003
230332.38599999994
230334.2250000001
230340.983
230340.3629999999
230324.8870000001
230320.7420000001
230321.9169999999
230324.17299999995
230327.071
230330.24600000004
230334.59499999997
230336.3700000001
230336.7450000001
230334.13599999994
230341.92999999993
230341.69900000002
230339.686
230335.365
230328.865
230325.74600000004
230327.76600000006
230327.97900000005
230324.22200000007
230322.696
230324.956
230329.69999999995
230332.52099999995
230336.939
230335.46600000001
230337.72699999996
230333.03000000003
230325.81700000004
230323.804
230327.08899999992
230333.34100000001
230335.108
230340.90899999999
230341.42400000012
230334.06499999994
230326.34899999993
230316.9169999999
230310.4169999999
230308.06499999994
230311.84400000004
230314.13800000004
230310.0660000001
230316.95699999994
230317.58700000006
230320.0149999999
230324.00300000003
230323.64599999995
230320.96500000008
230316.51300000004
230315.19200000004
230315.348
230313.8230000001
230310.21999999997
230309.87100000004
230312.652
230312.48699999996
230313.875
230314.22699999996
230314.652
230314.2919999999
230312.92299999995
230313.7350000001
230315.63100000005
230314.69699999993
230311.95299999998
230306.63400000008
230305.9609999999
230309.84199999995
230310.53399999999
230306.05300000007
230297.696
230295.9750000001
230296.15999999992
230292.446
230283.61800000002
230283.18999999994
230277.36199999996
230273.41299999994
230269.40800000005
230267.44999999995
230264.304
230256.69900000002
230244.56199999992
230238.37400000007
230226.9809999999
230223.5689999999
230221.04900000012
230216.81799999997
230217.44500000007
230216.01399999997
230216.56700000004
230214.74300000002
230204.91299999994
230201.12599999993
230200.93299999996
230207.80799999996
230211.71399999992
230214.0959999999
230216.80300000007
230223.4140000001
230232.12199999997
230237.2180000001
230243.18800000008
230251.6440000001
230256.78000000003
230263.2720000001
230273.68800000008
230280.34700000007
230283.79900000012
230289.51799999992
230295.4750000001
230300.66999999993
230303.97600000002
230308.68999999994
230314.00699999998
230320.09700000007
230324.10499999998
230329.17800000007
230332.97900000005
230342.3940000001
230350.48900000006
230353.787
230363.902
230367.95200000005
230371.68299999996
230378.1540000001
230386.29799999995
230392.3019999999
230399.25099999993
230407.804
230412.0419999999
230416.46999999997
230421.54799999995
230427.8089999999
230432.6329999999
230440.4950000001
230444.91299999994
230452.26399999997
230462.2620000001
230469.1270000001
230477.17200000002
230483.27399999998
230489.59400000004
230496.848
230503.04300000006
230507.831
230513.71900000004
230517.5789999999
230524.45099999988
230526.89599999995
230528.669
230532.8729999999
230545.63800000004
230552.08899999992
230570.62400000007
230578.38800000004
230581.85899999994
230584.6170000001
230589.91500000004
230609.87899999996
230615.49399999995
230621.1440000001
230625.73600000003
230634.4339999999
230643.44699999993
230649.885
230659.51399999997
230662.7749999999
230667.44900000002
230675.429
230683.80300000007
230694.24
230701.2250000001
230705.47900000005
230708.40299999993
230707.5120000001
230708.31000000006
230710.5
230706.41999999993
230679.73200000008
230668.80300000007
230667.58499999996
230667.57499999995
230656.59700000007
230645.86599999992
230638.2919999999
230566.5789999999
230558.52000000002
230549.21399999992
230545.36199999996
230544.23399999994
230551.1270000001
230557.69900000002
230564.62599999993
230570.5149999999
230573.9140000001
230587.20699999994
230593.62899999996
230606.0689999999
230618.412
230633.09100000001
230649.8459999999
230654.6129999999
230662.67200000002
230676.017
230676.46500000008
230678.33199999994
230683.07599999988
230684.73399999994
230694.62899999996
230702.696
230709.24
230711.07499999995
230714.858
230715.51300000004
230720.75099999993
230724.55499999993
230724.05099999998
230724.51600000006
230734.544
230741.82700000005
230741.70999999996
230749.97600000002
230749.78099999996
230763.04000000004
230765.17500000005
230767.89899999998
230776.96999999997
230777.3189999999
230779.36100000003
230780.5149999999
230784.902
230791.72999999998
230796.767
230803.42500000005
230814.80700000003
230820.1370000001
230823.14100000006
230822.56499999994
230820.89800000004
230816.348
230816.463
230813.32799999998
230786.38400000008
230715.456
230712.54799999995
230699.635
230676.73699999996
230656.8189999999
230655.598
230653.84700000007
230642.90599999996
230668.15800000005
230686.11100000003
230703.84899999993
230707.31199999992
230707.46200000006
230705.27399999998
230705.20299999998
230708.75399999996
230710.0249999999
230713.74300000002
230700.6299999999
230682.01799999992
230676.38899999997
230679.206
230720.3670000001
230855.97200000007
230836.34100000001
230823.44999999995
230806.4210000001
230783.02600000007
230776.054
230754.29000000004
230730.20699999994
230719.804
230689.13199999998
230683.93999999994
230678.26399999997
230669.2620000001
230659.3870000001
230648.7180000001
230637.34400000004
230640.34100000001
230641.76799999992
230633.00900000008
230622.95699999994
230537.01300000004
230530.5419999999
230524.4210000001
230485.3970000001
230471.3729999999
230452.45500000007
230453.30700000003
230456.51600000006
230459.365
230464.37100000004
230464.42400000012
230462.6939999999
230448.4879999999
230445.51600000006
230439.69999999995
230435.88100000005
230434.37599999993
230425.6470000001
230424.65999999992
230423.06300000008
230414.84199999995
230414.5930000001
230405.9709999999
230409.6129999999
230394.87800000003
230363.25699999998
230352.277
230346.38400000008
230342.939
230347.3940000001
230348.037
230334.00699999998
230335.179
230347.94900000002
230349.10400000005
230341.3430000001
230337.16599999997
230327.50099999993
230289.375
230264.42299999995
230255.1229999999
230242.88400000008
230205.0560000001
230195.19900000002
230192.47399999993
230186.95500000007
230185.4169999999
230186.19299999997
230192.436
230208.3899999999
230215.196
230221.07599999988
230245.58400000003
230250.2549999999
230253.321
230259.42299999995
230268.5789999999
230277.33400000003
230281.02000000002
230283.57400000002
230346.68299999996
230366.54000000004
230380.4210000001
230379.8600000001
230378.66599999997
230372.56000000006
230361.28499999992
230350.527
230321.60499999998
230298.04000000004
230294.26799999992
230264.46900000004
230248.22699999996
230250.46500000008
230271.01300000004
230295.30000000005
230298.679
230299.56199999992
230297.91299999994
230293.78399999999
230287.30000000005
230278.66599999997
230268.12599999993
230255.99600000004
230243.45999999996
230230.18200000003
230216.5020000001
230202.7890000001
230189.39500000002
230176.689
230165.00600000005
230018.56300000008
229997.0319999999
229973.321
229948.01600000006
229921.76
229895.206
229869.0319999999
229843.87800000003
229820.392
229795.98699999996
229728.64500000002
229655.311
229549.84400000004
229532.03399999999
229515.23699999996
229500.1910000001
229487.58000000007
229477.96600000001
229471.79799999995
229469.32700000005
229470.68999999994
229481.84700000007
229493.0589999999
229511.98600000003
229536.4920000001
229566.642
229576.34199999995
229603.6399999999
229658.1470000001
229690.64500000002
229707.34700000007
229712.04499999993
229696.39899999998
229624.7479999999
229607.6399999999
229595.19999999995
229613.24699999997
229657.34199999995
229663.642
229662.24600000004
229656.94699999993
229641.848
229615.1499999999
229562.64500000002
229537.64899999998
229490.05000000005
229444.54700000002
229421.29900000012
229391.9439999999
229353.28499999992
229315.28499999992
229271.68699999992
229238.287
229119.04300000006
229099.90999999992
229077.544
229071.64500000002
229043.0419999999
229000.74600000004
228975.65100000007
228956.1939999999
228939.7479999999
228931.5460000001
228930.00900000008
228906.9480000001
228863.09199999995
228828.54799999995
228791.74699999997
228757.946
228730.5419999999
228681.4920000001
228646.196
228635.64299999992
228622.45099999988
228543.64599999995
228518.848
228497.6440000001
228489.8529999999
228481.5020000001
228481.44900000002
228489.29300000006
228498.05099999998
228511.0
228554.72699999996
228580.94500000007
228635.19500000007
228644.94999999995
228659.3700000001
228664.80099999998
228676.75099999993
228679.03799999994
228736.2620000001
228778.848
228846.848
228876.45200000005
228900.55099999998
228903.0460000001
228913.044
228910.32499999995
228891.9069999999
228883.6329999999
228867.41500000004
228858.74600000004
228855.30000000005
228842.24900000007
228829.85199999996
228826.85100000002
228814.18200000003
228808.53799999994
228806.09100000001
228794.74099999992
228757.84400000004
228749.79000000004
228717.44299999997
228693.25
228667.54799999995
228665.16299999994
228655.18299999996
228633.848
228609.2420000001
228602.6470000001
228602.142
228599.12599999993
228592.93800000008
228586.3430000001
228560.49300000002
228553.9269999999
228545.24
228529.875
228506.44200000004
228475.64899999998
228456.044
228439.93800000008
228401.24900000007
228388.044
228361.34899999993
228348.2479999999
228324.64800000004
228286.0460000001
228269.4439999999
228267.321
228232.7790000001
228192.20099999988
228148.31799999997
228092.58000000007
228026.4750000001
227949.08199999994
227867.49900000007
227838.42800000007
227813.45900000003
227797.01300000004
227778.09199999995
227757.19999999995
227734.92200000002
227711.86800000002
227688.66500000004
227665.97600000002
227644.392
227562.92599999998
227550.06700000004
227536.54900000012
227522.68299999996
227508.8089999999
227495.27799999993
227482.40800000005
227470.52799999993
227456.6810000001
227453.96399999992
227451.82199999993
227445.80300000007
227439.13599999994
227430.4879999999
227420.1059999999
227385.2819999999
227368.213
227355.89100000006
227310.375
227289.21399999992
227279.15899999999
227267.2250000001
227254.0249999999
227240.25900000008
227198.2819999999
227151.29900000012
227072.65899999999
227042.62800000003
227022.74099999992
227003.27099999995
226984.67599999998
226967.3829999999
226924.446
226740.53799999994
226625.13800000004
226496.9439999999
226388.61899999995
226365.16299999994
226340.05499999993
226313.80000000005
226286.93800000008
226263.14599999995
226237.26399999997
226213.25399999996
226192.73399999994
226177.11100000003
226133.767
226123.43500000006
226110.3160000001
226094.9609999999
226077.9850000001
226060.07599999988
226041.9609999999
226024.38100000005
226008.04099999997
225898.4140000001
225834.071
225778.81799999997
225767.77300000004
225755.17500000005
225741.32700000005
225726.5419999999
225618.56199999992
225593.48200000008
225572.0190000001
225559.73399999994
225545.86100000003
225530.82499999995
225515.037
225463.115
225435.19999999995
225407.78000000003
225381.9410000001
225358.70900000003
225335.72399999993
225316.4920000001
225290.68299999996
225275.44200000004
225256.32599999988
225252.84400000004
225265.43999999994
225266.42500000005
225261.71999999997
225247.66500000004
225233.9609999999
225213.8359999999
225206.53600000008
225206.17800000007
225216.4750000001
225222.79000000004
225224.63599999994
225212.3670000001
225204.5830000001
225192.23200000008
225187.794
225182.2420000001
225175.72200000007
225168.46399999992
225160.65599999996
225152.5560000001
225144.4040000001
225136.4410000001
225045.30099999998
225032.189
225018.7749999999
225005.55099999998
224993.0149999999
224981.615
224971.76799999992
224963.848
224958.13899999997
224928.38800000004
224919.3870000001
224916.5560000001
224919.39299999992
224919.821
224919.9879999999
224920.59100000001
224921.946
224929.58700000006
224975.037
225011.25399999996
225025.14299999992
225034.53099999996
225043.4140000001
225049.87899999996
225058.95699999994
225064.179
225066.95099999988
225074.652
225074.70900000003
225077.31799999997
225087.90999999992
225094.27099999995
225109.2180000001
225147.2790000001
225154.43299999996
225159.77000000002
225163.15599999996
225164.51600000006
225163.82599999988
225161.08000000007
225156.37400000007
225149.78399999999
225064.115
225052.81300000008
225044.64800000004
225039.79900000012
225038.39100000006
225040.44500000007
225045.92200000002
225054.68500000006
225056.89299999992
225063.60899999994
225066.53499999992
225091.3870000001
225109.17599999998
225119.9480000001
225123.23699999996
225118.8899999999
225093.01399999997
225049.90500000003
225033.3999999999
225017.75399999996
225008.74099999992
224989.95200000005
224975.2209999999
224968.09700000007
224956.7720000001
224936.11599999992
224932.04000000004
224922.375
224912.61599999992
224914.314
224907.67599999998
224893.7039999999
224879.32799999998
224858.6370000001
224852.48399999994
224835.23200000008
224819.3089999999
224764.94299999997
224680.9480000001
224589.7039999999
224548.15500000003
224507.52600000007
224490.358
224476.2749999999
224473.456
224445.94200000004
224427.67299999995
224410.6910000001
224408.365
224404.42200000002
224401.84199999995
224390.135
224384.0290000001
224369.17200000002
224321.8940000001
224262.30499999993
224209.34199999995
224169.47399999993
224169.6059999999
224145.28600000008
224114.44699999993
224095.696
224053.2350000001
224032.1569999999
224017.733
224006.97399999993
224004.89500000002
224010.7379999999
223987.98600000003
223944.39299999992
223928.54300000006
223915.6980000001
223909.81300000008
223910.59400000004
223904.5930000001
223897.39800000004
223895.63100000005
223907.22399999993
223925.86400000006
223926.97200000007
223916.088
223907.814
223906.0149999999
223900.29300000006
223902.10400000005
223928.08400000003
223948.8230000001
223972.1710000001
224008.92999999993
224044.054
224054.95999999996
224069.19699999993
224076.598
224099.58000000007
224120.86899999995
224140.06700000004
224166.31499999994
224190.9040000001
224193.8189999999
224194.92500000005
224201.84899999993
224210.83499999996
224225.19299999997
224235.902
224248.125
224255.929
224267.8829999999
224273.27600000007
224271.19200000004
224266.8430000001
224264.42500000005
224267.57799999998
224282.65500000003
224293.50300000003
224311.84400000004
224349.6569999999
224362.50600000005
224372.2620000001
224365.1939999999
224359.16800000006
224348.29799999995
224339.2039999999
224324.8230000001
224315.76300000004
224300.3430000001
224181.57499999995
224105.69299999997
224051.59000000008
224018.90500000003
224007.581
223972.29799999995
223939.99099999992
223930.60899999994
223914.33000000007
223896.0249999999
223882.2720000001
223859.7109999999
223823.38400000008
223784.0830000001
223752.01399999997
223702.68800000008
223676.963
223648.03799999994
223632.32700000005
223614.689
223597.0079999999
223577.1000000001
223532.88899999997
223500.68800000008
223438.50300000003
223424.4979999999
223400.63199999998
223348.615
223295.65299999993
223253.0789999999
223199.348
223157.33499999996
223129.4140000001
223122.6710000001
223094.43800000008
223070.09000000008
223049.0419999999
223038.74699999997
223028.42400000012
223009.51099999994
223005.5220000001
223003.9169999999
222989.0
222988.9339999999
222986.16500000004
222979.83700000006
222972.6810000001
222952.48699999996
222949.09000000008
222940.90599999996
222938.62199999997
222930.00300000003
222915.3629999999
222881.2350000001
222869.72699999996
222852.59899999993
222842.31000000006
222835.1470000001
222828.31300000008
222826.6329999999
222827.33899999992
222832.081
222840.51799999992
222859.79099999997
222891.64100000006
222903.2549999999
222906.0
222913.5249999999
222916.12899999996
222916.02300000004
222907.608
222903.9609999999
222893.3060000001
222890.838
222892.936
222890.17500000005
222885.87599999993
222877.18500000006
222872.7309999999
222857.38100000005
222854.4040000001
222850.38199999998
222831.81700000004
222819.88599999994
222818.18999999994
222814.811
222808.97699999996
222804.88100000005
222784.46699999995
222777.81700000004
222770.3359999999
222768.7720000001
222762.96699999995
222756.72399999993
222742.4809999999
222738.4809999999
222722.6440000001
222716.4439999999
222713.46399999992
222683.78600000008
222662.088
222658.35400000005
222648.598
222646.1980000001
222642.78600000008
222641.49399999995
222638.35899999994
222635.4169999999
222634.63400000008
222629.3089999999
222621.95900000003
222605.5319999999
222567.39299999992
222556.54300000006
222551.6329999999
222537.8160000001
222523.71600000001
222474.8060000001
222466.48200000008
222452.1129999999
222444.23600000003
222433.1129999999
222413.16599999997
222390.68999999994
222360.79700000002
222318.686
222300.83199999994
222276.08000000007
222263.64500000002
222241.0589999999
222227.49300000002
222208.94999999995
222185.37100000004
222162.027
222150.86199999996
222133.77600000007
222069.25699999998
222027.28300000005
222011.32599999988
222004.463
221999.08499999996
221985.20299999998
221983.77399999998
221976.135
221966.57199999993
221955.96399999992
221946.5390000001
221905.61100000003
221889.108
221870.527
221856.33499999996
221838.9539999999
221799.2039999999
221778.36599999992
221758.37100000004
221743.36400000006
221700.97399999993
221652.1839999999
221629.49399999995
221614.1029999999
221602.16500000004
221583.07000000007
221573.05499999993
221523.1000000001
221502.75699999998
221489.9069999999
221479.85400000005
221473.3289999999
221469.97399999993
221464.5930000001
221454.22399999993
221444.0020000001
221437.04000000004
221433.4140000001
221431.767
221431.88899999997
221443.51799999992
221442.85499999998
221438.29300000006
221429.6200000001
221423.07599999988
221414.71900000004
221405.64800000004
221401.55499999993
221388.17200000002
221372.0390000001
221361.32799999998
221344.68200000003
221345.28000000003
221340.12400000007
221333.8970000001
221323.02600000007
221320.20200000005
221312.5220000001
221303.93800000008
221296.18800000008
221292.017
221288.4609999999
221285.21600000001
221263.64899999998
221260.9480000001
221249.09499999997
221230.5460000001
221228.90899999999
221224.4480000001
221207.09000000008
221202.21399999992
221193.21999999997
221179.9709999999
221176.96399999992
221163.00300000003
221156.33400000003
221150.05099999998
221139.4879999999
221135.196
221135.564
221141.16999999993
221141.95500000007
221144.0120000001
221143.99900000007
221146.919
221152.29099999997
221157.4779999999
221158.865
221165.53099999996
221177.43999999994
221180.46900000004
221176.037
221171.1499999999
221164.2549999999
221162.08700000006
221154.3529999999
221143.60199999996
221137.6059999999
221127.6399999999
221121.68699999992
221092.713
221087.36199999996
221085.54300000006
221080.25699999998
221068.13800000004
221052.56300000008
221039.95699999994
221038.5249999999
221031.69699999993
221023.662
221010.54799999995
221008.5959999999
220994.04700000002
220989.76300000004
220991.77099999995
221008.9069999999
221009.9750000001
221004.196
220990.2919999999
220987.304
220984.85499999998
220976.321
220974.98900000006
220954.13199999998
220940.3799999999
220930.696
220917.39299999992
220913.99399999995
220916.21699999995
220907.90800000005
220890.37100000004
220875.21200000006
220872.22900000005
220863.71699999995
220862.8060000001
220864.25600000005
220864.2890000001
220859.71500000008
220854.77099999995
220848.72900000005
220844.6939999999
220842.97600000002
220838.92400000012
220839.679
220839.29000000004
220833.18800000008
220828.60499999998
220824.52099999995
220822.9339999999
220817.07400000002
220798.61100000003
220791.11599999992
220790.17500000005
220797.73900000006
220801.24300000002
220802.88199999998
220800.74600000004
220790.6470000001
220787.365
220783.09000000008
220779.66500000004
220779.80499999993
220765.11800000002
220748.25399999996
220735.94999999995
220731.4439999999
220725.71600000001
220721.81799999997
220724.56199999992
220725.7109999999
220728.57700000005
220732.29499999993
220740.4339999999
220740.95900000003
220737.20500000007
220733.5959999999
220731.7250000001
220723.79900000012
220722.1810000001
220718.09100000001
220709.41800000006
220708.94500000007
220710.05799999996
220708.55099999998
220707.79099999997
220701.8829999999
220697.98900000006
220691.5959999999
220688.96200000006
220686.03600000008
220684.3970000001
220680.9210000001
220672.41999999993
220658.31000000006
220651.38899999997
220650.64299999992
220646.21600000001
220645.22699999996
220645.9069999999
220649.1200000001
220648.76
220646.55000000005
220643.46500000008
220639.4410000001
220626.56000000006
220620.19699999993
220617.76
220611.34499999997
220603.52600000007
220597.544
220595.8940000001
220571.29099999997
220567.64899999998
220556.01399999997
220548.73200000008
220542.14100000006
220538.99600000004
220522.7690000001
220512.5560000001
220507.77600000007
220502.97699999996
220501.67800000007
220492.2620000001
220485.28399999999
220478.18299999996
220475.838
220469.679
220466.05300000007
220458.74600000004
220456.294
220461.2919999999
220460.59899999993
220448.2520000001
220438.5149999999
220431.24600000004
220420.61800000002
220414.115
220415.338
220414.17200000002
220406.7749999999
220390.11400000006
220376.35199999996
220373.233
220369.49900000007
220363.49
220350.07199999993
220339.15999999992
220325.108
220315.9210000001
220307.88199999998
220305.8359999999
220302.419
220296.06700000004
220291.95200000005
220273.60400000005
220269.642
220261.277
220253.53799999994
220244.58700000006
220239.32199999993
220238.6669999999
220236.96200000006
220234.01799999992
220225.9210000001
220213.93999999994
220209.68999999994
220203.3089999999
220198.81799999997
220189.56000000006
220182.37199999997
220172.25099999993
220164.85400000005
220163.87800000003
220164.24600000004
220163.87899999996
220159.8729999999
220153.33000000007
220151.12899999996
220142.902
220122.95099999988
220116.97399999993
220112.071
220096.70099999988
220092.5319999999
220088.436
220083.90500000003
220065.3670000001
220061.02399999998
220058.71999999997
220057.63899999997
220057.55099999998
220061.152
220063.517
220063.8970000001
220063.71999999997
220059.38100000005
220050.58700000006
220051.02799999993
220051.89100000006
220053.07599999988
220052.06300000008
220046.84000000008
220029.1329999999
220012.84400000004
220008.1399999999
219995.419
219992.08499999996
219992.54300000006
219996.97999999998
219999.19500000007
220001.80799999996
220009.34100000001
220022.61100000003
220023.7080000001
220028.5220000001
220030.037
220034.56799999997
220031.63599999994
220024.48600000003
220013.76799999992
219996.17200000002
219974.90800000005
219954.331
219952.07499999995
219944.939
219934.6270000001
219926.33499999996
219917.93200000003
219902.061
219894.82700000005
219883.25300000003
219870.49
219865.8700000001
219861.88899999997
219861.2350000001
219863.9609999999
219871.4539999999
219870.2649999999
219868.34100000001
219865.82499999995
219863.7819999999
219861.79799999995
219856.90599999996
219848.24900000007
219846.108
219836.9609999999
219832.7350000001
219829.99699999997
219823.98900000006
219823.86599999992
219819.37599999993
219812.59899999993
219806.054
219803.57199999993
219791.436
219783.63599999994
219778.4950000001
219776.89800000004
219772.36100000003
219775.5220000001
219784.1200000001
219790.91999999993
219790.15299999993
219774.37100000004
219770.94200000004
219771.73900000006
219791.77799999993
219793.39800000004
219795.76799999992
219789.9140000001
219790.88599999994
219785.62800000003
219768.22200000007
219764.94900000002
219754.73600000003
219749.67200000002
219750.09000000008
219761.29499999993
219762.74300000002
219760.78499999992
219758.45099999988
219750.04799999995
219745.16999999993
219742.4809999999
219725.7209999999
219724.02099999995
219714.00099999993
219703.45699999994
219699.733
219696.06499999994
219687.02799999993
219686.017
219682.49399999995
219679.43699999992
219668.4609999999
219667.74900000007
219658.25099999993
219657.9269999999
219655.90100000007
219651.20299999998
219651.18200000003
219650.213
219655.86899999995
219657.3189999999
219668.348
219670.5319999999
219670.29799999995
219674.16599999997
219674.27600000007
219673.64100000006
219672.45200000005
219667.10700000008
219657.41500000004
219653.44999999995
219649.54300000006
219644.571
219639.0589999999
219637.7450000001
219638.05000000005
219644.1229999999
219645.20099999988
219645.2579999999
219643.05099999998
219641.74699999997
219640.38400000008
219632.8189999999
219620.21600000001
219615.15999999992
219610.6499999999
219604.01600000006
219603.36599999992
219600.35100000002
219595.76099999994
219593.65500000003
219593.6669999999
219595.2549999999
219601.12800000003
219608.69200000004
219611.19200000004
219611.76600000006
219611.81300000008
219615.68200000003
219615.277
219607.64800000004
219598.81700000004
219594.49099999992
219588.58499999996
219582.1540000001
219579.34899999993
219572.652
219572.01099999994
219569.2790000001
219568.54700000002
219567.45500000007
219567.02799999993
219568.10700000008
219568.04099999997
219567.99600000004
219558.78600000008
219556.46399999992
219550.044
219542.189
219538.34100000001
219535.22900000005
219525.61199999996
219513.358
219513.929
219514.088
219513.4069999999
219510.9040000001
219499.58499999996
219495.22200000007
219493.912
219493.09000000008
219488.09199999995
219482.7209999999
219476.706
219473.78300000005
219460.18800000008
219457.55700000003
219449.7039999999
219446.57700000005
219445.42599999998
219443.99600000004
219443.8330000001
219441.2579999999
219436.098
219433.5689999999
219432.9040000001
219429.22999999998
219429.3870000001
219432.321
219429.82000000007
219421.40899999999
219409.8899999999
219406.43200000003
219404.85700000008
219400.62899999996
219399.77600000007
219403.41100000008
219403.8060000001
219402.48699999996
219401.9779999999
219398.5149999999
219399.69500000007
219411.43800000008
219413.93299999996
219411.17500000005
219412.32499999995
219416.59499999997
219417.38899999997
219414.75300000003
219407.24699999997
219405.00399999996
219401.1769999999
219393.186
219377.36599999992
219370.61199999996
219361.42200000002
219359.08899999992
219342.54000000004
219338.97699999996
219333.20500000007
219332.9609999999
219339.544
219340.28099999996
219339.22900000005
219336.19699999993
219331.63199999998
219330.54700000002
219332.83400000003
219326.49600000004
219314.53000000003
219312.33000000007
219307.58899999992
219307.1200000001
219303.3230000001
219302.17500000005
219300.402
219299.713
219296.3600000001
219297.13599999994
219302.81799999997
219316.61599999992
219320.78600000008
219320.4210000001
219317.77399999998
219315.91299999994
219314.70099999988
219314.50699999998
219317.838
219318.43299999996
219315.71200000006
219308.03799999994
219307.69299999997
219302.8999999999
219297.55499999993
219293.2209999999
219290.65599999996
219288.50399999996
219289.9480000001
219282.64599999995
219281.5689999999
219277.41500000004
219276.46200000006
219267.21999999997
219264.81199999992
219261.733
219261.86199999996
219269.47999999998
219268.11400000006
219264.46699999995
219256.75900000008
219254.34199999995
219248.21600000001
219247.338
219253.93500000006
219251.4040000001
219248.4879999999
219245.94999999995
219242.73600000003
219235.56000000006
219227.814
219221.29700000002
219220.50399999996
219215.14800000004
219208.22600000002
219206.6769999999
219206.41999999993
219205.59100000001
219202.8529999999
219200.108
219193.19200000004
219187.79300000006
219181.56199999992
219177.7039999999
219175.33000000007
219172.848
219173.16500000004
219173.51799999992
219166.71200000006
219162.03499999992
219161.44999999995
219161.81499999994
219164.81499999994
219167.50900000008
219167.1769999999
219166.24900000007
219167.92200000002
219171.7890000001
219173.35899999994
219172.33400000003
219166.34700000007
219165.2649999999
219159.77300000004
219156.25600000005
219152.40599999996
219151.49099999992
219150.43800000008
219142.91100000008
219136.8999999999
219132.48200000008
219123.885
219119.14299999992
219115.1769999999
219110.9410000001
219107.34899999993
219099.33199999994
219096.517
219090.1910000001
219084.554
219080.93299999996
219071.86800000002
219067.68200000003
219063.17800000007
219064.9439999999
219071.75900000008
219077.67500000005
219079.44299999997
219079.97999999998
219078.483
219064.40599999996
219058.18200000003
219055.5049999999
219053.0789999999
219044.54900000012
219040.0730000001
219034.00699999998
219034.0190000001
219034.13100000005
219041.61400000006
219045.51300000004
219046.30099999998
219043.5190000001
219039.61400000006
219041.27300000004
219035.875
219031.61599999992
219027.09499999997
218976.3870000001
218947.6329999999
218958.054
218947.63899999997
218955.196
218968.42200000002
218956.24
218948.85700000008
218935.34000000008
218907.885
218907.733
218907.571
218822.527
218782.98200000008
218742.94699999993
218694.08199999994
218650.07799999998
218592.22900000005
218490.11400000006
218450.65999999992
218406.60700000008
218361.83400000003
218296.94200000004
218241.25900000008
218219.902
218142.5190000001
218048.95099999988
217724.04700000002
217668.24600000004
217652.97900000005
217646.04300000006
217627.36800000002
217455.3160000001
217217.99399999995
216798.4539999999
216695.311
216630.50399999996
216647.13100000005
216570.97200000007
216534.2890000001
216519.892
216508.33700000006
216508.32400000002
216508.27399999998
216507.1200000001
216506.94900000002
216507.44500000007
216515.189
216515.72900000005
216515.85499999998
216516.21600000001
216522.86899999995
216525.96200000006
216529.081
216534.56300000008
216534.99900000007
216525.348
216552.82400000002
216550.12800000003
216554.20500000007
216554.24399999995
216555.92500000005
216602.98699999996
216645.8940000001
216661.8500000001
216600.3060000001
216326.00900000008
216235.48600000003
216232.8330000001
216231.94900000002
216229.84400000004
216155.537
216162.10100000002
216158.3330000001
216194.90299999993
216231.723
216255.14500000002
216233.98399999994
216210.9480000001
216190.47399999993
216171.93800000008
216157.72999999998
216134.7209999999
216125.8559999999
216058.186
216042.18699999992
216012.3330000001
215991.15500000003
215972.50900000008
215960.9210000001
215684.8700000001
215601.3799999999
215576.18200000003
215586.33700000006
215575.5930000001
215547.3629999999
215483.17599999998
215461.223
215421.9410000001
215407.32000000007
215407.0930000001
215402.53399999999
215401.06799999997
215414.59400000004
215430.8829999999
215445.7420000001
215457.561
