264997.51
264934.97200000007
264912.4509999999
264881.4339999999
264844.5460000001
264823.55799999996
264796.98900000006
264740.9169999999
264730.86899999995
264712.57499999995
264709.0490000001
264706.865
264703.368
264701.054
264690.635
264672.18200000003
264653.1170000001
264634.26300000004
264615.4580000001
264588.5889999999
264484.811
264463.22
264459.115
264438.30700000003
264425.99399999995
264410.15599999996
264379.90100000007
264352.4550000001
264353.97900000005
264297.645
264226.017
263858.69299999997
263477.7819999999
263184.57700000005
263203.4240000001
263223.78
263236.70900000003
263239.199
263254.1540000001
263308.23600000003
263350.1440000001
263375.48399999994
263430.7860000001
263465.5800000001
263497.7209999999
263517.43200000003
263537.88100000005
263553.429
263574.858
263591.0360000001
263607.20900000003
263619.14800000004
263643.71900000004
263659.561
263675.35400000005
263707.60899999994
263736.22
263754.7590000001
263784.60199999996
263814.33400000003
263821.86899999995
263835.9099999999
263854.75600000005
263875.5049999999
263884.2579999999
263900.49
263909.00600000005
263947.79000000004
263992.1980000001
264004.65599999996
264028.395
264049.1229999999
264059.58499999996
264095.4909999999
264123.7150000001
264143.41800000006
264145.94500000007
264151.5660000001
264160.12100000004
264171.331
264176.007
264180.3829999999
264190.95900000003
264202.5020000001
264214.4099999999
264264.824
264269.1980000001
264278.098
264283.05499999993
264287.2050000001
264293.277
264369.22399999993
264443.9639999999
264520.8970000001
264517.7960000001
264517.61199999996
264516.83499999996
264512.65599999996
264509.1029999999
264501.2790000001
264495.524
264490.84400000004
264482.4850000001
264478.15100000007
264475.1499999999
264506.4650000001
264538.28
264593.4439999999
264647.8289999999
264683.44200000004
264700.63800000004
264758.19200000004
264794.8459999999
264822.16500000004
264842.6440000001
264871.294
264889.77099999995
264903.591
264949.2590000001
264996.28099999996
265040.05799999996
265086.39599999995
265099.926
265141.6669999999
265197.0560000001
265207.3359999999
265214.155
265219.43999999994
265227.16599999997
265234.7890000001
265241.5589999999
265248.3870000001
265253.1740000001
265264.3330000001
265270.29799999995
265278.054
265286.3430000001
265296.51399999997
265307.03799999994
265317.69500000007
265328.2749999999
265334.92299999995
265388.9099999999
265409.3289999999
265433.1329999999
265495.9820000001
265522.53
265542.27799999993
265564.436
265579.47399999993
265597.267
265623.70900000003
265697.26099999994
265726.1100000001
265809.2209999999
265910.26300000004
265909.87899999996
265905.2350000001
265895.074
265906.16299999994
265911.2139999999
265910.9199999999
265905.96699999995
265899.26099999994
265902.73900000006
265905.223
265906.23600000003
265907.858
265908.949
265923.7720000001
265929.5759999999
265930.21200000006
265931.14599999995
265933.3130000001
265938.551
265945.1299999999
265947.1470000001
265962.90100000007
265964.064
265973.824
265984.3999999999
265995.02600000007
266000.2549999999
266005.4140000001
266010.3840000001
266025.507
266037.44299999997
266050.5419999999
266067.60400000005
266075.274
266076.814
266115.22699999996
266115.554
266113.4310000001
266112.0419999999
266103.7420000001
266084.743
266072.696
266061.07000000007
266056.8570000001
266053.3089999999
266048.8300000001
266043.39100000006
266036.86199999996
266031.48399999994
266017.49399999995
266016.05499999993
266003.578
265992.1839999999
265971.3219999999
265967.1329999999
265963.6839999999
265964.02
266028.358
266041.7520000001
266063.966
266076.419
266155.19200000004
266180.118
266265.02799999993
266286.3999999999
266321.57700000005
266417.128
266426.06799999997
266433.2250000001
266486.28099999996
266494.0800000001
266578.47900000005
266632.186
266716.07499999995
266781.4339999999
266820.66599999997
266833.0390000001
266855.8330000001
266855.4650000001
266786.01300000004
266803.91599999997
266812.47699999996
266871.77300000004
266934.534
266949.97399999993
266969.20900000003
266991.9680000001
267003.6129999999
267041.8030000001
267109.0900000001
267142.74399999995
267377.179
267384.54300000006
267397.351
267417.8119999999
267494.6699999999
267543.645
267552.777
267578.92299999995
267600.23399999994
267615.19999999995
267619.4069999999
267620.4069999999
267746.1370000001
267751.6839999999
267752.1939999999
267765.3359999999
267923.85400000005
267997.30499999993
268055.26399999997
268058.9199999999
268093.2279999999
268127.96699999995
268190.544
268240.01399999997
268264.6910000001
268332.28799999994
268511.203
268749.5020000001
268959.6610000001
268971.3019999999
269051.04000000004
269051.1100000001
269063.75399999996
269064.01399999997
269091.3119999999
269091.31499999994
269091.33499999996
269096.13899999997
269301.507
269359.89800000004
269377.6029999999
269388.6070000001
269394.09400000004
269396.8019999999
269400.6939999999
269418.74
269464.2520000001
269509.80499999993
269511.3970000001
269553.9809999999
269595.743
269670.99600000004
269671.0360000001
269662.8230000001
269661.804
269661.774
269661.0319999999
269660.59700000007
269659.0830000001
269643.0349999999
269631.615
269609.73900000006
269602.2860000001
269595.0020000001
269563.1869999999
269511.9439999999
269511.85400000005
269509.85199999996
269502.1000000001
269505.08499999996
269509.3670000001
269509.4169999999
269537.19500000007
269547.9069999999
269561.34700000007
269540.243
269523.3970000001
269521.41800000006
269521.38800000004
269520.19500000007
269435.2350000001
269434.8670000001
269434.59899999993
269484.2590000001
269486.5800000001
269497.98699999996
269774.8019999999
270000.28300000005
270027.828
270082.517
270088.9040000001
270271.4580000001
270271.503
270387.49900000007
270476.7790000001
270549.91800000006
270661.31799999997
270813.8729999999
270862.3570000001
270862.3870000001
270880.5049999999
270898.4210000001
270898.54099999997
271034.09700000007
271034.1470000001
271032.993
271028.9439999999
270932.22399999993
270931.5079999999
270923.8130000001
270890.3570000001
270852.7420000001
270852.463
270784.503
270618.49600000004
270610.89599999995
270606.6969999999
270606.537
270606.47699999996
270604.28300000005
270484.2479999999
270424.30700000003
270367.30700000003
270249.155
270248.4850000001
270084.2960000001
270079.9469999999
270076.8929999999
270072.9709999999
270066.304
270029.90299999993
269980.9950000001
269972.5220000001
269972.4820000001
269923.17500000005
269705.5319999999
269705.422
269699.716
269699.828
269724.919
269734.578
269734.54099999997
269734.4539999999
269732.46200000006
269714.605
269680.064
269590.446
269667.3529999999
269756.2279999999
269845.89599999995
269874.4920000001
269896.649
269901.3160000001
269901.40599999996
269984.39599999995
270070.75600000005
270091.83700000006
270219.274
270252.328
270346.3970000001
270472.155
270524.8130000001
270546.939
270577.1299999999
270592.52600000007
270634.10400000005
270634.1740000001
270693.78
270784.3870000001
270872.4920000001
270919.2620000001
271094.6869999999
271097.6980000001
271129.22
271129.422
271137.0959999999
271150.4609999999
271203.93200000003
271208.878
271208.9680000001
271209.02799999993
271280.6980000001
271377.8459999999
271397.618
271397.66800000006
271436.5619999999
271436.59199999995
271520.6429999999
271549.73900000006
271615.77600000007
271627.324
271659.88800000004
271693.33700000006
271828.72200000007
271749.8089999999
271748.2309999999
271747.983
271740.80000000005
271738.20699999994
271738.098
271692.10400000005
271669.399
271657.199
271652.858
271642.69500000007
271602.60199999996
271596.51300000004
271596.24399999995
271583.0730000001
271473.09700000007
271470.2960000001
271355.65299999993
271339.4609999999
271339.392
271302.63800000004
271286.1780000001
271276.2150000001
271275.399
271274.524
271272.0449999999
271282.00099999993
271400.21900000004
271541.5800000001
271657.75399999996
271769.69299999997
271862.5859999999
271878.007
271878.4639999999
272007.76399999997
272038.6399999999
272031.44500000007
272026.66299999994
272025.1370000001
272021.59700000007
272040.0719999999
272040.26399999997
272048.01300000004
272064.686
272064.70699999994
272131.301
272219.86899999995
272264.7050000001
272279.2150000001
272263.4680000001
272236.6640000001
272132.997
272132.767
272120.6029999999
272120.5930000001
272120.5519999999
272032.6499999999
272030.101
272030.071
271906.7549999999
271887.14599999995
271877.6810000001
271858.01300000004
271836.40100000007
271814.2279999999
271801.6880000001
271767.39800000004
271733.09899999993
271635.4979999999
271615.3430000001
271536.9609999999
271312.4380000001
271312.41800000006
271312.39800000004
271299.01
271213.554
270976.453
270889.13100000005
270857.00099999993
270777.24600000004
270757.2919999999
270749.71900000004
270629.8929999999
270561.59700000007
270534.83700000006
270531.5959999999
270531.257
270531.22699999996
270521.6059999999
270518.4920000001
270518.4920000001
270499.89599999995
270493.18999999994
270493.1499999999
270444.4580000001
270420.4110000001
270365.93999999994
270313.51399999997
270249.412
270061.6769999999
270058.946
269922.81499999994
269922.69500000007
269880.59899999993
269702.9950000001
269702.81499999994
269696.3929999999
269668.338
269643.4909999999
269579.9509999999
269523.828
269522.4469999999
269465.503
269449.0689999999
269448.9979999999
269280.32000000007
269274.385
269273.9140000001
269273.38100000005
269261.83499999996
269254.7749999999
269189.2649999999
269183.402
269177.53300000005
269177.49399999995
269155.5149999999
269110.52099999995
268996.5090000001
268872.7590000001
268833.649
268832.73600000003
268832.2649999999
268660.80499999993
268583.7960000001
268521.88800000004
268521.56700000004
268506.43299999996
268429.1880000001
268352.1200000001
268372.00099999993
268371.92999999993
268656.40299999993
268662.9410000001
268664.0800000001
268715.25
268715.54099999997
268750.105
268751.6059999999
268796.899
268885.7690000001
268899.17299999995
268915.6340000001
268962.1370000001
268962.247
268964.598
268967.6980000001
268967.6880000001
268978.9979999999
268887.098
268795.44299999997
268783.0120000001
268722.97900000005
268594.33499999996
268505.83700000006
268505.49600000004
268502.6969999999
268385.9979999999
268328.753
268325.976
268274.811
268142.6969999999
268112.95999999996
268109.93500000006
268126.287
268126.2860000001
268137.7790000001
268138.91299999994
268138.92299999995
268139.41599999997
268281.3840000001
268281.3940000001
268281.4040000001
268282.82499999995
268330.0689999999
268352.33499999996
268371.29799999995
268372.473
268373.17299999995
268354.0830000001
268313.9509999999
268303.52
268294.79799999995
268286.30000000005
268323.69999999995
268297.63100000005
268286.07499999995
268268.422
268255.777
268220.10199999996
268204.78099999996
268151.6740000001
268069.78
267975.0589999999
267984.551
267924.78
267924.14599999995
267918.5959999999
267831.8940000001
267820.311
267712.49900000007
267712.5190000001
267712.49900000007
267774.99900000007
267799.399
267862.0959999999
267861.76300000004
267861.5759999999
267859.3500000001
267904.4469999999
267940.8019999999
268072.89599999995
268076.899
268085.4979999999
268125.108
268153.3529999999
267968.9650000001
267952.591
267853.48900000006
267853.45900000003
267871.6000000001
267882.7209999999
267884.6470000001
267900.23900000006
267904.0049999999
267906.42299999995
267903.4099999999
267884.8119999999
267843.3189999999
267831.5789999999
267799.4099999999
267769.1540000001
267738.09400000004
267697.0290000001
267687.858
267616.088
267607.4750000001
267564.179
267394.6470000001
267270.689
267231.11100000003
267174.43500000006
267171.21200000006
267126.14100000006
267082.92999999993
267052.162
267023.8259999999
266998.51
266976.7250000001
266891.0900000001
266830.196
266821.5730000001
266733.804
266633.98600000003
266524.6329999999
266311.74399999995
266259.132
266251.5560000001
266218.98
266203.45699999994
266132.19999999995
266051.405
266049.7139999999
266001.32499999995
265959.5319999999
265924.9240000001
265846.1810000001
265844.0789999999
265782.179
265779.6470000001
265779.037
265771.06000000006
265767.66800000006
265762.1129999999
265761.26300000004
265757.0290000001
265752.2649999999
265747.4609999999
265498.0619999999
265466.206
265522.26300000004
265545.45200000005
265579.1669999999
265579.6740000001
265579.787
265578.70900000003
265577.76600000006
265547.747
265522.7749999999
265502.24900000007
265486.5900000001
265436.088
265440.247
265428.43500000006
265406.1839999999
265374.4240000001
265335.551
265327.71200000006
265292.45999999996
265194.66500000004
265174.8529999999
265156.3130000001
265139.87599999993
265126.3030000001
265115.716
265108.91800000006
265092.172
265040.21699999995
265032.841
265011.95900000003
264983.155
264957.18999999994
264983.696
265003.5490000001
264997.51
