195600.06799999997
195606.28499999992
195666.53499999992
195690.58199999994
195724.7890000001
195723.77600000007
195867.875
195912.18200000003
195949.9809999999
195973.28099999996
196104.96600000001
196497.9920000001
196714.45900000003
196756.2549999999
196776.75600000005
196833.53099999996
196889.09700000007
196999.00099999993
197202.80799999996
197614.67299999995
197637.21600000001
197664.0730000001
197657.57199999993
197644.19999999995
197653.48900000006
197657.46500000008
197661.0959999999
197664.22999999998
197666.7350000001
197672.84199999995
197704.15299999993
197733.78000000003
197764.98399999994
197761.92400000012
197767.5319999999
197770.82799999998
197775.18699999992
197780.34499999997
197786.01799999992
197808.838
197831.68500000006
197865.80799999996
197891.98900000006
197878.7690000001
197902.5049999999
197903.8999999999
197899.8940000001
197888.53300000005
197888.23900000006
197876.28099999996
197877.74300000002
197869.56799999997
197873.706
197875.99
197879.42200000002
197883.8700000001
197906.84700000007
197911.31199999992
197915.19699999993
197918.41299999994
197920.885
197984.8899999999
198054.39899999998
198085.2749999999
198049.47600000002
198058.15599999996
198098.85199999996
198102.34100000001
198148.956
198162.98600000003
198211.9809999999
198248.4920000001
198258.1299999999
198247.77000000002
198250.58199999994
198252.9850000001
198254.87599999993
198256.17400000012
198256.80499999993
198256.75699999998
198256.00699999998
198254.61199999996
198219.7309999999
198211.9480000001
198231.75099999993
198223.70900000003
198231.03799999994
198256.652
198262.46999999997
198292.814
198319.3459999999
198325.0589999999
198330.87800000003
198334.02600000007
198333.72600000002
198316.03600000008
198300.52300000004
198279.62100000004
198297.4680000001
198318.3330000001
198363.6170000001
198368.29499999993
198334.13100000005
198326.8060000001
198328.412
198354.39899999998
198390.65599999996
198379.45500000007
198382.34400000004
198370.6170000001
198382.59899999993
198398.11899999995
198419.3359999999
198511.94200000004
198595.3230000001
198675.3970000001
198871.40500000003
198894.07700000005
198937.99600000004
198964.9750000001
198913.34000000008
198969.17800000007
199032.1810000001
199168.4879999999
199217.43299999996
199283.68800000008
199279.26099999994
199422.19200000004
199439.18500000006
199512.49399999995
199531.43500000006
199600.69699999993
199668.92299999995
199717.8459999999
199763.51799999992
199813.1910000001
199876.412
199895.56700000004
199915.0589999999
199969.598
200176.0419999999
200209.80799999996
200347.5859999999
200435.8600000001
200499.14100000006
200533.55000000005
200570.3729999999
200590.38199999998
200610.6569999999
200630.679
200649.90800000005
200652.60199999996
200664.25300000003
200670.97399999993
200679.12899999996
200688.45500000007
200698.6470000001
200721.4269999999
200743.91500000004
200755.04000000004
200767.24699999997
200794.8189999999
200822.7039999999
200863.51600000006
200903.17400000012
200939.45699999994
200976.419
201054.3359999999
201155.9140000001
201223.571
201319.25300000003
201338.6329999999
201356.9709999999
201379.88599999994
201392.02600000007
201404.66500000004
201417.25300000003
201429.20900000003
201499.10100000002
201521.70900000003
201578.71200000006
201678.10700000008
201723.7080000001
201751.99
201783.86800000002
201858.5149999999
201827.00600000005
201871.74900000007
201874.63800000004
201879.01
201884.5560000001
201890.87100000004
201918.2579999999
201921.34400000004
201922.76399999997
201924.80799999996
201927.35199999996
201930.3060000001
201933.52799999993
201936.885
201940.21900000004
201945.8870000001
201948.47699999996
201951.00099999993
201953.29700000002
201955.18200000003
201956.55700000003
201957.3160000001
201957.4069999999
201946.97999999998
201951.19999999995
201955.963
201961.1200000001
202029.99900000007
202115.19200000004
202115.72699999996
202114.87800000003
202111.9750000001
202107.125
202100.4850000001
202079.99300000002
202094.071
202113.31799999997
202101.28799999994
202105.08400000003
202090.5049999999
202095.2890000001
202112.82700000005
202122.31300000008
202145.12899999996
202181.79000000004
202163.15500000003
202179.7649999999
202227.06300000008
202223.3629999999
202227.90500000003
202221.39299999992
202240.22399999993
202244.2649999999
202284.5149999999
202287.03799999994
202288.16299999994
202287.8559999999
202286.12100000004
202271.65599999996
202279.439
202294.44999999995
202293.5560000001
202304.80099999998
202322.88199999998
202324.6399999999
202349.7549999999
202346.9950000001
202352.7549999999
202362.36100000003
202355.53499999992
202368.81000000006
202410.69200000004
202417.04900000012
202433.18200000003
202437.963
202434.56199999992
202462.45699999994
202562.3870000001
202590.92299999995
202618.49600000004
202639.19299999997
202675.4169999999
202722.32000000007
202749.80499999993
202768.8629999999
202758.08899999992
202762.91100000008
202766.56700000004
202768.94200000004
202769.929
202784.16999999993
202861.70099999988
202857.40899999999
202878.76099999994
202901.57000000007
202951.338
202982.527
202986.365
202989.0689999999
202992.90500000003
202997.98600000003
203011.44900000002
203010.03799999994
203049.34899999993
203099.4410000001
203153.73699999996
203137.6769999999
203109.19900000002
203061.6399999999
203003.69699999993
202972.6440000001
202936.15500000003
202888.1000000001
204191.9539999999
204551.8529999999
204564.35499999998
204585.439
204595.2420000001
204603.7620000001
204610.78499999992
204616.12599999993
204634.5519999999
204641.0859999999
204652.723
204668.8359999999
204681.8940000001
204729.66999999993
204737.45699999994
204742.94699999993
204745.95900000003
204746.40599999996
204804.54300000006
204832.314
204926.8870000001
204945.2819999999
204948.2720000001
204951.5519999999
204955.0419999999
204958.67200000002
204962.36199999996
204966.03300000005
204969.59400000004
204972.97399999993
205027.31000000006
205047.24
205064.25399999996
205106.68299999996
205152.71500000008
205190.38100000005
205151.38400000008
205135.858
205136.38100000005
205122.87800000003
205121.13599999994
205137.58400000003
205122.03600000008
205126.983
205054.2890000001
205017.6059999999
205017.46600000001
205033.31000000006
205062.9210000001
205186.85700000008
205256.9439999999
205283.3770000001
205302.93699999992
205295.07000000007
205264.73600000003
205263.473
205262.98699999996
205263.321
205264.439
205266.28300000005
205268.7690000001
205271.74699999997
205275.06799999997
205307.642
205311.71399999992
205314.713
205315.70099999988
205318.76099999994
205333.88100000005
205355.43299999996
205392.53799999994
205422.3600000001
205450.64599999995
205469.358
205527.44699999993
205562.0789999999
205611.48900000006
205652.69900000002
205683.70900000003
205715.1000000001
205804.233
205827.9850000001
205865.2819999999
205879.912
205919.9210000001
205950.92299999995
205975.7080000001
206022.29000000004
206109.04000000004
206125.40899999999
206156.3529999999
206177.96500000008
206253.15299999993
206309.50699999998
206373.99
206396.26799999992
206453.41599999997
206515.37400000007
206529.35499999998
206545.57400000002
206548.82499999995
206594.35400000005
206607.21399999992
206617.50600000005
206641.9879999999
206654.46500000008
206663.87800000003
206656.34000000008
206617.53799999994
206583.83000000007
206562.36599999992
206540.41999999993
206522.7279999999
206505.777
206527.3160000001
206586.78000000003
206602.84400000004
206628.97999999998
206643.94999999995
206672.29900000012
206735.6000000001
206764.37400000007
206779.88899999997
206792.92500000005
206815.81499999994
206878.72200000007
206895.27600000007
206912.5319999999
206930.05000000005
206947.38100000005
206962.9480000001
206970.1000000001
206977.54900000012
206985.04300000006
206992.304
207022.2620000001
207062.32199999993
207081.95699999994
207101.00399999996
207127.3770000001
207147.44999999995
207181.554
207194.59199999995
207217.3899999999
207236.5
207260.1640000001
207296.66800000006
207330.26300000004
207344.11599999992
207343.68999999994
207344.7250000001
207347.19699999993
207351.04900000012
207355.99900000007
207350.92200000002
207389.8899999999
207415.55300000007
207438.1810000001
207447.64800000004
207463.6640000001
207476.10199999996
207487.10400000005
207496.16599999997
207536.6440000001
207581.58700000006
208078.88800000004
208143.98900000006
208145.8559999999
208154.57799999998
208185.162
208233.017
208347.365
208382.04300000006
208402.564
208423.554
208425.321
208426.56199999992
208427.23900000006
208427.6229999999
208441.77399999998
208467.78499999992
208529.99600000004
208556.69299999997
208592.0049999999
208637.983
208702.8600000001
208709.60499999998
208727.57499999995
208730.6370000001
208737.439
208750.358
208755.79700000002
208752.9439999999
208754.96999999997
208761.04300000006
208763.7250000001
208770.72699999996
208782.69299999997
208786.78000000003
208791.12199999997
208798.55799999996
208805.6399999999
208810.2790000001
208810.26799999992
208807.10700000008
208801.95200000005
208790.9410000001
208774.8729999999
208771.61400000006
208767.81000000006
208762.19500000007
208762.52600000007
208761.0460000001
208761.09899999993
208761.7749999999
208762.84000000008
208770.3060000001
208781.8770000001
208795.4950000001
208813.41800000006
208812.55000000005
208811.74300000002
208806.8629999999
208804.16599999997
208802.03600000008
208799.206
208788.3600000001
208835.24600000004
208842.84100000001
208849.8359999999
208855.67800000007
208859.91299999994
208876.16299999994
208881.98900000006
208889.19699999993
208946.0220000001
208958.6100000001
209004.68500000006
209027.4040000001
209052.66100000008
209090.18800000008
209130.358
209176.71600000001
209224.05099999998
209282.17999999993
209345.79799999995
209379.8970000001
209465.49900000007
209507.706
209558.6000000001
209677.80300000007
209706.71699999995
209740.22399999993
209776.3430000001
209875.09000000008
209899.90999999992
209919.87800000003
209941.9950000001
209999.49300000002
210032.86199999996
210084.24300000002
210135.27399999998
210161.17599999998
210186.4480000001
210226.8559999999
210261.8089999999
210343.7520000001
210423.5390000001
210535.804
210569.35899999994
210601.21699999995
210667.28499999992
210713.30000000005
210760.60100000002
210780.05300000007
210754.72399999993
210759.16800000006
210750.10499999998
210798.8189999999
210848.38599999994
210866.29499999993
210897.179
210896.7180000001
210888.7579999999
210866.6710000001
210878.57799999998
210858.09100000001
210870.2450000001
210875.9069999999
210893.63100000005
210889.3559999999
210907.20099999988
210930.94999999995
210812.4140000001
210793.56199999992
210788.8160000001
210783.53000000003
210778.20299999998
210775.68299999996
210776.2180000001
210754.6170000001
210761.01399999997
210760.01399999997
210712.81000000006
210735.31199999992
210760.37800000003
210775.3459999999
210787.0319999999
210805.2549999999
210819.57000000007
210861.02000000002
210916.49699999997
210923.5419999999
210929.67800000007
210934.7309999999
210938.55700000003
210954.01799999992
211019.686
211022.179
211037.04900000012
211055.5
211058.51399999997
211062.35499999998
211066.8600000001
211071.83499999996
211076.78799999994
211081.04099999997
211084.36800000002
211086.6170000001
211088.45699999994
211107.89899999998
211135.12100000004
211153.5249999999
211169.62100000004
211174.2309999999
211193.96200000006
211223.4040000001
211249.59400000004
211260.044
211271.50900000008
211270.2450000001
211290.45299999998
211299.8870000001
211313.22999999998
211324.50399999996
211331.86400000006
211372.348
211378.45299999998
211405.70200000005
211416.55000000005
211439.4609999999
211452.64500000002
211481.8799999999
211510.71600000001
211543.84700000007
211568.11400000006
211596.63899999997
211604.85499999998
211630.8899999999
211650.27000000002
211677.32000000007
211712.787
211730.179
211749.4580000001
211776.017
211772.213
211790.3019999999
211823.90599999996
211832.98900000006
211830.57599999988
211839.081
211846.47600000002
211877.59199999995
211907.517
211915.662
211951.01099999994
211952.80799999996
211978.7279999999
211998.3500000001
212005.52000000002
212009.84700000007
211987.04499999993
211982.16800000006
212013.37199999997
212027.9269999999
212081.76799999992
212119.60100000002
212149.34899999993
212173.77399999998
212200.162
212211.72200000007
212218.02799999993
212258.55099999998
212287.6229999999
212313.25
212346.10499999998
212381.25699999998
212506.95200000005
212522.95200000005
212600.713
212635.30099999998
212658.64500000002
212694.54700000002
212740.72699999996
212769.223
212781.12599999993
212825.9779999999
212879.4879999999
212902.14899999998
212916.00900000008
212931.11400000006
212951.10400000005
212965.1669999999
212980.304
212996.41599999997
213013.3160000001
213038.7279999999
213054.15999999992
213071.78000000003
213096.5120000001
213119.9609999999
213150.31000000006
213201.9879999999
213286.53499999992
213309.9709999999
213325.03300000005
213328.90800000005
213327.95299999998
213346.01
213350.82199999993
213373.75399999996
213468.4950000001
213540.3770000001
213558.82799999998
213599.1370000001
213629.58700000006
213640.6569999999
213654.73600000003
213663.94699999993
213677.61800000002
213681.95099999988
213686.17599999998
213690.18200000003
213693.8999999999
213699.13899999997
213703.0390000001
213716.44699999993
213730.67200000002
213743.21900000004
213761.43299999996
213781.58400000003
213805.93500000006
213813.071
213824.2649999999
213833.56000000006
213839.24699999997
213853.108
213856.96500000008
213871.21999999997
213895.412
213965.19299999997
213999.08199999994
214025.09100000001
214073.83199999994
214074.96600000001
214139.2649999999
214187.24099999992
214211.30799999996
214325.598
214342.71500000008
214379.62599999993
214393.19999999995
214408.054
214421.29799999995
214433.54300000006
214411.94699999993
214495.21500000008
214518.53499999992
214619.83899999992
214697.44299999997
214833.7309999999
214869.11400000006
214976.0589999999
214996.35700000008
215036.10199999996
215055.99300000002
215064.69900000002
215186.946
215210.66800000006
215247.6669999999
215256.27399999998
215303.7749999999
215376.76099999994
215393.652
215404.52099999995
215421.41299999994
215440.57799999998
215487.6910000001
215509.5830000001
215553.9709999999
215567.05700000003
215574.0290000001
215618.06799999997
215615.67800000007
215617.4310000001
215632.06000000006
215630.40899999999
215724.02300000004
215755.52399999998
215788.79499999993
215798.25399999996
215878.50399999996
215934.1299999999
215977.89599999995
216000.24600000004
216011.29900000012
216019.0519999999
216030.6370000001
216031.99900000007
216041.86800000002
216072.858
216072.41800000006
216109.43200000003
216155.294
216177.392
216163.3359999999
216180.2209999999
216194.88899999997
216221.125
216231.66999999993
216226.70299999998
216230.90800000005
216246.206
216251.99900000007
216260.59499999997
216254.49399999995
216257.16999999993
216293.32000000007
216333.74399999995
216361.94999999995
216362.63400000008
216376.20099999988
216372.6029999999
216412.96999999997
216433.15999999992
216442.34400000004
216460.42999999993
216468.13400000008
216487.67599999998
216513.09000000008
216516.3230000001
216528.18299999996
216530.95900000003
216530.82799999998
216533.3799999999
216540.78799999994
216558.0959999999
216573.82499999995
216606.16500000004
216633.9609999999
216631.22600000002
216628.0859999999
216615.5730000001
216625.3970000001
216719.07400000002
216726.90500000003
216762.2549999999
216797.89599999995
216821.402
216886.44699999993
216947.5589999999
216979.53600000008
217027.794
217054.30099999998
217144.32000000007
217204.33400000003
217222.7379999999
217263.49300000002
217297.49099999992
217318.64899999998
217358.89899999998
217367.31499999994
217386.79499999993
217407.11199999996
217422.45999999996
217420.05700000003
217437.3999999999
217436.86599999992
217498.97999999998
217601.13400000008
217640.189
217697.18999999994
217703.83700000006
217723.65999999992
217745.7450000001
217766.51399999997
217796.6470000001
217793.30300000007
217840.18800000008
217874.821
217901.46699999995
217914.75300000003
217923.456
217938.19500000007
217963.017
217972.45099999988
217986.5020000001
218027.77399999998
218050.32000000007
218076.169
218099.2790000001
218109.4410000001
218206.686
218284.35100000002
218356.9539999999
218386.34899999993
218454.7080000001
218465.83000000007
218511.88899999997
218543.23200000008
218597.63100000005
218626.21999999997
218653.12599999993
218712.62899999996
218807.42500000005
218903.86899999995
218980.89100000006
219006.287
219026.59100000001
219046.4879999999
219072.517
219113.70299999998
219131.45999999996
219171.84400000004
219203.3430000001
219223.912
219372.919
219565.311
219630.61400000006
219705.6440000001
219710.29300000006
219710.05700000003
219714.2819999999
219716.35100000002
219723.3289999999
219726.6640000001
219728.152
219734.12800000003
219735.46699999995
219739.85499999998
219745.51099999994
219761.5830000001
219764.68200000003
219766.81000000006
219767.912
219767.9210000001
219761.97699999996
219812.30499999993
219816.6669999999
220069.98699999996
220133.25699999998
220139.84100000001
220146.41599999997
220152.82199999993
220158.87800000003
220188.93800000008
220273.24099999992
220276.7960000001
220280.40100000007
220283.99600000004
220319.33400000003
220340.91599999997
220384.95500000007
220418.82799999998
220445.28499999992
220482.11800000002
220489.94999999995
220496.73699999996
220520.66500000004
220525.29499999993
220530.36199999996
220535.7749999999
220563.21399999992
220583.54300000006
220618.9920000001
220636.47399999993
220659.87199999997
220683.4680000001
220690.5
220701.8899999999
220706.82499999995
220711.71399999992
220716.2649999999
220740.4069999999
220764.53300000005
220791.20299999998
220797.8770000001
220804.5390000001
220818.15100000007
220831.6299999999
220844.52600000007
220870.80099999998
220878.64899999998
220909.31700000004
220945.098
220964.14599999995
220969.331
220974.45200000005
220979.3970000001
220984.03600000008
221011.36599999992
221043.34199999995
221078.97900000005
221090.929
221102.48600000003
221113.2720000001
221122.9210000001
221146.61199999996
221167.5519999999
221174.939
221182.9979999999
221204.58700000006
221219.189
221227.7109999999
221235.912
221270.608
221282.69699999993
221295.1669999999
221311.03499999992
221316.93800000008
221322.24900000007
221337.05799999996
221340.64299999992
221344.60100000002
221348.8019999999
221353.13899999997
221374.7250000001
221410.28499999992
221414.24399999995
221418.10499999998
221423.32599999988
221427.858
221440.561
221443.32700000005
221445.49099999992
221446.99099999992
221447.77399999998
221450.0519999999
221453.642
221458.43800000008
221464.29900000012
221480.3970000001
221523.48200000008
221662.7420000001
221757.36100000003
221776.49699999997
221793.358
221840.7960000001
221941.19200000004
221981.777
222013.74300000002
222049.56000000006
222098.10100000002
222137.635
222152.0789999999
222181.7080000001
222222.93500000006
222245.33899999992
222272.7420000001
222390.01799999992
222436.79300000006
222495.32799999998
222544.56300000008
222578.3230000001
222985.22900000005
222999.412
223003.2080000001
223005.537
223009.4950000001
223394.57599999988
223802.83899999992
223817.7309999999
223847.58700000006
223854.1370000001
223854.70500000007
223869.53600000008
224105.8019999999
224330.47900000005
224631.37400000007
224788.62400000007
224791.49399999995
224802.06199999992
224813.68999999994
224826.6910000001
224837.0730000001
224842.87400000007
224845.3999999999
225021.38800000004
225225.64800000004
225232.0830000001
225343.47200000007
225343.777
225506.97399999993
225570.57799999998
225630.598
225684.28099999996
225756.1980000001
225841.31000000006
225884.3899999999
225899.08199999994
225906.55499999993
225930.47900000005
225966.56300000008
225966.5930000001
225954.04000000004
225837.662
225837.2890000001
225771.97600000002
224156.93699999992
223747.57199999993
222451.7450000001
222434.206
222176.338
222106.99699999997
221978.429
221924.6200000001
221908.70299999998
221858.49300000002
221729.09700000007
221656.02399999998
221655.04799999995
221654.47200000007
221625.08499999996
221616.22900000005
221609.15299999993
221579.68500000006
221577.32700000005
221553.7960000001
221552.47399999993
221514.40599999996
221508.30499999993
221501.71399999992
221459.78000000003
221430.09000000008
221415.47600000002
221402.56499999994
221378.19699999993
221371.41999999993
221361.97699999996
221344.36800000002
221326.81799999997
221325.49
221320.2250000001
221310.60100000002
221309.027
221308.10199999996
221272.15599999996
221249.3330000001
221232.68299999996
221213.3970000001
221205.18500000006
221197.59499999997
221186.16599999997
221181.47399999993
221170.294
221163.96600000001
221161.304
221156.66100000008
221154.93500000006
221153.96699999995
221153.59100000001
221153.84700000007
221154.75
221157.365
221171.22600000002
221179.456
221183.9850000001
221210.09199999995
221256.66299999994
221268.12199999997
221270.20500000007
221286.6440000001
221301.5079999999
221335.56300000008
221339.03600000008
221355.7080000001
221390.767
221403.02399999998
221409.96399999992
221423.25699999998
221445.98399999994
221518.3500000001
221518.10199999996
221520.46600000001
221537.85199999996
221557.35899999994
221533.463
221533.05799999996
221443.76
221446.16999999993
221452.98699999996
221466.76600000006
221375.36100000003
221312.9680000001
221281.67299999995
221264.46699999995
221249.8529999999
221224.46600000001
221166.581
221116.6669999999
220974.3700000001
220956.18999999994
220886.8870000001
220875.70099999988
220875.385
220860.99
220832.4809999999
220735.74099999992
220694.3230000001
220674.1299999999
220668.983
219814.189
219813.99300000002
219801.74399999995
219791.37899999996
219784.43800000008
219779.4539999999
219761.22699999996
219754.9750000001
219742.3799999999
219735.36899999995
219729.00300000003
219727.4609999999
219710.28600000008
219706.0149999999
219705.77399999998
219688.7279999999
219684.40100000007
219684.07199999993
219668.25699999998
219644.91500000004
219630.963
219624.74099999992
219599.4480000001
219555.2109999999
219536.5220000001
219445.4580000001
219421.8089999999
219379.29799999995
219357.67599999998
219255.79700000002
219219.28799999994
219188.2450000001
219180.67400000012
219141.0560000001
219102.1329999999
219030.89800000004
219033.6229999999
219002.36800000002
218973.10400000005
218954.34100000001
218930.689
218923.5519999999
218906.2620000001
218876.02300000004
218854.04900000012
218830.8430000001
218819.108
218807.76300000004
218796.87199999997
218786.96900000004
218768.31000000006
218748.0049999999
218725.14299999992
218713.50600000005
218701.1499999999
218682.39599999995
218675.48200000008
218654.58000000007
218648.12899999996
218641.37899999996
218635.33700000006
218619.75300000003
218606.8600000001
218532.04099999997
218526.01799999992
218522.11899999995
218506.94900000002
218495.18299999996
218489.5390000001
218474.34199999995
218458.767
218439.30300000007
218437.03399999999
218429.98600000003
218423.98600000003
218403.1270000001
218395.5249999999
218380.55499999993
218368.72399999993
218362.564
218358.90599999996
218355.4069999999
218352.63599999994
218341.18699999992
218322.2549999999
218314.04000000004
218307.99
218287.17200000002
218281.8799999999
218270.2819999999
218257.338
218237.43500000006
218223.0859999999
218212.05300000007
218201.03499999992
218184.82199999993
218163.90999999992
218157.49099999992
218143.40500000003
218138.6440000001
218130.84499999997
218122.26
218117.48200000008
218112.3799999999
218100.44299999997
218081.79099999997
218067.66800000006
218061.69900000002
218039.17599999998
218033.11100000003
218023.08199999994
218002.4979999999
217988.87400000007
217971.30300000007
217946.0319999999
217919.2109999999
217887.59000000008
217879.60700000008
217842.1170000001
217838.72600000002
217820.56499999994
217810.892
217799.6470000001
217760.88899999997
217758.956
217723.59700000007
217693.69999999995
217677.93699999992
217641.1100000001
217629.3670000001
217590.10700000008
217556.07199999993
217526.439
217468.70500000007
217445.7649999999
217381.09899999993
217347.12599999993
217348.25099999993
217329.20299999998
217302.80099999998
217276.92299999995
217253.3799999999
217223.34700000007
217194.7649999999
217158.35899999994
217107.17999999993
217064.2450000001
217024.37800000003
217034.3559999999
217042.57000000007
217049.78600000008
217048.2520000001
217035.78000000003
216989.3330000001
216978.85199999996
216961.15100000007
216934.1299999999
216858.69500000007
216827.2549999999
216799.0190000001
216769.92599999998
216741.97900000005
216713.82799999998
216683.17400000012
216661.65599999996
216598.45999999996
216579.90800000005
216553.27300000004
216533.8500000001
216503.99
216456.581
216422.348
216390.12800000003
216327.152
216298.7960000001
216271.40100000007
216189.689
216154.5049999999
216093.13899999997
216047.66599999997
215902.91500000004
215868.2690000001
215574.8230000001
215546.20200000005
215507.28799999994
215275.3160000001
215245.55000000005
215221.55499999993
215197.78399999999
215171.91100000008
215143.7520000001
215121.91100000008
215108.54099999997
215105.40599999996
215104.40999999992
215102.8670000001
215100.93200000003
215098.733
215095.652
215093.04900000012
215091.24900000007
215090.47900000005
215075.1100000001
215064.713
215054.2250000001
215048.3089999999
215042.71200000006
215037.54300000006
215028.4920000001
215023.45099999988
215018.0249999999
215012.4539999999
215005.79099999997
214999.6499999999
214994.439
214990.473
214975.6640000001
214964.2080000001
214948.13400000008
214936.49300000002
214931.8770000001
214692.48699999996
214190.321
214150.21200000006
214055.0589999999
214023.97900000005
213991.8799999999
213964.02000000002
213949.5120000001
213936.49300000002
213913.72699999996
213875.436
213854.6669999999
213852.19299999997
213849.3160000001
213846.16299999994
213842.89500000002
213839.65999999992
213836.61100000003
213801.1810000001
213793.72999999998
213785.9169999999
213778.13199999998
213772.31300000008
213766.54099999997
213760.96900000004
213755.767
213730.1059999999
213716.61800000002
213696.3600000001
213667.73399999994
213639.338
213578.07599999988
213540.53399999999
213511.2790000001
213492.0390000001
213471.287
213460.73399999994
213458.1299999999
213454.767
213450.77000000002
213446.2819999999
213379.8060000001
213366.43999999994
213339.6440000001
213339.98699999996
213329.32799999998
213318.99300000002
213292.44900000002
213275.8799999999
213250.0560000001
213207.64899999998
213169.436
213140.39100000006
213120.79000000004
213100.45200000005
213046.0519999999
213031.44900000002
213012.30499999993
212999.11400000006
212982.14299999992
212947.35499999998
212883.7039999999
212862.97900000005
212826.85100000002
212804.625
212780.14500000002
212765.4779999999
212739.642
212734.88400000008
212735.39899999998
212735.13100000005
212668.8289999999
212654.37800000003
212636.233
212628.26799999992
212620.61100000003
212613.46900000004
212607.18200000003
212603.6810000001
212601.098
212597.53099999996
212593.29700000002
212586.76600000006
212579.63599999994
212518.84400000004
212510.8359999999
212503.29300000006
212496.4539999999
212490.74699999997
212469.08400000003
212457.91100000008
212444.39100000006
212432.57199999993
212422.89100000006
212415.59700000007
212411.02000000002
212393.4779999999
212376.28499999992
212387.14100000006
212414.0020000001
212426.16999999993
212430.07799999998
212430.94200000004
212426.34400000004
212417.80099999998
212407.08899999992
212400.365
212392.37599999993
212388.86899999995
212379.90999999992
212366.75600000005
212367.46699999995
212360.0560000001
212356.5830000001
212345.51099999994
212325.9439999999
212295.5419999999
212248.3899999999
212227.60899999994
212207.733
212199.71500000008
212197.12199999997
212190.787
212186.689
212178.90100000007
212167.44900000002
212157.07499999995
212149.9269999999
212140.1029999999
212129.93299999996
212116.41800000006
212049.15999999992
212023.54799999995
212014.5660000001
212002.21399999992
211981.8829999999
211966.80300000007
211928.84400000004
211841.8729999999
211822.41100000008
211793.68800000008
211764.875
211186.71200000006
210622.7379999999
210222.04499999993
210201.31199999992
210241.3670000001
210265.90299999993
210274.0149999999
210214.47399999993
210214.7649999999
210198.1769999999
210164.27399999998
210117.62100000004
210108.36100000003
210082.28000000003
210069.2749999999
210052.15599999996
210039.1329999999
210006.963
209975.39599999995
209949.87400000007
209926.01
209919.05799999996
209924.4480000001
209913.9920000001
209870.5319999999
209872.8330000001
209869.38599999994
209872.95099999988
209872.98600000003
209872.42999999993
209871.29000000004
209869.5859999999
209855.39299999992
209850.06700000004
209840.7579999999
209849.35100000002
209885.96200000006
209907.9480000001
209923.86400000006
209956.28099999996
209998.34100000001
210025.96399999992
210052.02000000002
210068.30300000007
210082.8089999999
210100.73900000006
210012.11100000003
209966.38199999998
209954.09700000007
209938.55099999998
209921.679
209896.3829999999
209891.38800000004
209887.08199999994
209883.62100000004
209881.0830000001
209875.72200000007
209842.20699999994
209832.92400000012
209825.527
209810.642
209789.01300000004
209805.08000000007
209808.39599999995
209811.04099999997
209812.94299999997
209814.07000000007
209827.18699999992
209861.8189999999
209881.7209999999
209915.35199999996
209930.7720000001
209948.1270000001
209952.00099999993
209953.78499999992
209956.31000000006
209959.45299999998
209967.92400000012
209972.1810000001
209975.635
209978.14299999992
209990.55799999996
209993.77099999995
209996.47200000007
209999.92299999995
210004.03099999996
210032.01399999997
210058.37400000007
210090.1029999999
210103.30300000007
210106.36800000002
210109.37400000007
210112.2209999999
210114.83899999992
210117.12599999993
210119.03099999996
210134.7209999999
210136.0589999999
210146.40100000007
210152.09000000008
210164.9680000001
210172.71999999997
210176.2790000001
210180.79700000002
210186.15899999999
210192.2620000001
210220.6329999999
210229.82400000002
210248.2420000001
210250.642
210252.26
210256.956
210277.43999999994
210298.78099999996
210354.8700000001
210356.439
210373.54700000002
210390.31199999992
210406.642
210408.8770000001
210412.28099999996
210416.77000000002
210422.189
210426.267
210429.9169999999
210433.04000000004
210435.56199999992
210451.22399999993
210461.19999999995
210470.58899999992
210489.662
210500.53300000005
210509.108
210567.08700000006
210575.8799999999
210583.358
210588.63599999994
210604.14299999992
210618.78399999999
210627.3999999999
210643.21600000001
210668.7919999999
210683.162
210691.33400000003
210707.8940000001
210734.28300000005
210767.15500000003
210769.72399999993
210772.7720000001
210776.17400000012
210778.72999999998
210780.94500000007
210782.74699999997
210792.7420000001
210803.25300000003
210847.33499999996
210819.32799999998
210820.75699999998
210819.858
210801.8430000001
210813.0859999999
210815.615
210815.3060000001
210809.82199999993
210832.9879999999
210837.0830000001
210840.64800000004
210843.5190000001
210870.0419999999
210909.1980000001
210928.2649999999
210929.64800000004
210927.6229999999
210916.41999999993
210874.7080000001
210853.95900000003
210847.13800000004
210858.865
210847.95200000005
210862.96399999992
210857.51300000004
210841.57799999998
210833.95500000007
210832.37599999993
210829.5290000001
210827.72600000002
210823.6170000001
210788.75
210778.9140000001
210771.0460000001
210765.54300000006
210762.69500000007
210761.767
210715.07400000002
210706.885
210692.8230000001
210667.43699999992
210666.39299999992
210663.64299999992
210659.3999999999
210653.777
210642.99900000007
210640.4210000001
210623.03099999996
210616.63400000008
210616.6229999999
210618.14899999998
210621.15800000005
210628.196
210630.11899999995
210631.2749999999
210634.26300000004
210640.02300000004
210649.4709999999
210653.46900000004
210655.723
210656.1029999999
210654.57799999998
210645.25300000003
210635.9169999999
210633.84100000001
210634.70099999988
210655.64599999995
210624.84499999997
210610.20200000005
210604.57000000007
210601.16999999993
210599.1299999999
210597.51399999997
210596.52799999993
210596.19299999997
210596.311
210600.10400000005
210510.4069999999
210508.5120000001
210501.93999999994
210494.1200000001
210485.84199999995
210479.47399999993
210470.06799999997
210443.60499999998
210435.365
210426.25399999996
210417.2620000001
210406.6370000001
210360.29700000002
210326.561
210311.3089999999
210293.09700000007
210276.571
210260.2350000001
210251.8529999999
210240.94200000004
210231.6329999999
210214.56199999992
210207.32499999995
210201.088
210193.598
210189.24
210183.95299999998
210178.4850000001
210163.66299999994
210156.115
210144.87599999993
210138.72900000005
210134.8799999999
210131.32599999988
210126.23600000003
210109.38899999997
210096.544
210084.8359999999
210056.79799999995
210009.338
209997.662
209987.4920000001
209977.91599999997
209968.8600000001
209961.84499999997
209954.50900000008
209949.75099999993
209947.27099999995
209938.0930000001
209929.19500000007
209922.7919999999
209912.84199999995
209906.46699999995
209894.00099999993
209888.95099999988
209862.38800000004
209860.287
209847.19200000004
209843.0319999999
209835.69299999997
209825.00699999998
209815.6499999999
209799.69999999995
209786.2819999999
209776.679
209754.463
209731.6059999999
209722.8559999999
209690.2819999999
209684.6229999999
209683.23200000008
209680.314
209677.35199999996
209676.42400000012
209676.03099999996
209677.0149999999
209678.44299999997
209678.115
209676.9750000001
209675.25300000003
209672.5930000001
209669.21999999997
209559.68999999994
209556.65599999996
209553.29900000012
209550.44299999997
209543.7420000001
209537.43699999992
209513.1229999999
209490.581
209471.811
209426.44299999997
209421.52600000007
209417.33700000006
209408.27399999998
209394.99900000007
209369.642
209362.7649999999
209354.57599999988
209345.66599999997
209324.9480000001
209294.97900000005
209286.67400000012
209283.09700000007
209272.81000000006
209269.73399999994
209265.62599999993
209261.56499999994
209257.48900000006
209253.21999999997
209248.85700000008
209243.97900000005
209230.2520000001
209225.39800000004
209217.963
209211.85400000005
209207.86400000006
209202.5020000001
209197.8330000001
209193.36599999992
209187.9850000001
209183.55499999993
209171.385
209161.99900000007
209144.07599999988
209129.90599999996
209120.66800000006
209110.12899999996
209102.7549999999
209090.544
209081.71900000004
209051.9310000001
209044.9779999999
209017.27399999998
208992.07700000005
208987.76799999992
208846.57000000007
208820.77300000004
208804.06000000006
208793.9750000001
208774.5959999999
208766.80499999993
208760.56300000008
208755.9069999999
208748.196
208742.81799999997
208732.85499999998
208722.18299999996
208717.6669999999
208711.11599999992
208703.34000000008
208685.8700000001
208670.33400000003
208657.1170000001
208643.77300000004
208606.30300000007
208594.22200000007
208553.348
208503.88899999997
208456.62800000003
208443.858
208431.12100000004
208400.6440000001
208388.62800000003
208376.63599999994
208321.56499999994
208273.7690000001
208230.21600000001
208207.15899999999
208189.75
208185.41999999993
208177.7279999999
208172.44699999993
208162.1000000001
208151.62800000003
208139.34000000008
208121.05700000003
208071.7819999999
208043.95900000003
208038.4269999999
208018.564
207986.76399999997
207963.2109999999
207950.57799999998
207945.99300000002
207941.75900000008
207935.19699999993
207922.071
207915.49699999997
207908.71600000001
207899.04900000012
207869.18999999994
207862.59100000001
207855.2479999999
207822.06799999997
207796.98600000003
207791.98399999994
207786.80300000007
207779.3019999999
207771.41800000006
207752.65500000003
207742.88800000004
207731.02000000002
207699.11100000003
207695.2579999999
207690.6329999999
207686.8629999999
207682.67599999998
207678.6229999999
207656.6370000001
207647.62800000003
207640.67500000005
207636.73900000006
207628.1440000001
207612.93500000006
207604.0390000001
207599.43299999996
207594.2080000001
207589.75300000003
207584.956
207575.68299999996
207565.7649999999
207446.04099999997
207433.054
207428.31700000004
207423.83199999994
207419.652
207416.28799999994
207412.48600000003
207408.88800000004
207403.35400000005
207398.45500000007
207395.71600000001
207392.0830000001
207387.09700000007
207380.6100000001
207373.82599999988
207365.54300000006
207358.37800000003
207347.54499999993
207330.90599999996
207317.71399999992
207294.52300000004
207280.13800000004
207273.3700000001
207262.32599999988
207254.83199999994
207242.098
207220.9850000001
207207.50900000008
207194.05000000005
207161.3770000001
207131.51300000004
207120.6229999999
207111.49300000002
207104.94200000004
207099.77000000002
207087.59899999993
207071.68299999996
207056.93200000003
207046.96699999995
206950.571
206800.00399999996
206785.09499999997
206717.72200000007
206602.60700000008
206584.80799999996
206495.419
206428.20099999988
206287.62400000007
206251.95500000007
206235.66100000008
206186.17400000012
206173.27600000007
206153.11800000002
206152.67400000012
206082.4809999999
206041.72999999998
206018.36599999992
205985.2039999999
205913.28600000008
205892.31799999997
205869.8019999999
205821.58700000006
205778.34400000004
205751.45699999994
205712.3770000001
205681.8870000001
205668.62899999996
205657.37100000004
205580.4779999999
205494.36800000002
205466.18299999996
205442.037
205406.79900000012
205406.939
205389.78499999992
205371.54900000012
205357.06300000008
205327.39800000004
205303.9580000001
205253.84100000001
205199.20699999994
205154.8500000001
205063.24600000004
205057.7549999999
204982.38899999997
204959.2790000001
204938.14100000006
204891.45500000007
204856.82499999995
204842.30700000003
204797.05300000007
204734.436
204676.25600000005
204659.34400000004
204627.79000000004
204606.4439999999
204562.733
204553.51
204503.94900000002
204364.28099999996
204314.59100000001
204292.49699999997
204131.9269999999
204087.34700000007
204040.87599999993
203871.87100000004
203861.38100000005
203812.80799999996
203663.56700000004
203593.9169999999
203539.98699999996
203465.46999999997
203439.9339999999
203416.34000000008
203393.60899999994
203353.05700000003
203331.99600000004
203275.82599999988
203255.86199999996
203212.44299999997
203200.0959999999
203146.9609999999
203060.32599999988
203043.1839999999
203019.51
202891.23600000003
202867.05799999996
202830.9210000001
202766.97399999993
202738.09899999993
202704.3089999999
202683.70500000007
202548.52099999995
202533.46500000008
202463.0190000001
202435.69900000002
202417.936
202373.14500000002
202242.1000000001
202179.94500000007
202130.89899999998
202068.51
201998.32700000005
201974.92500000005
201954.7420000001
201852.85499999998
201761.93500000006
201731.45699999994
201712.79900000012
201690.97699999996
201609.95699999994
201563.3700000001
201522.49099999992
201480.1910000001
201437.50699999998
201396.1129999999
201361.32000000007
201345.97699999996
201285.04700000002
201204.2960000001
201198.53600000008
201164.67200000002
201056.81700000004
201018.956
200945.62899999996
200874.071
200839.936
200763.72900000005
200723.34700000007
200682.3559999999
200643.39800000004
200608.0959999999
200583.75
200555.18699999992
200535.1399999999
200498.84100000001
200426.7960000001
200401.7350000001
200390.6270000001
200342.81700000004
200319.96900000004
200297.544
200271.69500000007
200232.56000000006
200218.875
200192.74399999995
200169.29900000012
200143.1059999999
200121.56000000006
200107.99300000002
200096.23200000008
200035.43800000008
199982.96200000006
199933.331
199921.29000000004
199901.6129999999
199873.38100000005
199822.01300000004
199800.338
199762.53600000008
199733.463
199679.25099999993
199627.71999999997
199591.66100000008
199516.76099999994
199463.436
199434.6499999999
199398.33499999996
199382.21600000001
199352.99699999997
199331.92599999998
199315.54799999995
199294.09899999993
199252.0460000001
199230.098
199220.32599999988
199177.50900000008
199160.3899999999
199142.2279999999
199121.56199999992
199103.9269999999
199083.3559999999
199041.456
199033.10899999994
199020.42400000012
198967.86100000003
198922.14800000004
198819.1270000001
198761.44699999993
198722.53600000008
198682.13899999997
198651.4950000001
198629.39500000002
198600.04300000006
198550.4439999999
198467.03399999999
198434.713
198370.71200000006
198346.06300000008
198316.72900000005
198103.77799999993
198019.29700000002
197919.34000000008
197881.73600000003
197828.0190000001
197778.865
197719.794
197712.69900000002
197698.294
197688.20099999988
197612.60199999996
197573.90299999993
197528.40500000003
197515.1000000001
197492.5049999999
197470.39899999998
197409.30300000007
197363.80700000003
197298.6000000001
197267.20299999998
197219.00699999998
197212.0
197164.2080000001
197155.80499999993
197143.20999999996
197120.60100000002
197067.40299999993
197006.20200000005
196967.6100000001
196933.5020000001
196904.90800000005
196877.30799999996
196862.54000000004
196860.30000000005
196838.7039999999
196806.108
196797.00300000003
196794.50699999998
196774.17800000007
196775.70099999988
196791.40800000005
196801.608
196814.40899999999
196821.00099999993
196826.8019999999
196831.206
196817.40500000003
196819.90500000003
196821.30700000003
196808.0079999999
196808.10400000005
196805.60400000005
196784.49900000007
196749.40500000003
196722.80499999993
196709.80700000003
196680.6000000001
196668.10100000002
196654.49900000007
196645.5049999999
196641.50300000003
196623.0049999999
196618.8970000001
196607.90299999993
196602.8970000001
196589.80300000007
196589.29799999995
196580.29900000012
196573.69699999993
196566.50399999996
196563.08400000003
196548.99699999997
196536.99600000004
196517.696
196494.804
196491.1440000001
196484.49699999997
196477.40500000003
196423.6000000001
196403.5959999999
196378.60100000002
196340.80099999998
196282.098
196279.0560000001
196268.3999999999
196261.098
196236.40299999993
196213.39800000004
196201.902
196180.70099999988
196173.49699999997
196129.696
196097.4609999999
196083.29799999995
196040.0930000001
196011.00099999993
195989.19699999993
195957.59499999997
195899.696
195841.6980000001
195818.1980000001
195779.29700000002
195765.49699999997
195752.2749999999
195730.79300000006
195699.696
195657.39800000004
195636.39299999992
195588.3970000001
195538.49600000004
195510.69999999995
195508.99099999992
195502.99
195472.29499999993
195453.49399999995
195439.7960000001
195424.69299999997
195403.99699999997
195380.55700000003
195359.6980000001
195335.8899999999
195317.2919999999
195295.19500000007
195277.09400000004
195258.99699999997
195232.9979999999
195213.09199999995
195196.89500000002
195190.18999999994
195177.99
195174.88599999994
195163.29099999997
195155.23900000006
195149.39500000002
195126.51099999994
195100.98900000006
195064.19699999993
195032.19500000007
195001.59700000007
194992.98200000008
194985.392
194975.69200000004
194950.59199999995
194931.48699999996
194932.49600000004
194943.98900000006
194955.15800000005
194656.60899999994
194633.73699999996
194632.22900000005
194622.83400000003
194600.58400000003
194530.83700000006
194518.14500000002
194517.929
194505.46600000001
194480.3330000001
194437.5730000001
194423.49
194408.87199999997
194393.9410000001
194364.41100000008
194354.21399999992
194284.45999999996
194250.13199999998
194241.1029999999
194231.33199999994
194220.79300000006
194183.456
194147.11100000003
194112.4169999999
194052.10199999996
194023.59499999997
193955.0789999999
193950.86599999992
193953.5460000001
193936.135
193920.60499999998
193908.72999999998
193901.3500000001
193851.99600000004
193840.15299999993
193820.2620000001
193793.45299999998
193741.91100000008
193736.73399999994
193730.0830000001
193703.63899999997
193695.7620000001
193675.8160000001
193665.41299999994
193661.46999999997
193656.3600000001
193651.36599999992
193657.59100000001
193665.80700000003
193669.51300000004
193668.40599999996
193668.17500000005
193639.13899999997
193626.95699999994
193603.20999999996
193560.79099999997
193549.18299999996
193541.071
193536.58199999994
193528.6669999999
193526.08400000003
193518.33400000003
193501.64299999992
193491.75600000005
193486.4609999999
193475.18999999994
193461.7309999999
193448.87400000007
193446.91999999993
193444.92400000012
193433.31199999992
193420.15299999993
193405.04700000002
193374.92400000012
193363.99099999992
193356.936
193329.314
193322.76399999997
193314.73600000003
193302.68200000003
193297.11599999992
193278.02000000002
193259.80099999998
193252.46500000008
193229.6059999999
193214.64899999998
193187.26600000006
193304.36100000003
193310.01
193350.48699999996
193395.70500000007
193413.56199999992
193417.5149999999
193466.3700000001
193467.27399999998
193466.544
193477.00900000008
193482.05300000007
193495.6980000001
193492.70900000003
193488.304
193481.19200000004
193468.2690000001
193462.0660000001
193459.49
193459.60499999998
193462.03799999994
193467.446
193484.87599999993
193506.37800000003
193506.0390000001
192856.4410000001
192849.11199999996
192846.57199999993
192839.088
192833.92200000002
192830.44500000007
192818.865
192805.05099999998
192799.49
192793.9809999999
192768.2080000001
192754.69299999997
192749.7720000001
192740.60899999994
192736.82799999998
192723.42999999993
192710.20299999998
192701.81499999994
192684.5
192673.51300000004
192663.3529999999
192661.3430000001
192652.60100000002
192657.483
192670.831
192673.31000000006
192676.16800000006
192680.669
192680.4809999999
192681.72900000005
192681.4069999999
192686.2579999999
192687.19299999997
192685.36199999996
192680.267
192679.33899999992
192673.0460000001
192664.6399999999
192660.73399999994
192658.331
192648.18200000003
192643.50099999993
192632.76399999997
192628.25
192621.96600000001
192614.392
192608.19900000002
192593.94200000004
192588.2479999999
192583.96999999997
192572.5049999999
192566.98900000006
192562.838
192558.82400000002
192556.03399999999
192547.35499999998
192542.463
192538.02600000007
192533.4210000001
192527.7690000001
192519.96600000001
192495.35499999998
192481.311
192475.98900000006
192462.93699999992
192439.9750000001
192432.7649999999
192426.1499999999
192420.58899999992
192403.31199999992
192397.07700000005
192381.52099999995
192362.03499999992
192341.06499999994
192334.91500000004
192330.06300000008
192317.973
192301.67200000002
192278.42800000007
192272.5460000001
192256.1980000001
192247.7350000001
192240.31000000006
192232.96900000004
192225.16599999997
192202.9210000001
192194.0290000001
192181.081
192172.6100000001
192162.0049999999
192139.21900000004
192132.1440000001
192122.68699999992
192109.9580000001
192103.3019999999
192098.8230000001
192092.28499999992
192088.615
192082.3899999999
192065.7450000001
192059.564
192042.34400000004
192036.29700000002
191992.2379999999
191977.26399999997
191964.39100000006
191958.98399999994
191953.33400000003
191946.57599999988
191940.66999999993
191936.72399999993
191925.62199999997
191916.5959999999
191906.49
191892.02300000004
191885.58899999992
191880.57799999998
191869.82799999998
191864.38899999997
191852.68800000008
191846.85899999994
191827.42500000005
191809.206
191802.63599999994
191778.588
191760.84100000001
191754.09199999995
191740.865
191735.7620000001
191729.385
191723.93500000006
191722.00300000003
191715.29499999993
191705.56000000006
191700.162
191684.767
191679.32700000005
191672.58000000007
191657.777
191647.419
191639.54000000004
191632.912
191614.3629999999
191589.72699999996
191564.21500000008
191557.87100000004
191539.9069999999
191533.23600000003
191514.78300000005
191508.321
191485.42200000002
191481.63899999997
191482.23699999996
191473.63400000008
191468.23699999996
191408.42999999993
191386.43500000006
191317.6299999999
191298.65899999999
191280.50600000005
191261.52399999998
191252.08199999994
191247.98699999996
191242.05700000003
191238.73699999996
191230.59700000007
191226.66100000008
191223.84499999997
191224.80799999996
191224.814
191227.07599999988
191230.588
191233.04700000002
191237.4750000001
191237.6200000001
191236.34400000004
191234.6370000001
191230.94200000004
191229.01799999992
191224.52600000007
191216.36199999996
191201.19200000004
191196.5789999999
191186.4580000001
191177.40899999999
191175.92599999998
191169.1640000001
191165.3060000001
191161.85700000008
191157.098
191146.07700000005
191140.27000000002
191134.03099999996
191131.82599999988
191127.51600000006
190980.65899999999
190967.8829999999
190962.37899999996
190941.3559999999
190934.51799999992
190921.93800000008
190879.87899999996
190867.74300000002
190863.723
190860.53300000005
190855.55099999998
190850.3729999999
190843.87400000007
190835.43999999994
190822.7690000001
190819.24900000007
190814.7250000001
190809.84400000004
190795.94900000002
190794.39299999992
190791.45999999996
190787.1769999999
190781.89800000004
190757.03000000003
190750.96699999995
190750.4480000001
190749.9339999999
190750.2890000001
190748.01099999994
190747.0120000001
190743.37100000004
190740.865
190738.64599999995
190736.49
190714.32599999988
190710.8189999999
190699.64800000004
190680.51099999994
190677.3629999999
190676.2690000001
190677.31700000004
190681.223
190687.1710000001
190688.85100000002
190692.40599999996
190694.5319999999
190694.892
190693.99399999995
190692.26600000006
190681.5560000001
190675.49699999997
190672.98200000008
190673.439
190675.142
190676.0460000001
190673.3670000001
190665.9269999999
190660.89800000004
190657.39500000002
190650.3430000001
190643.0789999999
190630.55499999993
190623.45299999998
190608.43200000003
190603.713
190583.9609999999
190577.90800000005
190558.99099999992
190549.25600000005
190542.7450000001
190537.84000000008
190514.07400000002
190507.3899999999
190501.77600000007
190493.97900000005
190481.28799999994
190475.47900000005
190470.89100000006
190468.544
190459.46900000004
190457.41599999997
190452.48200000008
190443.8899999999
190437.38199999998
190430.90899999999
190418.82599999988
190414.73399999994
190409.44299999997
190408.267
190381.7819999999
190375.11899999995
190323.7749999999
190308.15999999992
190299.936
190292.0120000001
190287.2309999999
190288.7579999999
190275.75699999998
190272.9140000001
190268.358
190260.8160000001
190255.04499999993
190246.46999999997
190239.5730000001
190232.26399999997
190223.858
190218.55499999993
190208.40999999992
190195.5049999999
190185.71699999995
190186.26600000006
190185.87899999996
190184.29099999997
190164.96699999995
190163.7549999999
190210.30000000005
190386.0
190505.5020000001
190767.902
191186.402
191409.10700000008
191898.5020000001
191929.206
191933.89299999992
191941.1370000001
191954.213
191969.608
191973.59700000007
191986.13800000004
191990.64800000004
191994.179
191995.01099999994
191998.1669999999
192000.16999999993
192004.98600000003
192010.60199999996
192015.84000000008
192023.0249999999
192030.446
192034.29099999997
192048.92299999995
192055.85899999994
192071.115
192076.94699999993
192093.10400000005
192100.00399999996
192118.69200000004
192157.11100000003
192180.70500000007
192204.7309999999
192211.4809999999
192228.64500000002
192233.76099999994
192240.15800000005
192253.05499999993
192274.1229999999
192280.76099999994
192297.4680000001
192302.892
192326.27600000007
192342.5560000001
192348.06799999997
192365.13400000008
192370.89299999992
192387.72999999998
192394.55799999996
192414.75399999996
192412.0560000001
192412.43299999996
192417.62400000007
192423.02399999998
192428.03000000003
192427.9480000001
192429.65800000005
192430.821
192431.54300000006
192435.8430000001
192439.56199999992
192446.51600000006
192450.3899999999
192460.68999999994
192464.5460000001
192471.93800000008
192474.12800000003
192484.13100000005
192486.7039999999
192491.15800000005
192497.91299999994
192499.4140000001
192500.61400000006
192503.00600000005
192504.34100000001
192505.044
192504.23200000008
192511.65999999992
192519.9339999999
192523.79000000004
192531.00600000005
192541.49099999992
192548.8089999999
192552.892
192555.189
192558.97399999993
192565.081
192567.61400000006
192566.84000000008
192567.2579999999
192565.82799999998
192564.017
192562.06799999997
192560.25600000005
192559.9609999999
192562.51399999997
192563.89800000004
192562.71500000008
192562.5220000001
192559.4339999999
192558.50300000003
192556.26799999992
192553.59100000001
192551.213
192550.365
192551.679
192559.20699999994
192574.34400000004
192597.936
192614.9809999999
192618.12899999996
192618.91100000008
192624.72699999996
192626.2080000001
192644.30499999993
192649.1939999999
192650.59700000007
192655.49900000007
192657.17299999995
192662.9069999999
192664.3089999999
192669.83899999992
192680.51
192686.1299999999
192688.92999999993
192693.321
192696.3629999999
192700.439
192700.29700000002
192703.30300000007
192705.7420000001
192709.18800000008
192712.088
192720.92200000002
192728.18800000008
192730.9439999999
192737.64299999992
192739.652
192738.38199999998
192743.47999999998
192748.04799999995
192753.17999999993
192763.7819999999
192770.30099999998
192782.189
192788.42400000012
192790.196
192796.12100000004
192800.82499999995
192803.23900000006
192812.03600000008
192815.24300000002
192828.9680000001
192839.75
192843.17999999993
192853.51099999994
192855.77799999993
192859.75099999993
192861.20500000007
192864.61100000003
192865.3999999999
192866.2579999999
192865.17400000012
192864.9040000001
192862.54499999993
192860.55700000003
192858.7379999999
192860.07799999998
192865.02799999993
192872.3019999999
192872.90800000005
192870.67299999995
192869.84499999997
192867.89100000006
192865.70099999988
192860.429
192852.6059999999
192851.213
192850.30300000007
192851.2720000001
192851.24099999992
192849.912
192848.65999999992
192848.463
192851.1470000001
192863.814
192866.18200000003
192867.38199999998
192868.3700000001
192868.58899999992
192871.66299999994
192878.196
192879.99699999997
192880.69999999995
192879.0789999999
192874.82400000002
192872.62400000007
192868.74699999997
192866.46600000001
192857.76300000004
192854.70099999988
192846.57799999998
192843.1669999999
192838.62899999996
192834.09000000008
192833.6329999999
192830.65100000007
192826.29900000012
192820.38899999997
192818.21999999997
192813.84400000004
192810.9310000001
192801.7250000001
192799.6440000001
192798.01399999997
192799.385
192806.79300000006
192810.0930000001
192819.73200000008
192820.15500000003
192815.70299999998
192812.67599999998
192811.8359999999
192812.58700000006
192823.37599999993
192827.16999999993
192826.12599999993
192826.71900000004
192823.7379999999
192816.75699999998
192812.98900000006
192810.12400000007
192805.17500000005
192808.5290000001
192821.28399999999
192848.55000000005
192734.59199999995
192688.581
192411.9480000001
192397.42400000012
192271.59000000008
192252.00300000003
192232.0120000001
192191.561
192170.6100000001
192082.11199999996
192063.39800000004
192029.26399999997
191971.83000000007
191966.55099999998
191969.69900000002
191958.19200000004
191934.40999999992
191915.37199999997
191868.93800000008
191786.51
191748.04099999997
191712.99300000002
191681.01
191521.97600000002
191129.54000000004
191090.68699999992
191073.98699999996
190994.017
190941.0079999999
190880.45999999996
190813.4750000001
190751.93299999996
190627.73600000003
190565.51
190396.97200000007
190348.6939999999
190213.439
190183.80799999996
190086.11899999995
190040.5319999999
190016.7180000001
189976.95900000003
189934.13800000004
189910.73399999994
189866.49
189765.7549999999
189721.4709999999
189702.9950000001
189662.58700000006
189615.08899999992
189461.1569999999
189377.70299999998
189325.85499999998
189310.429
189278.79300000006
189195.7749999999
189154.2919999999
189106.8160000001
189055.30799999996
188924.517
188886.01399999997
188806.44299999997
188792.31199999992
188781.22999999998
188710.34000000008
188644.689
188598.87800000003
188540.00300000003
188516.84899999993
188489.57400000002
188435.29700000002
188370.40899999999
188342.60100000002
188243.58700000006
188218.57199999993
188106.5319999999
188026.04700000002
187986.348
187758.14500000002
187283.358
187151.9580000001
186838.36899999995
186345.598
186191.07599999988
185645.66299999994
185590.87199999997
185551.4709999999
185528.47900000005
185489.0930000001
185474.07799999998
185444.79499999993
185356.0079999999
185337.46600000001
185319.72699999996
185294.72999999998
185294.43200000003
185303.27000000002
185307.84100000001
185306.38100000005
185278.62199999997
185262.3629999999
185240.625
185211.90899999999
185196.0120000001
185160.92999999993
185161.02099999995
185172.31499999994
185171.41100000008
185178.6299999999
185199.142
185206.07599999988
185203.321
185192.71500000008
185180.42599999998
185147.2180000001
185141.47699999996
185134.06700000004
185126.15899999999
185118.79099999997
185103.28300000005
185055.52399999998
185051.25600000005
185056.162
185044.8160000001
185061.1669999999
185061.97999999998
185054.2520000001
185017.8829999999
184986.89299999992
184977.25600000005
184972.30300000007
184959.169
184944.20200000005
184819.36199999996
184826.5830000001
184846.09100000001
184852.47900000005
184854.11199999996
184862.4709999999
184875.71699999995
184880.9269999999
184880.03499999992
184876.8500000001
184872.93299999996
184819.51399999997
184789.669
184757.05099999998
184719.84499999997
184662.07700000005
184616.30099999998
184608.21500000008
184605.14100000006
184600.9410000001
184593.45999999996
184571.98399999994
184561.5830000001
184581.7649999999
184582.9920000001
184566.7579999999
184562.27000000002
184531.00399999996
184516.62100000004
184478.4920000001
184432.57199999993
184417.17800000007
184394.92299999995
184384.86199999996
184375.5020000001
184359.40800000005
184339.80300000007
184256.8670000001
184245.9779999999
184235.52399999998
184222.037
184213.91299999994
184175.84100000001
184167.49099999992
184167.37100000004
184169.8600000001
184155.42200000002
184144.7479999999
184118.189
184105.064
184092.1640000001
184040.8770000001
184034.22699999996
184018.17599999998
184009.55000000005
183988.9779999999
183953.402
183930.581
183909.18800000008
183896.95099999988
183891.331
183890.43500000006
183892.1399999999
183902.48200000008
183942.419
183983.1769999999
184032.82700000005
184035.3999999999
184051.42999999993
184061.29900000012
184088.88800000004
184075.50399999996
184072.4779999999
184074.7649999999
184068.6000000001
184068.34199999995
184061.95099999988
184081.0560000001
184117.80300000007
184127.84199999995
184137.50600000005
184145.233
184142.57199999993
184121.67999999993
184140.1229999999
184158.25600000005
184171.642
184247.3459999999
184260.70099999988
184279.65299999993
184307.82700000005
184330.12899999996
184342.07799999998
184352.59000000008
184365.84400000004
184428.14899999998
184437.31499999994
184446.56499999994
184505.125
184542.53600000008
184601.7919999999
184616.1129999999
184639.08000000007
184658.4920000001
184688.61100000003
184708.1129999999
184747.88400000008
184773.1470000001
184791.95299999998
184818.1100000001
184839.108
184866.01399999997
184857.48399999994
184854.26099999994
184859.554
184869.8940000001
184879.19900000002
184885.78099999996
184893.929
184922.50399999996
184941.09100000001
184972.8729999999
185016.71399999992
185038.804
185067.02300000004
185098.0319999999
185158.05300000007
185200.59400000004
185219.19900000002
185249.4339999999
185267.125
185279.4439999999
185288.86599999992
185293.57599999988
185285.84499999997
185287.05099999998
185292.97600000002
185300.69699999993
185318.6939999999
185371.76600000006
185421.6980000001
185474.6910000001
185502.92999999993
185524.38599999994
185524.5589999999
185520.4140000001
185496.2479999999
185491.95299999998
185470.68200000003
185451.54300000006
185470.54099999997
185457.3430000001
185449.66500000004
185433.1769999999
185422.92599999998
185394.40800000005
185386.04700000002
185383.3060000001
185392.11599999992
185373.7520000001
185407.81300000008
185440.01399999997
185436.84499999997
185454.55499999993
185471.82799999998
185478.3019999999
185519.75900000008
185550.33400000003
185593.74600000004
185628.00399999996
185672.19699999993
185690.61899999995
185742.3500000001
185757.97399999993
185772.86599999992
185797.635
185819.01
185821.89299999992
185806.50399999996
185814.0830000001
185769.3799999999
185765.2790000001
185766.51300000004
185747.73399999994
185729.29099999997
185725.29499999993
185720.47399999993
185713.65899999999
185719.40899999999
185760.3529999999
185773.071
185796.14599999995
185810.14100000006
185829.13400000008
185802.72200000007
185798.87400000007
185791.15599999996
185763.50900000008
185790.41999999993
185787.98200000008
185772.26600000006
185772.436
185769.67599999998
185760.2420000001
185744.392
185730.63800000004
185724.52799999993
185710.1839999999
185710.483
185693.43800000008
185686.9169999999
185674.67800000007
185660.10400000005
185665.45299999998
185645.47600000002
185705.098
185877.49099999992
185982.2309999999
186091.46399999992
186445.946
187447.419
187931.0149999999
188019.07499999995
188070.16100000008
188119.33000000007
188224.4140000001
188260.29499999993
188291.287
188359.99099999992
188412.48200000008
188498.92999999993
188600.85400000005
188612.34899999993
188672.32499999995
188712.29300000006
188739.294
188772.5220000001
188801.75900000008
188839.75900000008
188873.76600000006
188867.87199999997
188882.72200000007
188916.65899999999
188953.77799999993
189005.68299999996
189036.97600000002
189063.06499999994
189079.7690000001
189093.06199999992
189113.135
189149.28300000005
189191.064
189218.0120000001
189237.3559999999
189268.45699999994
189305.02000000002
189340.44299999997
189355.42599999998
189378.108
189404.23600000003
189413.43699999992
189478.51099999994
189519.6000000001
189513.1399999999
189518.213
189556.55000000005
189589.66299999994
189612.83700000006
189626.6170000001
189609.31000000006
189623.331
189683.2080000001
189697.56300000008
189706.65800000005
189745.76399999997
189798.54300000006
189829.8459999999
189879.9539999999
189903.23699999996
189924.32799999998
189946.767
190077.3899999999
190093.93500000006
190121.7919999999
190150.18299999996
190214.42299999995
190255.28300000005
190298.24399999995
190326.9809999999
190339.564
190413.9920000001
190455.53499999992
190483.67800000007
190519.95200000005
190600.1470000001
190677.9680000001
190742.20200000005
190772.7579999999
190905.82000000007
190946.689
190982.93500000006
191002.8459999999
191032.92400000012
191034.20500000007
191006.35199999996
190993.2549999999
190960.37199999997
190973.05300000007
190961.56199999992
190970.58700000006
190945.50699999998
190949.63400000008
190945.26799999992
190953.48200000008
190986.42299999995
191001.74
190989.89899999998
191031.20999999996
191105.60199999996
191174.01099999994
191175.16999999993
191219.14800000004
191310.9680000001
191321.96999999997
191328.767
191419.32499999995
191430.348
191433.43299999996
191469.4310000001
191480.4410000001
191488.3359999999
191505.6059999999
191511.21999999997
191560.18200000003
191569.33000000007
191567.77799999993
191552.63800000004
191577.62199999997
191602.46999999997
191634.45200000005
191690.23699999996
191740.483
191785.517
191802.60199999996
191843.7250000001
191868.85899999994
191887.09499999997
191923.09199999995
191930.10400000005
191971.76300000004
192004.17800000007
192041.375
192068.03300000005
192078.31300000008
192133.53099999996
192181.80000000005
192192.78099999996
192207.44299999997
192212.135
192204.02099999995
192215.28499999992
192236.77399999998
192242.48900000006
192243.44200000004
192258.88400000008
192287.09199999995
192298.69900000002
192326.0959999999
192343.63400000008
192339.82400000002
192350.03399999999
192349.2720000001
192395.03000000003
192421.94999999995
192436.87599999993
192448.71900000004
192696.115
193162.32799999998
193319.02600000007
193918.6470000001
194095.6499999999
194326.25600000005
194368.8500000001
194822.26399999997
195046.76300000004
195101.75699999998
195250.8670000001
195373.16599999997
195511.36199999996
195516.65800000005
195524.13100000005
195542.82599999988
195554.62400000007
195611.9040000001
195623.2279999999
195600.03499999992
195600.06799999997
