190942.52399999998
190960.04900000012
190981.885
191031.65299999993
191051.00099999993
191066.20900000003
191121.04300000006
191154.23200000008
191198.446
191284.8189999999
191331.90599999996
191373.517
191429.18699999992
191266.86100000003
191250.652
191294.96200000006
191128.2479999999
191030.13199999998
190931.73399999994
190874.13400000008
190779.6329999999
190802.83700000006
190842.6329999999
190847.73600000003
190819.4339999999
190782.14100000006
190734.7350000001
190704.93699999992
190672.34100000001
190632.24
190593.23399999994
190554.43299999996
190535.13400000008
190509.23399999994
190472.5319999999
190422.338
190368.83899999992
190321.03099999996
190299.63400000008
190293.63400000008
190226.72999999998
190182.33199999994
190148.2309999999
190133.13599999994
190127.92999999993
190106.83400000003
190066.92999999993
190040.2350000001
190004.07599999988
189919.74399999995
189906.98399999994
189886.392
189857.82199999993
189846.89500000002
189807.22699999996
189795.7309999999
189785.4269999999
189777.23600000003
189745.4310000001
189747.33000000007
189721.63599999994
189688.63199999998
189925.7350000001
189571.233
189428.44900000002
189412.80700000003
189113.87400000007
189056.35499999998
189001.85499999998
188955.9339999999
189020.135
189043.23600000003
189064.53600000008
189087.0319999999
189107.1299999999
189126.53300000005
189184.831
189405.33499999996
189467.537
189487.23399999994
189511.33499999996
189537.43299999996
189560.6470000001
189580.1399999999
189602.733
189634.63100000005
189676.7379999999
189795.54099999997
189842.5419999999
189922.23600000003
190076.83499999996
190182.6440000001
190223.5419999999
190272.53799999994
190341.93699999992
190415.2420000001
190505.7420000001
190527.5460000001
190587.7420000001
190635.24
190679.14800000004
190739.24600000004
190734.6399999999
190756.0419999999
190766.14299999992
190805.14100000006
190822.73900000006
190839.84400000004
190855.13899999997
190856.9439999999
190913.6399999999
190922.54900000012
190958.7479999999
190970.94699999993
190972.8459999999
190980.74
191024.94200000004
191040.84400000004
191069.5419999999
191100.04300000006
191126.15100000007
191168.6200000001
191203.47600000002
191225.0830000001
191244.5290000001
191270.12800000003
191294.18699999992
191309.7180000001
191320.26
191330.31000000006
191342.054
191378.62599999993
191403.0020000001
191439.62800000003
191457.6810000001
191472.912
191503.07000000007
191518.3459999999
191532.78300000005
191554.15100000007
191586.59000000008
191594.46900000004
191621.17400000012
191639.29700000002
191651.9539999999
191682.314
191722.94999999995
191757.98200000008
191812.05700000003
191825.973
191841.6540000001
191848.04700000002
191863.84199999995
191873.77600000007
191876.06499999994
191878.45699999994
191886.2649999999
191887.32199999993
191884.14100000006
191880.57199999993
191883.01
191899.6299999999
191902.68800000008
191909.45699999994
191911.2379999999
191916.35199999996
191921.43299999996
191916.72900000005
191915.56499999994
191909.55700000003
191874.2109999999
191859.44999999995
191840.7080000001
191807.56300000008
191756.39800000004
191731.6839999999
191692.47399999993
191674.2919999999
191653.27399999998
191622.05499999993
191602.1029999999
191565.2649999999
191527.76799999992
191488.983
191438.09899999993
191418.6000000001
191354.75399999996
191334.3060000001
191306.939
191281.95900000003
191232.87199999997
191212.3089999999
191191.27600000007
191140.9750000001
191122.5149999999
191120.456
191112.946
191107.19299999997
191101.35700000008
191092.99699999997
191091.75399999996
191091.13400000008
191085.03799999994
191084.3870000001
191086.51099999994
191088.348
191094.44999999995
191095.42800000007
191102.5859999999
191102.1129999999
191102.29499999993
191100.69900000002
191100.63400000008
191101.9269999999
191104.97200000007
191107.3829999999
191104.571
191101.8870000001
191098.74
191089.91100000008
191089.2520000001
191093.77399999998
191094.375
191099.38800000004
191102.38199999998
191106.07400000002
191104.76600000006
191068.50699999998
191060.33499999996
191029.82000000007
190973.7350000001
190900.4310000001
190898.56199999992
190856.79099999997
190847.635
190810.3089999999
190790.67400000012
190772.963
190725.50099999993
190701.60499999998
190687.1270000001
190672.24
190640.94900000002
190620.47399999993
190595.81499999994
190567.11400000006
190557.92400000012
190546.90800000005
190533.65899999999
190516.72399999993
190510.39800000004
190496.11599999992
190479.0689999999
190462.9069999999
190454.59000000008
190447.18999999994
190441.68200000003
190430.95999999996
190419.963
190406.91299999994
190396.14500000002
190379.0049999999
190367.8330000001
190344.6299999999
190332.564
190299.5959999999
190277.68500000006
190266.679
190259.4410000001
190244.4680000001
190235.99600000004
190232.5190000001
190226.85400000005
190228.74600000004
190224.04799999995
190225.34400000004
190220.4480000001
190218.24600000004
190218.1470000001
190219.544
190227.94299999997
190228.64299999992
190225.54900000012
190224.848
190230.75099999993
190229.64599999995
190220.642
190215.54300000006
190212.4439999999
190216.05000000005
190214.75
190211.14899999998
190216.24600000004
190208.64299999992
190216.42999999993
190218.78300000005
190233.162
190241.3430000001
190186.68999999994
190179.91999999993
190123.96600000001
190049.09899999993
189985.89800000004
189905.07499999995
189760.64800000004
189492.83400000003
189479.13800000004
189428.53499999992
189388.93999999994
189367.439
189342.64100000006
189317.635
189297.93299999996
189258.43200000003
189238.63599999994
189236.0830000001
189218.5319999999
189204.74099999992
189183.0319999999
189171.3870000001
189155.5859999999
189141.68299999996
189121.385
189115.385
189078.03099999996
189052.0830000001
189034.581
188998.838
188985.7309999999
188967.78099999996
188937.68699999992
188922.38400000008
188914.331
188858.28600000008
188828.73200000008
188811.02799999993
188804.52799999993
188779.66100000008
188759.963
188744.0190000001
188693.4410000001
188660.152
188639.40999999992
188632.0660000001
188610.1839999999
188363.82599999988
188313.59100000001
188221.30099999998
188196.04000000004
188171.84899999993
188169.04300000006
188161.42599999998
188058.4269999999
188024.939
187995.061
187969.4480000001
187954.4339999999
187935.75099999993
187906.1229999999
187890.723
187867.2450000001
187830.2450000001
187661.50900000008
187630.27000000002
187489.99900000007
187454.93200000003
187437.5959999999
187412.5730000001
187396.5930000001
187351.63800000004
187323.54700000002
187299.13899999997
187261.2649999999
187225.983
187203.0789999999
187182.7450000001
187159.385
187125.338
187095.27000000002
187077.5789999999
187037.686
187015.01
186998.55000000005
186968.8829999999
186951.99
186932.68200000003
186917.57499999995
186912.36100000003
186889.20200000005
186879.23600000003
186874.58400000003
186846.179
186833.8019999999
186816.79099999997
186805.00600000005
186799.4920000001
186782.348
186744.9850000001
186722.94699999993
186709.2620000001
186705.52099999995
186701.037
186686.61800000002
186676.47900000005
186669.939
186666.554
186652.97900000005
186647.6470000001
186629.02099999995
186613.75
186571.9950000001
186524.23900000006
186504.84499999997
186490.84100000001
186478.79000000004
186467.2309999999
186453.68800000008
186443.17599999998
186430.7960000001
186424.90899999999
186408.044
186403.0149999999
186397.87400000007
186387.30799999996
186365.23900000006
186358.95900000003
186353.96999999997
186341.49900000007
186330.06700000004
186318.483
186305.83499999996
186300.18299999996
186295.39500000002
186288.93200000003
186284.97900000005
186271.9580000001
186265.81199999992
186260.79799999995
186243.53099999996
186237.35499999998
186213.36400000006
186207.956
186201.46900000004
186195.2279999999
186190.0560000001
186175.47699999996
186153.662
186130.39299999992
186124.20999999996
186115.6540000001
186110.902
186104.85499999998
186079.89899999998
186051.12899999996
186045.36199999996
186037.78799999994
186031.24600000004
186019.43299999996
185997.15299999993
185992.73699999996
185983.08899999992
185977.69900000002
185966.1100000001
185942.652
185930.831
185919.0730000001
185893.3289999999
185879.162
185867.4339999999
185863.2620000001
185858.41100000008
185853.8500000001
185847.98200000008
185841.99399999995
185835.6100000001
185830.6939999999
185825.00300000003
185819.66599999997
185813.01799999992
185790.7279999999
185772.38199999998
185723.11800000002
185705.11599999992
185686.94299999997
185677.08499999996
185660.60700000008
185638.5319999999
185623.79000000004
185595.91599999997
185584.96500000008
185576.52099999995
185563.696
185552.86100000003
185538.37199999997
185515.68699999992
185494.4920000001
185481.45900000003
185474.4850000001
185455.43500000006
185431.7579999999
185437.7450000001
185441.40100000007
185475.07599999988
185465.6569999999
185443.38899999997
185413.6059999999
185349.0120000001
185318.01399999997
185296.03799999994
185235.93299999996
185230.8999999999
185230.6540000001
185225.96900000004
185220.53600000008
185216.5190000001
185217.0079999999
185218.3629999999
185194.50399999996
185162.81199999992
185155.412
185155.9040000001
185150.3089999999
185137.00600000005
185113.30300000007
185092.01
185063.90899999999
185059.3019999999
185056.6029999999
185050.30300000007
185038.40599999996
185002.304
184988.0120000001
184961.70500000007
184940.10400000005
184906.30799999996
184877.4140000001
184869.9069999999
184846.31000000006
184826.31300000008
184809.01099999994
184787.61400000006
184759.21600000001
184744.3160000001
184732.713
184712.21699999995
184693.40899999999
184681.71600000001
184661.71600000001
184600.81300000008
184528.7209999999
184442.223
184417.41800000006
184385.11800000002
184259.6270000001
184175.03300000005
184049.2279999999
184029.1059999999
184029.99300000002
184010.75900000008
183992.32199999993
183968.4140000001
183971.63199999998
183900.35100000002
183888.821
183857.902
183877.31000000006
183855.28499999992
183827.348
183797.78399999999
183730.686
183696.38100000005
183144.44500000007
183112.635
183140.3500000001
183157.5460000001
183162.99699999997
183145.3160000001
183102.19200000004
183021.88800000004
182996.28099999996
182984.68800000008
182967.9539999999
182922.86400000006
182911.1370000001
182890.848
182869.58199999994
182833.62800000003
182794.0730000001
182768.044
182730.11899999995
182723.84899999993
182635.73900000006
182631.2690000001
182622.61599999992
182612.4750000001
182574.79300000006
182540.375
182537.277
182540.53399999999
182532.84199999995
182501.66299999994
182486.86199999996
182482.63400000008
182479.22600000002
182456.76399999997
182378.01799999992
182342.80700000003
182323.69500000007
182305.82400000002
182263.8289999999
182240.3670000001
182198.22200000007
182184.93299999996
182172.223
182161.34700000007
182154.44900000002
182133.1440000001
182067.09899999993
182038.21900000004
181980.9539999999
181897.0049999999
181866.6470000001
181726.22999999998
181668.2620000001
181640.14500000002
181623.24699999997
181571.96200000006
181524.26399999997
181226.20699999994
181189.09400000004
181149.865
181137.8670000001
180837.9779999999
181266.9709999999
180482.33199999994
181176.87100000004
181178.66999999993
181199.8670000001
181257.97200000007
181238.27099999995
181266.9680000001
181335.46699999995
181434.4709999999
181452.56000000006
181475.79300000006
181491.17800000007
181528.41800000006
181565.588
181567.2279999999
181607.35400000005
181637.27600000007
181674.608
181722.581
181742.97399999993
181774.52300000004
181802.814
181877.09700000007
181889.4140000001
181912.82599999988
181978.21399999992
182010.70299999998
182056.3770000001
182058.66299999994
182068.56199999992
182081.2420000001
182101.0930000001
182116.33000000007
182114.72600000002
182134.7549999999
182158.0220000001
182227.402
182281.62100000004
182302.98600000003
182323.51799999992
182315.07799999998
182319.35100000002
182315.2690000001
182315.36899999995
182282.04799999995
182371.0419999999
182418.135
182454.54700000002
182513.40299999993
182596.42999999993
182639.30000000005
182674.60700000008
182712.75099999993
182792.32799999998
182797.97699999996
182819.75099999993
182841.70299999998
182861.47900000005
182901.456
182940.11800000002
182953.68299999996
182990.21999999997
183001.1640000001
183005.72999999998
183030.51300000004
183025.6399999999
183046.9580000001
183075.2620000001
183137.5859999999
183168.5149999999
183185.9809999999
183210.7790000001
183214.15299999993
183235.3089999999
183262.88899999997
183286.5120000001
183334.4439999999
183472.5390000001
183514.55099999998
183582.18800000008
183584.956
183598.24300000002
183592.40100000007
183600.3430000001
183678.02300000004
183763.54000000004
183835.32799999998
183849.78099999996
183868.338
183935.53399999999
183963.4879999999
184011.12599999993
184105.6399999999
184109.064
184196.78399999999
184340.12800000003
184397.85499999998
184498.15999999992
184540.05000000005
184566.81499999994
184582.36800000002
184600.17400000012
184645.97200000007
184663.4920000001
184679.2649999999
184723.1100000001
184747.77799999993
184780.36899999995
184801.05099999998
184825.56499999994
184860.2919999999
184874.2180000001
184940.95900000003
184974.85400000005
185023.01
185023.71200000006
185050.7749999999
185083.79499999993
185102.115
185131.39800000004
185146.70999999996
185228.08899999992
185241.03300000005
185299.77600000007
185327.79700000002
185348.5859999999
185359.58899999992
185401.06199999992
185409.6270000001
185431.68500000006
185446.13400000008
185446.40299999993
185479.564
185522.7250000001
185589.04900000012
185622.3629999999
185669.59400000004
185695.54000000004
185723.3529999999
185784.45999999996
185788.7039999999
185808.07499999995
185808.213
185830.8559999999
185877.2720000001
185894.95999999996
185907.12199999997
185920.37100000004
185931.07799999998
185954.94699999993
185994.75300000003
186007.439
186033.91299999994
186047.3829999999
186058.287
186080.1640000001
186110.25900000008
186144.00399999996
186167.86599999992
186181.3829999999
186239.56300000008
186257.93800000008
186276.29000000004
186289.6669999999
186310.7479999999
186337.14500000002
186335.60499999998
186327.08700000006
186335.3430000001
186362.19900000002
186391.97999999998
186391.679
186397.67500000005
186410.189
186416.31199999992
186448.463
186476.19999999995
186486.41800000006
186529.81199999992
186536.42999999993
186558.1939999999
186577.13199999998
186619.77399999998
186656.61400000006
186755.2350000001
186896.41299999994
186969.64899999998
187062.277
187092.66800000006
187133.93999999994
187166.88800000004
187210.53600000008
187275.72999999998
187332.67800000007
187349.2890000001
187341.99
187333.1440000001
187797.51
188032.35700000008
188079.03399999999
188166.48600000003
188177.3559999999
188236.68999999994
188236.93200000003
188277.86100000003
188359.78499999992
188443.04900000012
188506.78300000005
188562.65800000005
188633.91100000008
188686.777
188725.76399999997
188798.78300000005
188953.60899999994
189025.92200000002
189067.0020000001
189251.7620000001
189318.86899999995
189382.0789999999
189437.46399999992
189494.33700000006
189541.02799999993
189566.06700000004
189586.081
189596.8700000001
189891.24399999995
190291.87199999997
190401.97399999993
190493.44299999997
190606.87800000003
190628.85499999998
190697.15299999993
190764.99
190818.17200000002
190835.50399999996
190897.9410000001
190950.55000000005
191020.00699999998
191047.33700000006
191070.40599999996
191147.14599999995
191193.46399999992
191210.83700000006
191209.7960000001
191218.41100000008
191289.45099999988
191315.28300000005
191334.75099999993
191362.26600000006
191383.1470000001
191457.43299999996
191476.14500000002
191497.42999999993
191529.76600000006
191567.4169999999
191580.19200000004
191616.03399999999
191678.5419999999
191838.84499999997
192052.9580000001
192256.71699999995
192344.412
192416.6669999999
192442.99
192504.70999999996
192544.08499999996
192622.14899999998
192703.06499999994
192821.8700000001
192892.57799999998
192915.43299999996
192946.55499999993
192965.6640000001
192996.5419999999
193044.63100000005
193065.51300000004
193084.65899999999
193142.4809999999
193172.06000000006
193196.96600000001
193236.03099999996
193261.11199999996
193274.57400000002
193292.3829999999
193318.2690000001
193340.46600000001
193366.91100000008
193421.92299999995
193440.7109999999
193470.86100000003
193522.41599999997
193543.169
193559.57499999995
193583.49900000007
193602.8829999999
193678.88100000005
193783.97900000005
193834.0789999999
193959.48900000006
193998.48699999996
194065.68200000003
194148.49099999992
194243.9950000001
194282.78799999994
194346.8940000001
194384.89299999992
194427.99900000007
194488.696
194536.29700000002
194572.30000000005
194647.50300000003
194679.70099999988
194686.49699999997
194809.5049999999
194856.20699999994
194894.3060000001
194931.91299999994
194983.00600000005
195001.2080000001
195048.912
195089.90999999992
195122.6129999999
195175.91500000004
195264.4169999999
195310.9140000001
195408.1200000001
195479.3160000001
195548.00300000003
195575.21399999992
195622.81799999997
195682.919
195829.9210000001
195995.91999999993
196020.821
196103.017
196158.2180000001
196374.41999999993
196659.8359999999
196665.54000000004
196681.93699999992
196726.939
196761.13800000004
196751.04099999997
196764.2450000001
196755.44699999993
196767.24699999997
196808.84499999997
196856.83899999992
196931.74900000007
196949.848
196974.7479999999
196989.3430000001
197014.5419999999
197040.5419999999
197047.3459999999
197073.4750000001
197112.25
197155.5419999999
197179.12400000007
197192.30300000007
197230.38100000005
197250.12400000007
197303.4539999999
197344.52799999993
197375.2890000001
197423.03499999992
197458.62800000003
197480.42800000007
197502.04700000002
197553.70200000005
197590.64500000002
197606.47200000007
197627.3559999999
197666.93699999992
197686.95200000005
197698.81499999994
197716.2180000001
197741.7579999999
197821.7620000001
197873.65999999992
197971.95900000003
197825.35499999998
197699.936
197643.61899999995
197630.56000000006
197622.48200000008
197615.99099999992
197601.28799999994
197601.67400000012
197599.2890000001
197584.69699999993
197578.7549999999
197564.40299999993
197538.30499999993
197532.02300000004
197520.6329999999
197512.20900000003
197516.53000000003
197516.5789999999
197505.21399999992
197495.07000000007
197497.93200000003
197495.3770000001
197477.0220000001
197471.01799999992
197434.81199999992
197402.61800000002
197458.01600000006
197502.0220000001
197511.86800000002
197489.62199999997
197448.62199999997
197411.8700000001
197390.75099999993
197402.96699999995
197416.39500000002
197426.18699999992
197453.17599999998
197466.22600000002
197491.77300000004
197512.554
197522.81700000004
197530.40299999993
197534.07400000002
197542.83499999996
197545.1029999999
197547.98600000003
197551.831
197559.82400000002
197568.21999999997
197570.3019999999
197580.7450000001
197584.6399999999
197587.51300000004
197589.85899999994
197590.85899999994
197591.68200000003
197593.52099999995
197599.02099999995
197602.04499999993
197604.44900000002
197608.206
197616.85100000002
197628.41299999994
197644.00600000005
197648.794
197653.054
197656.0390000001
197661.81300000008
197662.33400000003
197676.8430000001
197682.49
197688.05700000003
197703.77399999998
197715.5560000001
197734.38100000005
197736.7520000001
197740.21399999992
197749.74300000002
197761.89299999992
197774.57599999988
197786.571
197818.34700000007
197826.84700000007
197829.8500000001
197836.80300000007
197846.0
197862.35199999996
197874.16599999997
197881.29499999993
197890.34100000001
197897.4920000001
197906.375
197915.6200000001
197921.463
197929.3060000001
197936.51799999992
197943.3670000001
197956.93800000008
197971.07599999988
197979.49300000002
197987.814
197991.9950000001
197995.8430000001
198006.51099999994
198013.2039999999
198042.3629999999
198050.0419999999
198051.3799999999
198064.99
198087.608
198092.90899999999
198127.7080000001
198183.64899999998
198204.45099999988
198209.40899999999
198225.55300000007
198257.39899999998
198261.49900000007
198274.68699999992
198277.80099999998
198283.80700000003
198285.625
198290.1640000001
198310.1000000001
198337.79499999993
198391.7690000001
198426.87100000004
198438.04300000006
198461.625
198519.53300000005
198543.3600000001
198582.06199999992
198622.19500000007
198655.24600000004
198684.6399999999
198709.3359999999
198753.939
198813.375
198858.38100000005
198898.35899999994
198915.39100000006
198927.24099999992
199016.436
199031.392
199095.017
199125.52799999993
199195.5689999999
199253.6370000001
199268.63899999997
199290.635
199328.83499999996
199409.3829999999
199432.13199999998
199466.53399999999
199509.081
199518.206
199591.95900000003
199697.43200000003
199728.03099999996
199749.32799999998
199768.77600000007
199780.17599999998
199794.33000000007
199817.67800000007
199841.97699999996
199849.47999999998
199869.0789999999
199876.62599999993
199909.18299999996
199923.22399999993
199925.28099999996
199933.9269999999
199940.17999999993
199959.375
199978.18299999996
199981.57799999998
200000.331
200008.33199999994
200018.3829999999
200050.081
200066.1769999999
200081.27600000007
200101.17800000007
200110.97900000005
200136.581
200147.78099999996
200168.3330000001
200189.0789999999
200212.88199999998
200226.17500000005
200258.8770000001
200262.88199999998
200304.027
200360.17800000007
200382.43200000003
200426.87800000003
200445.37800000003
200475.6810000001
200494.1769999999
200529.04700000002
200566.61899999995
200593.17400000012
200614.24300000002
200665.67599999998
200855.0290000001
200880.02399999998
200880.05499999993
200880.2450000001
200880.98699999996
201472.58000000007
201648.17500000005
201688.1810000001
201915.0859999999
201965.32599999988
202359.42299999995
202358.20200000005
202358.18200000003
202378.6299999999
202508.86400000006
202633.66999999993
202674.67800000007
202680.0390000001
202690.23699999996
202696.1569999999
202713.37400000007
202723.97600000002
202731.8019999999
202734.08700000006
202735.24699999997
202735.8829999999
202735.49900000007
202735.9709999999
202737.66100000008
202740.321
202743.70099999988
202756.79700000002
202763.625
202792.8870000001
202823.71600000001
202833.68699999992
202836.21699999995
202840.1129999999
202844.20299999998
202846.01600000006
202848.4210000001
202851.838
202878.186
202894.63599999994
202910.48600000003
202916.00900000008
202923.09199999995
202929.24099999992
203126.09000000008
203133.2960000001
203140.86599999992
203142.63599999994
203143.07199999993
203143.8089999999
203144.10499999998
203143.2279999999
203136.64899999998
203135.67999999993
203135.54700000002
203136.85899999994
203138.38800000004
203156.91999999993
203164.0859999999
203174.7180000001
203181.69299999997
203188.44200000004
203195.48399999994
203201.61199999996
203206.46399999992
203207.71900000004
203208.21200000006
203208.81199999992
203223.41599999997
203232.54300000006
203232.59000000008
203235.78099999996
203248.179
203257.23600000003
203263.0589999999
203290.60100000002
203293.19900000002
203303.43299999996
203314.956
203306.3060000001
203303.08199999994
203287.83000000007
203283.54499999993
203285.3829999999
203290.0319999999
203283.554
203280.6200000001
203287.25600000005
203296.865
203294.4709999999
203298.304
203294.07199999993
203282.865
203279.31499999994
203286.6980000001
203290.00600000005
203294.3629999999
203290.0930000001
203263.5859999999
203255.436
203253.09199999995
203254.875
203260.8189999999
203246.75399999996
203232.57199999993
203238.7109999999
203242.4210000001
203254.4850000001
203246.68800000008
203255.79700000002
203193.35199999996
203190.1470000001
203169.01600000006
203165.9539999999
203160.0190000001
203149.53600000008
203130.67599999998
203129.57199999993
203131.57000000007
203130.99
203129.67200000002
203125.7250000001
203122.20900000003
203112.787
203105.52799999993
203105.29499999993
203104.5519999999
203104.75
203105.86899999995
203107.89100000006
203102.6839999999
203110.26600000006
203131.8729999999
203134.885
203133.956
203109.8060000001
203100.6059999999
203098.10199999996
203096.3559999999
203095.39899999998
203095.23200000008
203095.8559999999
203097.2620000001
203098.044
203113.0149999999
203113.99399999995
203114.22699999996
203113.679
203109.39599999995
203100.79099999997
203093.15800000005
203093.34899999993
203095.125
203098.37599999993
203102.60100000002
203108.2919999999
203113.9809999999
203127.8089999999
203154.18500000006
203176.571
203178.62100000004
203168.9210000001
203190.7479999999
203200.99
203208.72600000002
203213.3770000001
203211.463
203225.1470000001
203234.6299999999
203263.152
203251.1370000001
203288.34899999993
203331.6440000001
203377.94299999997
203388.94500000007
203395.94900000002
203423.09400000004
203410.18299999996
203372.65100000007
203364.07700000005
203366.3629999999
203376.7109999999
203370.71200000006
203359.5319999999
203361.5249999999
203365.95999999996
203379.86100000003
203391.8729999999
203395.956
203332.65899999999
203362.90500000003
203387.615
203434.15999999992
203447.07700000005
203467.08700000006
203482.0589999999
203507.66599999997
203533.97699999996
203560.4269999999
203571.75699999998
203579.831
203582.4609999999
203567.08899999992
203553.3359999999
203554.46699999995
203541.8529999999
203545.162
203482.40999999992
203489.7620000001
203512.17200000002
203549.65299999993
203534.42400000012
203520.66999999993
203501.9210000001
203482.314
203435.62599999993
203421.27300000004
203411.96399999992
203406.31799999997
203387.88400000008
203376.47399999993
203341.17200000002
203323.66599999997
203302.20299999998
203281.36899999995
203114.66500000004
203103.875
203101.59499999997
203066.6640000001
203061.5149999999
203005.04700000002
202982.16100000008
202955.963
202926.0
202895.0730000001
202898.26799999992
202890.4779999999
202865.5419999999
202843.4339999999
202819.61100000003
202813.60700000008
202809.94699999993
202818.46500000008
202824.5049999999
202832.66800000006
202832.4609999999
202864.96900000004
202878.95699999994
202912.1669999999
202909.33899999992
202894.9680000001
202813.67299999995
202800.55099999998
202782.27399999998
202769.46900000004
202765.6839999999
202773.96999999997
202787.64899999998
202820.6769999999
202755.1170000001
202812.04300000006
202828.81700000004
202852.70099999988
202887.60899999994
202910.5730000001
202924.6059999999
202929.08899999992
202941.71699999995
202954.814
202950.9439999999
202959.64299999992
202985.071
202999.62100000004
203037.625
203121.98399999994
203165.669
203202.3230000001
203227.6939999999
203239.2919999999
203250.30099999998
203270.0079999999
203280.41299999994
203328.09499999997
203350.54900000012
203362.43699999992
203370.2819999999
203381.34899999993
203418.65999999992
203488.00300000003
203509.0049999999
203532.90800000005
203560.76399999997
203591.4750000001
203599.70999999996
203615.16800000006
203620.80099999998
203627.9480000001
203630.44900000002
203631.93299999996
203652.6000000001
203677.53600000008
203691.7549999999
203700.44699999993
203722.78399999999
203766.07400000002
203801.15800000005
203815.67999999993
203825.9850000001
203837.30499999993
203844.99399999995
203851.8559999999
203860.60400000005
203881.21500000008
203886.94900000002
203898.88899999997
203906.40100000007
203928.04700000002
203962.57499999995
203973.43299999996
203992.2819999999
203999.59199999995
204010.79499999993
204015.33400000003
204020.97200000007
204031.65500000003
204041.9439999999
204049.16100000008
204064.189
204065.78099999996
204091.6470000001
204101.32799999998
204115.28399999999
204127.74
204147.04499999993
204168.0460000001
204180.94699999993
204194.9920000001
204208.2479999999
204230.7890000001
204251.57199999993
204260.571
204278.74600000004
204320.68299999996
204334.94900000002
204349.4480000001
204359.91800000006
204374.49900000007
204390.41599999997
204399.95699999994
204409.56300000008
204429.55499999993
204446.51300000004
204460.74900000007
204469.92500000005
204475.67400000012
204483.39599999995
204520.58499999996
204528.77799999993
204561.75099999993
204598.34100000001
204628.81700000004
204649.74600000004
204671.75399999996
204686.9580000001
204701.189
204739.7749999999
204747.25300000003
204754.77600000007
204781.51399999997
204796.68500000006
204808.58899999992
204842.48200000008
204851.91100000008
204872.52600000007
204880.19900000002
204892.02399999998
204908.39899999998
204916.0560000001
204918.79799999995
204915.02799999993
204856.53099999996
204755.10700000008
204839.071
204723.0689999999
204675.7180000001
204580.00699999998
204502.6910000001
204449.858
204411.3970000001
204320.88199999998
204197.36599999992
204358.3500000001
204445.02300000004
204658.071
204842.2790000001
204916.71600000001
204960.3940000001
205062.39800000004
205109.52000000002
205143.95999999996
205250.73900000006
205350.1129999999
205434.8729999999
205453.7039999999
205515.97900000005
205566.90299999993
205542.34000000008
205570.956
205560.7309999999
205498.412
205514.99600000004
205491.01300000004
205554.36100000003
205482.52099999995
205434.527
205412.67500000005
205366.0
205354.36899999995
205330.81199999992
205304.87899999996
205246.78099999996
205234.15299999993
205230.59499999997
205217.00300000003
205215.64299999992
205204.9879999999
205195.75
205197.3430000001
205186.8940000001
205240.09199999995
205278.36400000006
205324.7749999999
205343.08199999994
205334.96999999997
205327.57599999988
205332.8459999999
205351.13100000005
205370.79099999997
205453.01799999992
205501.58000000007
205526.74699999997
205561.4539999999
205578.07199999993
205586.7960000001
205587.24699999997
205590.65999999992
205590.72900000005
205597.142
205597.7549999999
205596.1399999999
205589.11599999992
205584.87899999996
205577.9809999999
205557.84199999995
205551.0079999999
205556.169
205549.83000000007
205559.30300000007
205565.28000000003
205582.89800000004
205593.8189999999
205603.53099999996
205600.76799999992
205607.777
205599.01799999992
205602.11100000003
205595.9539999999
205592.7279999999
205599.12400000007
205591.6669999999
205605.77300000004
205590.04900000012
205581.321
205587.98699999996
205588.57400000002
205603.34000000008
205607.6470000001
205621.956
205613.43500000006
205606.05000000005
205604.24399999995
205597.77099999995
205591.20999999996
205564.58199999994
205566.23600000003
205576.419
205579.81000000006
205600.365
205595.46900000004
205594.8799999999
205599.44699999993
205590.12800000003
205596.6399999999
205591.86599999992
205612.15500000003
205604.03600000008
205602.65800000005
205593.5789999999
205590.77399999998
205595.3529999999
205600.7420000001
205597.87400000007
205592.8160000001
205591.53499999992
205588.69500000007
205588.3700000001
205588.22699999996
205589.9169999999
205595.0689999999
205610.14800000004
205617.09700000007
205618.96699999995
205629.99900000007
205631.86400000006
205632.92299999995
205649.4169999999
205672.59100000001
205668.1839999999
205596.47699999996
205443.18200000003
205342.9709999999
205213.18200000003
204999.8770000001
204880.179
204999.8770000001
205101.90899999999
205999.8870000001
206388.27099999995
206455.11599999992
207212.5689999999
208164.32700000005
208493.41500000004
208219.081
206190.81199999992
206190.3970000001
206188.94900000002
206112.04300000006
206077.9439999999
206022.713
205930.3019999999
205821.28099999996
205780.54099999997
205769.79700000002
205761.4879999999
205742.08899999992
205732.78099999996
205701.696
205685.32700000005
205705.11199999996
205703.44900000002
205711.89299999992
205730.75900000008
205740.14800000004
205750.04099999997
205762.78399999999
205765.5020000001
205780.29000000004
205829.963
205835.125
205842.98699999996
205844.03499999992
205848.02000000002
205869.53600000008
205878.7919999999
205885.29700000002
205886.919
205889.34499999997
205888.65500000003
205893.34899999993
205902.311
205913.35400000005
205919.82000000007
205929.15800000005
205948.56499999994
205955.62800000003
205961.53600000008
205971.81700000004
205979.07799999998
205975.0859999999
205968.01600000006
205966.98600000003
205964.79900000012
205960.99399999995
205960.858
205960.814
205960.64899999998
205956.43200000003
205926.54099999997
205925.32400000002
205923.40800000005
205920.38800000004
205912.96399999992
205908.963
205885.2649999999
205874.67599999998
205867.5020000001
205867.16800000006
205866.55799999996
205865.73399999994
205868.45099999988
205873.8940000001
205874.09199999995
205874.5519999999
205874.66299999994
205874.7420000001
205864.89100000006
205862.79000000004
205866.3899999999
205870.8970000001
205874.95200000005
205883.385
205886.79499999993
205881.27300000004
205872.223
205871.29799999995
205870.21200000006
205869.7720000001
205868.70299999998
205859.06300000008
205861.696
205864.54799999995
205898.19699999993
205912.3700000001
205906.16500000004
205899.9709999999
205897.4439999999
205892.7420000001
205887.66999999993
205884.50900000008
205881.8160000001
205870.24399999995
205876.9709999999
205880.09100000001
205878.517
205877.37899999996
205874.733
205870.99
205870.1669999999
205867.55099999998
205865.66999999993
205864.70999999996
205863.348
205862.5249999999
205861.8289999999
205860.19299999997
205858.5959999999
205857.85199999996
205853.90299999993
205848.32799999998
205845.89899999998
205841.50600000005
205838.2790000001
205836.33899999992
205835.0519999999
205832.86100000003
205832.32000000007
205822.8600000001
205817.85899999994
205815.49900000007
205811.277
205823.23900000006
205829.713
205834.17299999995
205811.9439999999
205803.27300000004
205787.95099999988
205782.31000000006
205778.14500000002
205765.30499999993
205766.74
205760.31000000006
205758.767
205743.56000000006
205732.54799999995
205725.1059999999
205714.77000000002
205707.78000000003
205701.6200000001
205697.83199999994
205698.19699999993
205698.49699999997
205699.14599999995
205709.01300000004
205715.75399999996
205720.3189999999
205725.1540000001
205721.72999999998
205714.39100000006
205711.40899999999
205718.43800000008
205710.706
205702.34700000007
205710.86899999995
205705.73399999994
205684.89500000002
205685.69699999993
205686.63199999998
205694.21600000001
205698.9779999999
205703.25099999993
205697.3189999999
205702.93800000008
205703.47999999998
205725.8500000001
205759.348
205778.01099999994
205785.11199999996
205817.03600000008
205848.93200000003
205870.41500000004
205901.4169999999
205948.29000000004
205956.71200000006
205994.16599999997
206064.9210000001
206100.3600000001
206156.59899999993
207651.39599999995
207577.15800000005
207573.95900000003
207560.57199999993
207496.8600000001
207357.45999999996
207332.15599999996
207198.446
207074.27000000002
206999.8700000001
206958.56700000004
206874.86800000002
206699.365
206493.78300000005
206243.27799999993
206094.0689999999
205999.87899999996
205783.287
205547.88400000008
205457.571
205182.7749999999
204999.87199999997
204642.77099999995
204197.652
204087.64800000004
204038.00600000005
203962.6470000001
203928.7520000001
203830.03099999996
203797.64599999995
203749.64100000006
203685.6839999999
203596.84100000001
203592.84899999993
203587.5519999999
203519.5419999999
203457.5390000001
203357.527
203412.5290000001
203429.82400000002
203496.71699999995
203499.223
203507.5149999999
203632.20500000007
203634.50399999996
203637.5930000001
203694.29799999995
203742.5859999999
203745.25300000003
203752.55099999998
203792.55499999993
203827.55499999993
203912.45500000007
204062.5560000001
204297.5589999999
204487.33000000007
204552.56300000008
204614.46900000004
204787.67599999998
204828.86899999995
204852.6569999999
204265.27000000002
204265.223
204265.10400000005
204265.03399999999
204264.7549999999
204229.95099999988
204226.53499999992
204220.804
204215.93999999994
204211.17500000005
204211.1569999999
204206.858
204207.2039999999
204209.40299999993
204188.02799999993
204180.294
204168.26099999994
204159.429
204152.071
204125.58700000006
204119.6839999999
204110.59000000008
204102.831
204101.05700000003
204092.34899999993
204080.03099999996
204073.2649999999
204065.70999999996
204064.06300000008
204061.2080000001
204051.7250000001
204037.3430000001
204033.52099999995
204030.26300000004
204026.70299999998
204018.18500000006
204011.66100000008
204005.3230000001
204000.01099999994
203992.90899999999
203988.40500000003
203980.43699999992
203975.62599999993
203971.03499999992
203967.54099999997
203962.84000000008
203955.3330000001
203950.8430000001
203936.93800000008
203930.46200000006
203915.09499999997
203896.6059999999
203884.6810000001
203882.08899999992
203876.26799999992
203860.8629999999
203844.929
203833.5460000001
203824.8019999999
203817.06199999992
203805.68500000006
203799.57199999993
203790.419
203790.26300000004
203778.00699999998
203768.4979999999
203765.86100000003
203761.1029999999
203747.35499999998
203732.39500000002
203722.1170000001
203715.9069999999
203710.892
203705.71999999997
203697.78300000005
203678.8999999999
203668.9210000001
203662.18699999992
203653.4750000001
203645.527
203623.892
203613.9809999999
203602.43699999992
203590.56199999992
203574.8160000001
203569.9979999999
203564.37899999996
203558.1440000001
203555.55799999996
203539.15100000007
203525.6170000001
203523.19999999995
203515.67800000007
203513.6000000001
203507.03300000005
203502.4709999999
203490.22999999998
203458.15100000007
203446.92400000012
203425.65999999992
203421.86199999996
203417.43200000003
203413.69500000007
203404.32400000002
203398.41100000008
203383.037
203370.98600000003
203370.963
203370.929
203357.20900000003
203340.98699999996
203338.4979999999
203314.45699999994
203283.51399999997
203234.777
203201.88400000008
203092.31300000008
203039.47699999996
203007.34700000007
202898.19200000004
202739.78399999999
202707.01300000004
202675.51099999994
202617.61800000002
202571.79799999995
202542.99900000007
202513.73600000003
202501.36199999996
202452.2620000001
202392.52799999993
202339.44299999997
202221.45999999996
202210.74099999992
202199.4709999999
202190.57599999988
202114.9809999999
202061.7180000001
202036.79499999993
202020.66800000006
202000.3729999999
201977.07000000007
201964.33700000006
201956.33899999992
201952.46900000004
201923.314
201888.51399999997
201866.456
201835.72200000007
201793.34400000004
201732.0049999999
201674.28300000005
201626.64500000002
201611.811
201604.59499999997
201585.3970000001
201548.61800000002
201509.21900000004
201210.14800000004
201112.875
201011.679
200929.17599999998
200894.57199999993
200776.66800000006
200659.06199999992
200643.81700000004
200331.66100000008
200228.49900000007
200210.55099999998
199995.8600000001
199989.55799999996
199984.3559999999
199971.04900000012
199937.15500000003
199877.44900000002
199855.84700000007
199813.45099999988
199792.44999999995
199769.94900000002
199746.848
199725.3430000001
199705.44699999993
199685.6440000001
199666.75300000003
199644.55000000005
199629.1470000001
199610.8430000001
199571.55099999998
199538.74300000002
199496.4480000001
199459.84000000008
199467.62800000003
199479.10100000002
199480.63599999994
199464.5390000001
199458.83400000003
199443.34000000008
199420.93299999996
199367.74
199356.04000000004
199349.0390000001
199340.43699999992
199321.14299999992
199320.54300000006
199301.44200000004
199299.936
199291.7379999999
199287.73699999996
199326.4439999999
199352.4480000001
199389.1440000001
199313.5460000001
199288.44900000002
199284.24600000004
199292.554
199213.1499999999
199242.36100000003
199300.96999999997
199289.9709999999
199287.365
199243.061
199213.86100000003
199063.4609999999
198962.15599999996
198883.0519999999
198905.60899999994
198787.95099999988
198754.35100000002
198704.54499999993
198681.34400000004
198625.74900000007
198601.5390000001
198574.24399999995
198540.84000000008
198524.73600000003
198506.3430000001
198483.14100000006
198462.1370000001
198445.04300000006
198426.8430000001
198411.23600000003
198401.33499999996
198386.939
198365.33899999992
198334.84100000001
198298.63599999994
198280.53799999994
198230.93699999992
198215.3359999999
198181.8430000001
198158.83499999996
198130.83899999992
198108.38899999997
198010.6839999999
197992.7209999999
197986.733
197970.45699999994
197955.57499999995
197934.571
197905.76099999994
197880.56799999997
197863.07000000007
197846.65800000005
197826.4040000001
197808.037
197777.54099999997
197776.93500000006
197755.82400000002
197718.25399999996
197681.6640000001
197673.17800000007
197675.32199999993
197670.28099999996
197638.72200000007
197581.331
197560.69699999993
197516.929
197515.04499999993
197508.79900000012
197506.45699999994
197510.11199999996
197527.2420000001
197529.39899999998
197502.39299999992
197485.14299999992
197481.58000000007
197479.74
197489.463
197477.6810000001
197480.81300000008
197477.19500000007
197476.686
197468.35400000005
197446.821
197431.179
197419.936
197419.82499999995
197435.15500000003
197435.615
197428.03600000008
197437.86199999996
197436.93299999996
197428.78499999992
197427.06199999992
197332.9269999999
197287.30000000005
197247.17400000012
197208.1499999999
197135.0390000001
197112.19200000004
197076.2690000001
197054.402
197044.11899999995
197024.142
196996.9310000001
196976.30300000007
196954.88199999998
196945.16800000006
196924.49099999992
196908.04499999993
196882.0959999999
196878.3670000001
196877.1200000001
196869.10499999998
196869.4920000001
196803.1299999999
196795.1200000001
196772.52099999995
196736.919
196691.00099999993
196650.919
196637.72900000005
196621.29300000006
196591.99399999995
196567.17400000012
196574.40899999999
196554.06799999997
196565.19900000002
196536.70500000007
196519.90599999996
196495.07000000007
196484.42599999998
196473.9680000001
196481.57000000007
196495.1299999999
196516.2620000001
196554.1669999999
196576.83899999992
196602.32799999998
196632.4040000001
196655.6370000001
196707.66299999994
196950.37599999993
196925.7250000001
196911.21399999992
196887.5049999999
196876.09100000001
196852.1440000001
196852.277
196866.92800000007
196866.385
196858.50900000008
196850.66599999997
196882.10499999998
196885.608
196922.22399999993
196903.098
196906.723
196909.79499999993
196905.1569999999
196904.9169999999
196902.17999999993
196909.59700000007
196911.58700000006
196905.17400000012
196897.686
196904.70200000005
196911.64500000002
196906.66100000008
196760.26300000004
196376.6499999999
196321.5220000001
196313.54900000012
196291.0930000001
196276.15500000003
196206.55700000003
196180.97900000005
196151.70699999994
196126.4310000001
196108.99
196071.28399999999
195987.42599999998
195961.89299999992
195949.57499999995
195864.82199999993
195863.831
195845.30300000007
195820.1810000001
195796.48399999994
195794.1100000001
195786.68800000008
195770.77399999998
195753.26
195736.446
195723.41500000004
195715.9480000001
195705.15299999993
195675.02000000002
195673.35700000008
195669.00699999998
195665.19299999997
195660.36100000003
195657.0049999999
195643.088
195642.7379999999
195639.84499999997
195638.88100000005
195625.767
195605.1129999999
195596.79900000012
195586.63800000004
195579.9580000001
195548.38199999998
195518.43200000003
195498.2080000001
195469.03000000003
195441.39100000006
195416.8829999999
195400.67999999993
195386.88800000004
195376.0460000001
195386.7350000001
195387.58499999996
195389.94999999995
195401.09700000007
195421.88100000005
195405.95699999994
195389.8629999999
195384.4210000001
195357.65500000003
195268.7479999999
195131.74699999997
195034.64800000004
195003.17999999993
194984.6440000001
194955.94900000002
194943.97999999998
194932.8019999999
194914.52000000002
194879.4750000001
194860.1810000001
194835.32000000007
194809.17500000005
194770.82199999993
194752.29099999997
194739.32599999988
194715.20900000003
194689.23900000006
194655.625
194610.01399999997
194576.679
194561.3359999999
194542.45500000007
194534.92800000007
194516.544
194519.4580000001
194525.0149999999
194519.8670000001
194525.88100000005
194536.6810000001
194545.19999999995
194558.1059999999
194554.84499999997
194575.3700000001
194578.608
194568.99600000004
194563.1470000001
194552.32499999995
194521.44200000004
194486.314
194465.983
194428.60700000008
194399.135
194364.54799999995
194335.21600000001
194314.67500000005
194288.1640000001
194243.8770000001
194241.03600000008
194231.0390000001
194202.63199999998
194179.0290000001
194164.09400000004
194149.7790000001
194135.9269999999
194113.4809999999
194110.54900000012
194050.71900000004
194021.267
193990.7450000001
193976.59899999993
193967.8629999999
193917.7279999999
193892.40899999999
193804.64599999995
193754.74399999995
193727.875
193713.787
193682.15100000007
193645.4310000001
193604.74699999997
193579.44999999995
193542.96200000006
193516.5020000001
193477.56300000008
193463.18800000008
193440.93299999996
193413.86899999995
193361.95299999998
193338.3600000001
193322.2309999999
193305.96900000004
192903.17200000002
192830.42299999995
192806.3770000001
192797.929
192803.08899999992
192780.93500000006
192755.10400000005
192731.0959999999
192725.14599999995
192728.13899999997
192685.42999999993
192656.04000000004
192645.28099999996
192625.19900000002
192584.6540000001
192561.95200000005
192548.84899999993
192522.40500000003
192512.3940000001
192503.47999999998
192461.3289999999
192438.58700000006
192417.84400000004
192401.8770000001
192381.88100000005
192293.74099999992
192218.7620000001
192193.24900000007
192127.47999999998
192102.7379999999
192072.7890000001
192036.92500000005
192010.7479999999
191988.20900000003
191960.4779999999
191938.12199999997
191917.71399999992
191877.59400000004
191824.152
191772.8940000001
191737.30700000003
191714.4480000001
191674.4979999999
191635.22600000002
191604.4580000001
191504.6029999999
191477.95500000007
191415.6440000001
191384.2450000001
191343.65599999996
191295.34700000007
191267.69999999995
191237.375
191217.89500000002
191190.13599999994
191120.25900000008
191105.93299999996
191080.8089999999
191066.61100000003
191035.5290000001
191008.68500000006
190931.7420000001
190889.07599999988
190864.6499999999
190846.0120000001
190823.25699999998
190799.4140000001
190774.608
190752.8430000001
190721.51099999994
190708.43200000003
190653.9339999999
190628.64100000006
190613.26799999992
190588.83899999992
190574.4310000001
190549.831
190541.331
190525.2520000001
190484.19699999993
190459.8670000001
190412.44500000007
190371.64800000004
190345.902
190323.37599999993
190300.1499999999
190217.09400000004
190170.3529999999
190065.071
190003.83000000007
189983.96600000001
189961.1810000001
189935.04099999997
189911.608
189864.89299999992
189818.9310000001
189826.34199999995
189825.64599999995
189836.6299999999
189848.61400000006
189853.10100000002
189881.76
189879.01600000006
189876.58899999992
189874.80300000007
189845.3060000001
189865.6270000001
189870.5079999999
189845.96699999995
189839.81499999994
189827.32599999988
189860.79900000012
189856.0660000001
189850.3060000001
189832.90999999992
189819.375
189820.669
189818.2890000001
189822.65800000005
189823.19200000004
189818.41999999993
189811.87400000007
189806.64899999998
189777.09499999997
189707.65599999996
189681.38800000004
189693.7819999999
189703.169
189709.72900000005
189704.66500000004
189718.34400000004
189713.973
189707.6370000001
189692.4950000001
189677.527
189676.35499999998
189656.46399999992
189651.49699999997
189658.5730000001
189628.08499999996
189589.17500000005
189599.3230000001
189600.1059999999
189592.64599999995
189608.11800000002
189623.7549999999
189640.375
189627.3500000001
189594.60499999998
189577.84499999997
189515.267
189453.84400000004
189441.615
189442.03099999996
189418.1440000001
189364.18500000006
189335.10899999994
189322.669
189327.483
189311.7209999999
189303.94500000007
189302.40800000005
189286.54099999997
189264.865
189304.85100000002
189324.0859999999
189378.09899999993
189388.84899999993
189386.60899999994
189412.65500000003
189400.9809999999
189415.63599999994
189421.35700000008
189430.49
189428.70200000005
189440.10899999994
189437.25
189450.6980000001
189468.86599999992
189477.79700000002
189513.33000000007
189561.088
189580.1980000001
189605.80099999998
189675.40999999992
189710.69500000007
189732.75
189749.47600000002
189775.28000000003
189879.57499999995
189909.3770000001
189944.35499999998
189987.92800000007
190018.6980000001
190053.24099999992
190136.0789999999
190212.26099999994
190292.21200000006
190317.65500000003
190359.11599999992
190405.4920000001
190477.3940000001
190502.70299999998
190543.98699999996
190565.1499999999
190647.13800000004
190692.30799999996
190746.42400000012
190789.76399999997
190815.78300000005
190848.8459999999
190862.51799999992
190942.52399999998
