233959.68999999994
233982.99699999997
233992.89100000006
234014.1910000001
234017.1980000001
234006.696
234030.39100000006
234063.69500000007
234117.29300000006
234131.0930000001
234135.29799999995
234191.088
234196.49399999995
234225.29799999995
234248.8970000001
234277.68999999994
234307.7350000001
234306.7960000001
234300.19900000002
234293.1939999999
234317.69299999997
234320.696
234318.69500000007
234331.6980000001
234342.59199999995
234343.7960000001
234354.70099999988
234358.294
234353.19699999993
234358.60199999996
234366.69299999997
234377.50099999993
234372.09199999995
234371.1939999999
234379.99900000007
234369.29700000002
234380.60100000002
234374.0020000001
234356.1980000001
234361.30300000007
234356.70200000005
234357.19999999995
234368.20299999998
234364.08000000007
234364.39899999998
234370.6029999999
234362.696
234368.79799999995
234385.69699999993
234390.7039999999
234401.70500000007
234417.206
234430.29900000012
234454.19999999995
234489.90100000007
234518.79799999995
234543.09899999993
234556.69999999995
234566.70299999998
234592.2039999999
234659.90500000003
234695.706
234731.20099999988
234748.40599999996
234803.7039999999
234846.25900000008
234876.91500000004
234914.11400000006
234966.70299999998
235014.7039999999
235035.6980000001
235055.69900000002
235093.696
235123.70500000007
235157.69900000002
235188.6980000001
235206.69999999995
236029.00600000005
236050.6980000001
236077.70099999988
236131.706
236184.70699999994
236222.69999999995
236252.70099999988
236278.69999999995
236313.70200000005
236328.70099999988
236355.69900000002
236378.69999999995
236433.70699999994
236469.70299999998
236504.6980000001
236552.70200000005
236634.706
236659.7039999999
236702.69699999993
236717.69900000002
236731.70299999998
236756.7039999999
236797.69900000002
236821.70299999998
236893.70099999988
236945.83700000006
237179.94500000007
238602.78399999999
238619.70200000005
238622.2250000001
238637.054
238644.7039999999
238671.6470000001
238671.27799999993
238703.31499999994
238711.54799999995
238722.22999999998
238744.787
238753.11400000006
238754.6370000001
238750.912
238784.40800000005
238808.33700000006
238837.86599999992
238845.2379999999
238868.78399999999
238892.58700000006
238900.6399999999
238912.87599999993
238923.94500000007
238963.06499999994
238975.22999999998
238978.96699999995
238996.8600000001
239017.08199999994
239030.42500000005
239040.57599999988
239050.04900000012
239061.58499999996
239071.35499999998
239103.6710000001
239143.527
239155.75399999996
239160.85899999994
239165.98399999994
239170.929
239179.30499999993
239188.2279999999
239196.47200000007
239202.1329999999
239224.23699999996
239238.6839999999
239243.45999999996
239259.2819999999
239268.2309999999
239275.7649999999
239278.86599999992
239293.07000000007
239291.84899999993
239284.9480000001
239291.3430000001
239302.14500000002
239310.598
239296.59700000007
239287.03300000005
239285.2250000001
239296.47999999998
239299.29300000006
239316.6499999999
239321.42299999995
239346.35700000008
239347.8289999999
239361.74
239368.94900000002
239371.57499999995
239373.37100000004
239381.20699999994
239399.81300000008
239408.4169999999
239416.67299999995
239427.1200000001
239436.12400000007
239449.30799999996
239462.11100000003
239475.12199999997
239483.35100000002
239484.43999999994
239492.59400000004
239505.189
239529.10100000002
239533.82400000002
239536.57499999995
239552.4709999999
239555.43500000006
239565.92400000012
239582.06499999994
239626.85899999994
239629.2309999999
239675.0120000001
239679.90100000007
239691.22200000007
239700.213
239710.20900000003
239720.84100000001
239732.2479999999
239764.554
239776.20999999996
239810.0460000001
239830.33899999992
239845.169
239851.9069999999
239854.4850000001
239867.071
239868.3999999999
239873.61100000003
239881.4169999999
239912.439
239931.7350000001
239939.4950000001
239962.9850000001
239972.2420000001
239981.4950000001
239993.3829999999
240008.21999999997
240035.37899999996
240055.3160000001
240062.912
240067.99300000002
240072.69699999993
240105.875
240136.1000000001
240172.30799999996
240202.4439999999
240211.2549999999
240229.05000000005
240242.7109999999
240252.46200000006
240269.01399999997
240287.32599999988
240305.08899999992
240337.4480000001
240342.91100000008
240367.13599999994
240385.74099999992
240440.9580000001
240466.50399999996
240493.49
240510.05099999998
240533.53600000008
240540.11899999995
240551.87599999993
240581.0079999999
240610.1939999999
240626.08700000006
240626.956
240628.78499999992
240631.04499999993
240631.608
240631.65999999992
240642.49
240662.61400000006
240678.0589999999
240684.6669999999
240703.169
240781.115
241017.00399999996
241181.68800000008
241202.973
241220.03099999996
241238.25
241274.4809999999
241297.0730000001
241321.3870000001
241340.2209999999
241352.1980000001
241402.6299999999
241432.04799999995
241470.90999999992
241543.93699999992
241551.963
241565.35499999998
241579.47600000002
241591.81700000004
241624.4269999999
241661.47999999998
241676.33700000006
241698.88199999998
241716.3559999999
241737.6370000001
241776.24399999995
241808.1000000001
241850.97999999998
241901.03099999996
241956.13199999998
241979.4580000001
241993.33700000006
242010.04700000002
242013.76799999992
242028.58400000003
242057.936
242091.7279999999
242143.29000000004
242164.68699999992
242189.6399999999
242231.41599999997
242237.1000000001
242255.206
242266.3330000001
242280.32499999995
242298.76
242292.2039999999
242286.74
242301.38800000004
242310.88400000008
242321.4850000001
242325.74
242333.96500000008
242340.49600000004
242361.38899999997
242369.78300000005
242393.96699999995
242400.42400000012
242404.18999999994
242410.402
242415.2080000001
242418.436
242423.74300000002
242429.80000000005
242443.429
242445.21500000008
242450.1540000001
242461.78300000005
242474.6839999999
242493.42800000007
242504.03000000003
242507.55099999998
242520.67500000005
242527.67599999998
242527.49600000004
242539.61800000002
242545.32799999998
242554.53399999999
242575.65999999992
242578.39800000004
242587.0930000001
242593.06000000006
242598.63599999994
242622.1540000001
242630.75399999996
242642.1980000001
242667.4879999999
242674.037
242685.9950000001
242690.4779999999
242699.10499999998
242717.27099999995
242720.53399999999
242735.26600000006
242743.3500000001
242774.12599999993
242779.84700000007
242789.4809999999
242804.9210000001
242808.07499999995
242818.1059999999
242820.2479999999
242818.04000000004
242820.75900000008
242827.40999999992
242830.95200000005
242835.17200000002
242846.29799999995
242875.071
242879.95699999994
242884.53099999996
242885.044
242884.9480000001
242883.52799999993
242863.233
242850.51799999992
242847.96399999992
242848.06700000004
242851.2819999999
242856.85199999996
242858.2790000001
242864.0290000001
242863.51
242864.78499999992
242878.54300000006
242886.49099999992
242891.45200000005
242896.348
242902.59899999993
242909.8089999999
242914.956
242920.473
242923.4480000001
242933.358
242945.66500000004
242960.963
242969.78399999999
242975.554
242986.48200000008
243002.9069999999
243013.6370000001
243017.97600000002
243023.95699999994
243042.831
243048.60400000005
243058.04900000012
243068.74099999992
243086.01799999992
243092.1710000001
243101.037
243109.94699999993
243123.54700000002
243129.3940000001
243145.2250000001
243154.2039999999
243168.14800000004
243186.60199999996
243199.94299999997
243207.6200000001
243212.267
243217.03399999999
243223.95299999998
243257.03300000005
243264.1939999999
243271.81499999994
243286.63400000008
243293.33199999994
243402.28000000003
243428.98699999996
243487.02300000004
243508.6640000001
243526.3160000001
243542.93800000008
243565.70099999988
243582.45999999996
243610.4779999999
243613.8799999999
243637.59000000008
243660.94200000004
243685.42299999995
243694.79499999993
243697.28000000003
243718.95900000003
243740.32000000007
243746.33499999996
243730.94999999995
243744.41100000008
243772.436
243777.82499999995
243788.69900000002
243790.6299999999
243797.0959999999
243834.62400000007
243838.90800000005
243847.3089999999
243865.95299999998
243853.03600000008
243837.84700000007
243937.4069999999
244022.571
245052.70299999998
245142.0049999999
245158.9750000001
245179.5789999999
245189.93299999996
245217.28099999996
245250.983
245266.706
245269.83199999994
245336.25399999996
245405.86400000006
245475.66800000006
245503.34400000004
245511.52300000004
245523.33199999994
245528.12899999996
245538.081
245601.87800000003
245622.7720000001
245628.73399999994
245646.83400000003
245664.689
245675.98699999996
245680.86800000002
245695.99099999992
245709.62800000003
245714.696
245725.6839999999
245736.88199999998
245743.1299999999
245750.60199999996
245759.06499999994
245766.91500000004
245797.9979999999
245819.3060000001
245823.6569999999
245849.32400000002
245855.42299999995
245862.412
245874.31700000004
245881.9439999999
245886.57499999995
245893.32700000005
245905.7450000001
245914.42299999995
245922.1170000001
245926.0859999999
245928.13100000005
245934.05700000003
245939.60100000002
245944.2790000001
245950.8700000001
245954.0249999999
245956.7279999999
245958.41299999994
245963.537
245967.4609999999
245977.41599999997
245987.61100000003
245995.5959999999
246013.73600000003
246024.35700000008
246029.99699999997
246036.42500000005
246044.21699999995
246049.92999999993
246056.52300000004
246059.071
246069.74300000002
246074.9580000001
246079.91800000006
246097.983
246099.08000000007
246105.0419999999
246108.1299999999
246107.53399999999
246113.662
246117.71200000006
246124.07000000007
246125.1839999999
246136.41599999997
246159.2039999999
246162.92599999998
246174.7720000001
246183.99300000002
246187.54099999997
246191.23900000006
246193.206
246198.473
246203.94900000002
246217.48399999994
246224.2649999999
246225.40800000005
246224.06499999994
246231.32199999993
246235.679
246237.8060000001
246242.32000000007
246246.6270000001
246250.04700000002
246256.4809999999
246267.40899999999
246274.18999999994
246279.54499999993
246288.7919999999
246294.7790000001
246304.35199999996
246314.63100000005
246319.0589999999
246328.88800000004
246334.40899999999
246339.08000000007
246348.061
246349.1569999999
246352.17800000007
246357.59899999993
246357.51300000004
246353.90100000007
246353.1270000001
246355.18299999996
246360.50600000005
246379.67299999995
246390.79799999995
246396.6000000001
246402.81199999992
246408.07199999993
246414.30099999998
246417.79700000002
246425.098
246438.9709999999
246442.2890000001
246451.6640000001
246456.2720000001
246473.98399999994
246488.956
246492.70699999994
246499.1100000001
246522.5190000001
246525.82599999988
246534.544
246543.12400000007
246551.17500000005
246555.99900000007
246556.69200000004
246564.36400000006
246561.8799999999
246567.47900000005
246571.09899999993
246575.3870000001
246579.60499999998
246580.1910000001
246581.8729999999
246580.8559999999
246578.6440000001
246584.4310000001
246582.4439999999
246586.554
246592.196
246595.99099999992
246617.625
246617.41100000008
246623.79300000006
246625.8970000001
246630.88100000005
246632.885
246644.57400000002
246655.56499999994
246662.3899999999
246663.412
246670.01099999994
246664.40800000005
246662.9040000001
246665.92999999993
246676.95099999988
246675.517
246674.41599999997
246676.65800000005
246679.9310000001
246681.561
246688.49099999992
246683.95900000003
246679.91299999994
246680.06300000008
246690.69500000007
246693.071
246690.28499999992
246688.358
246690.2620000001
246694.42200000002
246697.9410000001
246698.33000000007
246705.1980000001
246709.581
246701.0290000001
246704.21500000008
246714.939
246718.21600000001
246718.196
246726.95200000005
246729.40599999996
246730.06799999997
246730.3600000001
246732.6000000001
246733.69500000007
246734.45200000005
246739.82499999995
246746.5020000001
246760.858
246764.561
246770.37899999996
246773.39100000006
246781.2180000001
246791.9850000001
246799.17400000012
246807.97200000007
246813.69299999997
246828.11400000006
246832.91100000008
246835.5660000001
246840.64599999995
246844.31199999992
246871.1810000001
246882.9539999999
246885.37899999996
246879.9169999999
246878.8970000001
246887.64100000006
246889.25600000005
246900.21200000006
246905.92400000012
246907.72600000002
246898.2579999999
246890.94200000004
246895.53399999999
246900.09499999997
246903.50900000008
246900.28099999996
246902.7080000001
246922.4410000001
246921.37400000007
246924.33499999996
246935.67599999998
246941.2720000001
246946.70099999988
246940.89800000004
246941.93999999994
246952.45699999994
246958.9069999999
246964.8629999999
246970.885
246970.17200000002
246964.91500000004
246952.89100000006
246947.66999999993
246947.22600000002
246954.7450000001
246963.90500000003
246967.09400000004
246965.10400000005
246967.28099999996
246967.7919999999
246981.67800000007
247006.90100000007
247010.14599999995
247023.28399999999
247038.11800000002
247066.50600000005
247106.26099999994
247115.92800000007
247128.51600000006
247144.8359999999
247182.86100000003
247199.402
247203.40299999993
247223.6540000001
247256.25399999996
247282.7520000001
247346.8060000001
247370.162
247378.24
247470.8430000001
247540.696
247563.446
247588.23699999996
247621.91500000004
247635.31300000008
247681.7579999999
247714.78399999999
247754.69699999993
247780.65800000005
247820.13400000008
247876.196
247893.66299999994
247920.402
247956.47900000005
247971.73200000008
247971.5930000001
247960.4580000001
247985.72999999998
248009.31700000004
248061.733
248112.74399999995
248155.79000000004
248178.8500000001
248240.06199999992
248269.80499999993
248313.53300000005
248368.86599999992
248413.85700000008
248436.4950000001
248446.098
248470.68500000006
248489.42599999998
248511.35199999996
248533.125
248563.51300000004
248593.01600000006
248606.94699999993
248628.0460000001
248638.7579999999
248648.179
248672.60499999998
248703.135
248726.3019999999
248745.83400000003
248762.20900000003
248771.06199999992
248785.9040000001
248809.82199999993
248828.86599999992
248865.6810000001
248894.72999999998
248917.04700000002
248992.679
249016.89899999998
249046.89500000002
249072.68200000003
249091.34199999995
249095.97200000007
249119.61599999992
249129.71200000006
249150.68699999992
249207.6129999999
249231.88800000004
249252.0190000001
249270.44500000007
249283.83000000007
249292.6129999999
249298.358
249308.294
249312.55000000005
249312.652
249333.38100000005
249362.80700000003
249369.26799999992
249371.06700000004
249397.91100000008
249401.65299999993
249417.57499999995
249437.55499999993
249477.62599999993
249492.86599999992
249506.86899999995
249546.2720000001
249560.1270000001
249579.99099999992
249602.13599999994
249637.95699999994
249651.2379999999
249658.875
249659.77300000004
249661.6299999999
249668.06799999997
249673.0519999999
249680.35499999998
249703.06199999992
249726.99600000004
249737.463
249758.78499999992
249788.62199999997
249795.01799999992
249812.19900000002
249825.84400000004
249833.28399999999
249838.0149999999
249851.86599999992
249859.794
249867.55799999996
249870.99
249883.14299999992
249888.7379999999
249896.62599999993
249897.99300000002
249904.956
249913.939
249914.05799999996
249916.787
249921.28000000003
249919.588
249910.10700000008
249900.08400000003
249894.86100000003
249896.25600000005
249877.28000000003
249858.95699999994
249844.95099999988
249845.2720000001
249843.3999999999
249838.16999999993
249831.17299999995
249829.06300000008
249831.0249999999
249839.9580000001
249854.91800000006
249871.561
249881.50300000003
249898.983
249911.74300000002
249920.8189999999
249939.2749999999
249958.20200000005
249970.37800000003
249986.6029999999
249993.75300000003
250000.52399999998
250014.74
250021.07400000002
250023.00900000008
250025.60499999998
250022.94699999993
250022.63599999994
250017.84700000007
250015.06199999992
250010.4979999999
250009.75900000008
250007.6200000001
250007.94999999995
250010.3700000001
250008.47699999996
249998.74399999995
249987.8700000001
249992.34100000001
249984.32199999993
249975.73200000008
249979.115
249971.01799999992
249963.17800000007
249946.67400000012
249949.48900000006
249943.6939999999
249952.67599999998
249965.10700000008
249992.83899999992
249998.08000000007
250013.52600000007
250016.90999999992
250006.60899999994
249985.62199999997
249984.81700000004
249992.4609999999
249986.625
250000.96999999997
250014.09700000007
250027.6329999999
250035.554
250038.6939999999
250025.054
250024.5390000001
249996.91100000008
249986.233
249982.0859999999
249971.9850000001
249949.811
249930.18800000008
249927.821
249955.787
249961.42299999995
249972.81700000004
249984.84899999993
250048.1839999999
250054.39100000006
250156.064
250169.3629999999
250195.20500000007
250210.46699999995
250224.46699999995
250229.11400000006
250253.36400000006
250259.6170000001
250262.69200000004
250261.77099999995
250286.91999999993
250289.848
250277.32199999993
250237.1370000001
250212.86100000003
250197.68699999992
250197.517
250204.12800000003
250216.42200000002
250246.20099999988
250248.72900000005
250237.61800000002
250212.1470000001
250194.9920000001
250145.85499999998
250089.85400000005
249999.8160000001
249986.0079999999
249958.2579999999
249946.51
249929.7579999999
249916.79499999993
249878.34199999995
249855.57400000002
249821.2819999999
249802.4609999999
249769.83199999994
249756.6299999999
249750.0519999999
249733.62400000007
249715.5079999999
249688.51099999994
249662.39500000002
249633.8700000001
249613.01099999994
249610.6059999999
249584.9979999999
249553.97399999993
249546.14100000006
249546.26399999997
249537.652
249513.57000000007
249510.62400000007
249510.5789999999
249502.30799999996
249489.66299999994
249474.53600000008
249464.7450000001
249447.13400000008
249443.294
249442.706
249451.75900000008
249447.18999999994
249432.49300000002
249420.20200000005
249397.2749999999
249385.027
249364.49300000002
249329.0020000001
249291.43699999992
249228.68699999992
249211.46600000001
249194.64100000006
249182.52600000007
249185.93999999994
249201.31000000006
249224.86599999992
249264.7250000001
249273.16500000004
249280.32499999995
249283.41100000008
249280.49900000007
249267.10100000002
249252.08199999994
249245.1669999999
249242.30300000007
249240.10700000008
249257.6910000001
249287.436
249363.0930000001
249393.10100000002
249412.82799999998
249440.86800000002
249466.06199999992
249480.73900000006
249491.8999999999
249527.16100000008
249545.54000000004
249550.78099999996
249538.38100000005
249537.82000000007
249529.43999999994
249532.41100000008
249532.4879999999
249516.84400000004
249503.68999999994
249469.69999999995
249432.38100000005
249431.98200000008
249447.85400000005
249451.81799999997
249447.86899999995
249437.36800000002
249423.85499999998
249412.108
249393.125
249376.12899999996
249364.49699999997
249348.64299999992
249339.85100000002
249327.34400000004
249310.07000000007
249282.7960000001
249250.10899999994
249241.22699999996
249241.1129999999
249248.1370000001
249291.9750000001
249325.19699999993
249343.74399999995
249355.18299999996
249352.48900000006
249334.39500000002
249322.20099999988
249307.8430000001
249300.6100000001
249288.76600000006
249285.4439999999
249284.51600000006
249284.26799999992
249286.6059999999
249273.30799999996
249248.162
249238.2890000001
249219.5959999999
249214.47999999998
249204.81700000004
249202.2450000001
249193.0149999999
249188.0789999999
249168.44299999997
249164.706
249163.7039999999
249165.59100000001
249166.23900000006
249171.07799999998
249179.20900000003
249179.8089999999
249178.088
249176.68999999994
249169.51300000004
249151.7039999999
249149.45299999998
249135.13800000004
249111.358
249099.71999999997
249090.8700000001
249079.554
249073.35400000005
249072.39899999998
249072.81300000008
249072.61599999992
249071.2420000001
249077.01099999994
249072.83499999996
249066.00300000003
249053.6440000001
249039.72900000005
249020.00300000003
248998.73600000003
248972.13199999998
248954.36599999992
248949.61100000003
248945.42999999993
248938.51399999997
248922.04300000006
248906.963
248883.06300000008
248870.03499999992
248852.8559999999
248844.91800000006
248817.40299999993
248809.06499999994
248805.90599999996
248798.43200000003
248790.2690000001
248786.62100000004
248786.06700000004
248786.98200000008
248782.3060000001
248779.61800000002
248747.9040000001
248743.67500000005
248727.22699999996
248718.54000000004
248718.07400000002
248718.94299999997
248719.49900000007
248721.58199999994
248699.62100000004
248695.06199999992
248658.0560000001
248652.27399999998
248642.55300000007
248623.81300000008
248575.28799999994
248573.48699999996
248564.706
248538.196
248514.44299999997
248501.9979999999
248479.76600000006
248461.05300000007
248437.13199999998
248445.29300000006
248451.79900000012
248456.22699999996
248464.76099999994
248309.76300000004
248324.91999999993
248316.5079999999
248310.32400000002
248310.29799999995
248294.9169999999
248316.2579999999
248330.537
248326.277
248392.06300000008
248409.60499999998
248414.81700000004
248413.7209999999
248413.69999999995
248418.71999999997
248420.48399999994
248388.713
248370.5149999999
248382.49900000007
248359.66800000006
248318.90800000005
248305.071
248275.28000000003
248248.8019999999
248242.71699999995
248243.47699999996
248259.07599999988
248253.6370000001
248249.5290000001
248265.63199999998
248283.0519999999
248299.2520000001
248322.47999999998
248335.70299999998
248345.30000000005
248374.865
248395.31499999994
248412.47600000002
248416.06499999994
248425.72200000007
248447.00699999998
248457.91500000004
248498.3829999999
248526.446
248543.97200000007
248570.42800000007
248583.79900000012
248590.4410000001
248596.0460000001
248593.2520000001
248570.23900000006
248568.4269999999
248579.68299999996
248554.2379999999
248544.77600000007
248538.3289999999
248534.15999999992
248532.04900000012
248523.1669999999
248516.96900000004
248458.2180000001
248443.61800000002
248438.91100000008
248424.32799999998
248406.96900000004
248387.53799999994
248369.17400000012
248330.43800000008
248317.4850000001
248310.60199999996
248297.2420000001
248271.206
248250.69900000002
248240.56000000006
248227.061
248214.892
248200.01
248171.53600000008
248161.375
248121.66299999994
248108.902
248072.64100000006
248063.48600000003
248050.41299999994
248042.2379999999
248031.2250000001
248018.05499999993
248010.73699999996
248012.36199999996
247998.46200000006
247989.8729999999
247972.2450000001
247942.733
247921.32499999995
247898.60499999998
247884.2420000001
247867.91299999994
247860.1270000001
247853.39800000004
247841.21699999995
247822.20500000007
247797.0519999999
247797.939
247799.196
247410.561
247205.37400000007
246996.70699999994
247087.2579999999
247067.37599999993
247030.86100000003
246966.2649999999
246950.017
246949.21500000008
246958.0560000001
246971.87599999993
246992.36599999992
246994.41100000008
246991.19500000007
246998.686
247009.45099999988
247016.54300000006
247021.4950000001
247024.017
247025.3459999999
247040.16800000006
247044.1910000001
247049.9210000001
247061.06700000004
247061.1540000001
247058.63800000004
247051.75600000005
247038.1710000001
247024.39599999995
246984.52300000004
246981.6810000001
246979.33700000006
246978.99300000002
246979.16500000004
246979.30099999998
246978.892
246978.463
246977.9879999999
246977.89100000006
246977.12599999993
246973.60700000008
246961.76600000006
246957.6059999999
246921.4140000001
246893.53499999992
246881.35199999996
246858.74399999995
246855.21900000004
246850.19900000002
246846.99699999997
246831.5419999999
246831.44200000004
246825.20699999994
246818.929
246805.0689999999
246789.80099999998
246784.26300000004
246782.402
246758.58199999994
246721.3289999999
246713.28499999992
246675.65800000005
246631.1399999999
246618.7720000001
246618.05099999998
246572.49699999997
246535.99600000004
246478.338
246325.56199999992
246092.52799999993
245930.1470000001
245944.90800000005
245958.58499999996
246011.65500000003
246043.77799999993
246398.07000000007
246115.81199999992
245839.11599999992
245828.08700000006
245248.71600000001
244980.22999999998
244872.929
244667.43699999992
244631.86199999996
244615.24
244594.79900000012
244575.71900000004
244570.10400000005
244561.43999999994
244549.3559999999
244541.80099999998
244510.32199999993
244494.2039999999
244487.17800000007
244478.152
244466.017
244450.59000000008
244434.1710000001
244427.9879999999
244406.73699999996
244368.402
244355.50900000008
244341.7749999999
244334.41599999997
244314.9069999999
244292.4169999999
244265.28300000005
244243.814
244227.4269999999
244206.311
244180.01300000004
244165.24900000007
244144.44699999993
244128.75
244125.8999999999
244131.80000000005
244135.3459999999
244123.598
244117.25
244107.2080000001
244097.581
244059.0249999999
244021.37199999997
243972.3019999999
243941.41100000008
243919.71399999992
243901.5079999999
243872.45900000003
243833.27600000007
243800.22399999993
243794.51600000006
243768.24300000002
243627.4609999999
243467.4339999999
243364.03600000008
243322.18200000003
243320.11199999996
243299.99900000007
243280.64100000006
243212.37199999997
243193.19699999993
243142.6540000001
243052.2080000001
243022.45200000005
242992.9609999999
242944.55099999998
242913.30000000005
242885.61100000003
242869.7890000001
242858.37199999997
242853.3970000001
242847.42400000012
242842.66999999993
242831.37400000007
242826.83499999996
242802.79000000004
242778.42599999998
242737.83700000006
242708.8060000001
242676.811
242656.30000000005
242644.09199999995
242621.89599999995
242570.0930000001
242559.92400000012
242532.30099999998
242496.49
242476.0020000001
242462.63599999994
242439.97900000005
242414.88400000008
242384.5020000001
242368.2080000001
242345.95299999998
242323.45999999996
242283.65999999992
242257.28600000008
242237.956
242205.01
242174.06499999994
242114.39899999998
242086.125
242061.51799999992
242032.6229999999
242010.52399999998
241997.2109999999
241994.04799999995
241984.58700000006
241948.84899999993
241910.05000000005
241865.17299999995
241812.07499999995
241772.62599999993
241766.6470000001
241733.49300000002
241691.6059999999
241651.6440000001
241604.561
241576.40500000003
241550.1329999999
241498.90100000007
241400.8089999999
241380.1170000001
241371.3799999999
241369.9779999999
241355.98600000003
241347.14599999995
241356.40999999992
241350.304
241333.07700000005
241320.2579999999
241303.00600000005
241288.8940000001
241280.96200000006
241271.45999999996
241265.72399999993
241253.95699999994
241246.21600000001
241244.22600000002
241235.64899999998
241212.05700000003
241200.9779999999
241190.0020000001
241168.0859999999
241147.62400000007
241135.7279999999
241111.68500000006
241096.98399999994
241076.5120000001
241063.38899999997
241059.2180000001
241051.50300000003
241038.86199999996
241015.18200000003
241015.963
240980.3999999999
240976.1839999999
240962.9439999999
240936.37899999996
240904.84100000001
240874.52300000004
240845.74600000004
240816.96399999992
240800.189
240767.90800000005
240763.9609999999
240714.41500000004
240660.2209999999
240606.21200000006
240579.31300000008
240564.24399999995
240410.73699999996
240228.15500000003
240069.1270000001
239911.321
239780.0830000001
239667.58700000006
239604.89800000004
239512.22600000002
239393.33899999992
239273.16299999994
239002.22600000002
238919.14500000002
238879.16500000004
238867.94500000007
238860.11899999995
238855.70099999988
238841.42200000002
238807.75
238765.5859999999
238743.81799999997
238701.7309999999
238653.99399999995
238639.4709999999
238626.8430000001
238591.13599999994
238536.3670000001
238506.61199999996
238481.84199999995
238466.1329999999
238413.03499999992
238401.60899999994
238378.277
238365.88899999997
238345.41299999994
238328.98900000006
238308.5149999999
238300.8970000001
238291.13400000008
238277.564
238235.89500000002
238210.419
238201.0149999999
238137.91599999997
238123.064
238096.07400000002
238077.72699999996
238052.4140000001
238025.44699999993
238003.98900000006
237990.14500000002
237967.63599999994
237906.36800000002
237878.84700000007
237849.0789999999
237797.49300000002
237730.85499999998
237716.39100000006
237706.27600000007
237678.929
237658.50399999996
237634.97200000007
237585.11899999995
237581.30700000003
237569.20099999988
237558.098
237540.15500000003
237508.76399999997
237486.1000000001
237478.9950000001
237466.21999999997
237447.9979999999
237437.23600000003
237409.1980000001
237392.51
237369.49099999992
237335.82000000007
237326.1910000001
237274.94900000002
237275.34400000004
237242.80099999998
237229.554
237204.9779999999
237181.09199999995
237136.027
237096.358
237066.28600000008
237056.92599999998
237046.41800000006
237023.27099999995
237011.51799999992
236986.34000000008
236971.0660000001
236925.91500000004
236887.04799999995
236859.331
236841.10400000005
236819.95699999994
236780.97699999996
236771.8799999999
236748.00099999993
236726.72699999996
236696.52300000004
236689.412
236672.03300000005
236665.1910000001
236665.186
236669.52600000007
236693.96999999997
236657.70999999996
236645.3899999999
236626.42299999995
236601.21600000001
236567.13800000004
236545.59700000007
236502.98200000008
236486.00600000005
236466.7450000001
236452.38100000005
236406.25099999993
236381.3430000001
236377.89800000004
236363.20699999994
236354.71999999997
236358.5290000001
236336.43800000008
236331.82799999998
236332.02600000007
236316.19900000002
236310.1370000001
236299.70099999988
236179.34400000004
236148.8670000001
236118.7039999999
236083.90100000007
236068.071
236042.91299999994
236006.20500000007
235916.1399999999
235898.34499999997
235874.3330000001
235830.85400000005
235822.38199999998
235818.314
235817.54799999995
235815.78099999996
235817.00399999996
235745.7379999999
235735.17200000002
235711.14800000004
235702.32599999988
235687.54099999997
235680.72399999993
235675.19200000004
235629.34000000008
235623.5730000001
235616.09100000001
235605.35400000005
235580.86899999995
235571.5830000001
235560.04700000002
235553.95900000003
235540.88899999997
235532.17800000007
235517.56000000006
235515.39299999992
235511.679
235490.787
235492.706
235486.65500000003
235418.59000000008
235348.13400000008
235335.97200000007
235277.25300000003
235239.983
235249.63100000005
235255.9609999999
235266.50600000005
235266.09899999993
235246.7450000001
235240.53799999994
235241.28399999999
235239.11100000003
235231.57700000005
235200.86100000003
235189.93999999994
235178.206
235159.55700000003
235137.03600000008
235134.2720000001
235113.78399999999
235106.06799999997
235099.0319999999
235084.3230000001
235078.59899999993
235072.73399999994
235067.919
235056.52099999995
235041.58700000006
235032.51
235019.60899999994
234999.25
234990.93699999992
234971.74099999992
234963.8430000001
234958.1229999999
234910.4779999999
234886.19699999993
234863.6669999999
234875.38599999994
234875.973
234872.6769999999
234867.6029999999
234833.3729999999
234815.53600000008
234831.0049999999
234857.86599999992
234795.956
234763.152
234742.8019999999
234744.6029999999
234729.6769999999
234641.00699999998
234569.72200000007
234522.28300000005
234464.06700000004
234432.64299999992
234385.22699999996
234300.49300000002
234183.662
234160.39800000004
234102.70699999994
234087.08499999996
234009.24
233940.89299999992
233898.24600000004
233878.94699999993
233843.4609999999
233832.43999999994
233790.70900000003
233769.33199999994
233747.7309999999
233723.179
233707.87800000003
233690.68200000003
233681.08499999996
233676.7749999999
233674.38100000005
233609.68299999996
233591.68299999996
233561.8829999999
233524.1839999999
233481.99099999992
233458.287
233445.14299999992
233405.385
233382.68800000008
233347.892
233343.1910000001
233274.196
233503.9979999999
233569.89500000002
233602.99600000004
233750.18800000008
233775.39100000006
233788.6939999999
233831.69200000004
233849.49600000004
233874.767
233873.3940000001
233880.49699999997
233940.1910000001
233959.68999999994
257016.338
257022.723
257019.95099999988
257025.91500000004
257025.29499999993
257038.85899999994
257025.14899999998
257025.7649999999
257022.50399999996
257022.15899999999
257010.8160000001
257003.2620000001
256980.25600000005
256990.32199999993
256991.69999999995
257002.60499999998
257015.9210000001
257008.8160000001
257016.338
252345.78600000008
252363.76600000006
252389.11400000006
252402.581
252431.16800000006
252465.5
252484.02799999993
252501.0589999999
252516.8160000001
252536.53799999994
252549.6810000001
252554.8940000001
252598.21500000008
252611.7919999999
252616.1769999999
252628.7790000001
252621.45900000003
252618.84700000007
252617.26799999992
252614.6839999999
252713.64100000006
252778.75
252781.0460000001
252779.037
252776.0560000001
252771.787
252770.19900000002
252767.7579999999
252764.83000000007
252765.13199999998
252761.9979999999
252758.3899999999
252754.21600000001
252748.84400000004
252741.9779999999
252732.4439999999
252731.338
252731.0049999999
252727.59899999993
252722.45699999994
252719.7420000001
252719.30000000005
252717.412
252731.5079999999
252733.12800000003
252736.54000000004
252761.429
252782.1170000001
252835.79799999995
252875.2520000001
252901.581
252938.72200000007
252954.9169999999
252977.31199999992
252989.1640000001
253007.5020000001
253026.892
252996.7109999999
252999.54900000012
253008.8089999999
253022.6000000001
253062.13400000008
253091.30700000003
253130.08400000003
253165.4439999999
253204.1370000001
253261.4210000001
253239.6059999999
253252.936
253289.28799999994
253278.70299999998
253284.35700000008
253272.064
253263.2039999999
253250.83199999994
253242.31700000004
253210.46500000008
253181.72200000007
253181.7649999999
253159.43299999996
253159.24600000004
253176.83899999992
253178.35199999996
253180.92500000005
253184.3700000001
253188.3019999999
253188.94299999997
253190.24600000004
253190.375
253191.544
253197.44299999997
253198.64299999992
253212.28000000003
253219.68299999996
253231.277
253228.23600000003
253224.92299999995
253228.68699999992
253231.3089999999
253235.91299999994
253243.95099999988
253263.054
253274.29799999995
253296.96600000001
253337.10700000008
253336.68200000003
253363.5220000001
253357.77600000007
253311.26600000006
253340.1059999999
253354.39299999992
253355.02300000004
253394.79900000012
253415.66500000004
253431.28399999999
253468.20200000005
253457.8529999999
253468.169
253493.6499999999
253503.5660000001
253521.99900000007
253532.27399999998
253553.82700000005
253560.72900000005
253563.3289999999
253575.84700000007
253593.34400000004
253609.21999999997
253623.41800000006
253652.7649999999
253674.15999999992
253676.706
253680.60400000005
253663.57700000005
253674.4140000001
253696.2080000001
253749.16299999994
253781.0589999999
253816.33899999992
253835.55700000003
253897.135
253958.6299999999
253951.48600000003
253994.74699999997
254034.8770000001
254040.9809999999
254053.82799999998
254095.56000000006
254118.29700000002
254136.16100000008
254166.2209999999
254182.40299999993
254218.82700000005
254229.9950000001
254242.95200000005
254258.99
254272.81499999994
254286.04700000002
254302.03399999999
254311.6769999999
254321.60899999994
254341.10199999996
254357.69299999997
254333.53600000008
254380.40500000003
254387.47399999993
254400.22900000005
254395.733
254521.44500000007
254539.34700000007
254551.97399999993
254579.50300000003
254579.86199999996
254602.22600000002
254618.62899999996
254670.94900000002
254700.53499999992
254698.92800000007
254719.69699999993
254723.15899999999
254688.11100000003
254710.07599999988
254718.68500000006
254680.49900000007
254659.45699999994
254661.2039999999
254690.1170000001
254714.11899999995
254726.18500000006
254724.52399999998
254718.3629999999
254706.58899999992
254723.89800000004
254749.7960000001
254768.6370000001
254782.8189999999
254784.3970000001
254780.64899999998
254791.7309999999
254791.3230000001
254818.8529999999
254816.6029999999
254821.34100000001
254822.7520000001
254830.46500000008
254824.82199999993
254832.08899999992
254847.21999999997
254860.62899999996
254871.45200000005
254892.87599999993
254958.71500000008
254968.26099999994
254988.23600000003
255007.3089999999
255031.392
255082.21500000008
255054.70099999988
255060.8829999999
255078.0660000001
255086.1440000001
255091.1329999999
255097.24699999997
255103.12899999996
255109.49399999995
255112.80799999996
255123.29700000002
255133.625
255135.66599999997
255136.8230000001
255150.34700000007
255160.03000000003
255200.3629999999
255208.12100000004
255223.00600000005
255238.35199999996
255243.29000000004
255251.2919999999
255271.7450000001
255278.348
255300.83700000006
255309.30000000005
255324.7309999999
255326.1229999999
255331.3899999999
255341.22200000007
255348.43699999992
255349.42500000005
255346.96699999995
255343.36100000003
255347.6980000001
255351.37400000007
255361.79499999993
255368.77300000004
255375.94699999993
255433.9979999999
255432.4040000001
255418.91599999997
255418.95299999998
255423.4439999999
255432.62100000004
255449.0419999999
255454.77399999998
255459.26600000006
255462.30099999998
255466.2549999999
255471.99099999992
255475.814
255478.5190000001
255485.4140000001
255496.19900000002
255501.91299999994
255508.64899999998
255512.6299999999
255517.11400000006
255519.2450000001
255520.1499999999
255522.19699999993
255528.02399999998
255528.39800000004
255534.30000000005
255544.27099999995
255557.43999999994
255558.429
255549.6669999999
255544.83899999992
255544.13599999994
255544.06300000008
255547.00300000003
255571.6299999999
255573.90999999992
255552.36800000002
255549.57000000007
255536.28399999999
255527.3160000001
255486.1769999999
255479.635
255462.9750000001
255460.169
255441.79000000004
255426.0220000001
255438.89500000002
255460.5519999999
255461.24399999995
255468.69299999997
255459.3160000001
255454.9310000001
255416.41999999993
255390.9709999999
255365.125
255362.06799999997
255361.96999999997
255355.6329999999
255333.848
255308.24300000002
255275.36100000003
255263.57000000007
255254.99900000007
255235.78799999994
255226.2250000001
255200.6540000001
255184.92999999993
255134.05499999993
255130.635
255087.0319999999
255069.37599999993
255066.04900000012
255066.48600000003
255073.61800000002
255076.12100000004
255082.90599999996
255088.2209999999
255093.6499999999
255103.14800000004
255059.2250000001
255007.2450000001
254983.2520000001
254995.9539999999
255024.95699999994
255045.08899999992
255041.7420000001
255035.57400000002
255026.30300000007
255012.1370000001
255008.21200000006
255000.4169999999
254994.26300000004
254985.35400000005
254984.6470000001
254966.90999999992
254944.4480000001
254889.89800000004
254893.37800000003
254866.33199999994
254854.96399999992
254831.05499999993
254810.24600000004
254806.14299999992
254803.96200000006
254799.8600000001
254796.84499999997
254715.51099999994
254700.902
254696.29300000006
254688.696
254684.615
254674.713
254671.60400000005
254657.946
254652.36400000006
254646.66500000004
254641.1769999999
254618.7309999999
254605.59899999993
254597.57199999993
254577.33700000006
254556.7579999999
254538.27399999998
254522.02799999993
254518.892
254504.12400000007
254488.95200000005
254475.75699999998
254461.544
254446.2450000001
254432.15299999993
254426.05799999996
254415.2279999999
254395.36199999996
254387.2749999999
254385.179
254369.65599999996
254366.2479999999
254360.84700000007
254357.02000000002
254354.8500000001
254353.1059999999
254350.3500000001
254341.93299999996
254335.83899999992
254333.50099999993
254325.03099999996
254317.05499999993
254314.3670000001
254301.439
254294.1329999999
254291.64800000004
254289.564
254281.804
254279.936
254276.63400000008
254236.89599999995
254226.5930000001
254188.04000000004
254185.2379999999
254179.27099999995
254174.2309999999
254180.885
254155.483
254133.885
254115.2279999999
254101.8529999999
254096.92400000012
254092.1499999999
254091.1399999999
254091.5149999999
254082.27300000004
254082.32799999998
254082.39100000006
254085.2690000001
254090.6000000001
254087.63199999998
254090.66500000004
254093.52000000002
254095.71399999992
254095.10499999998
254090.0
254057.91299999994
254050.2420000001
254047.18299999996
254045.06000000006
254053.83499999996
254057.66999999993
254061.983
254064.02000000002
254069.385
254076.74099999992
254077.15100000007
254077.31700000004
254084.3829999999
254086.2549999999
254088.89299999992
254089.7819999999
254099.67200000002
254103.946
254106.1440000001
254109.88800000004
254116.82000000007
254126.13400000008
254139.80799999996
254140.25699999998
254062.9269999999
253946.8600000001
253941.4779999999
253940.02399999998
253932.0589999999
253920.00300000003
253912.77099999995
253904.53399999999
253903.0859999999
253900.58700000006
253898.37899999996
253897.963
253898.8770000001
253901.92500000005
253905.0959999999
253909.41800000006
253913.29300000006
253921.45500000007
253929.04499999993
253932.6470000001
253936.04099999997
253936.06700000004
253932.43500000006
253926.53099999996
253909.875
253908.70900000003
253911.05099999998
253910.75699999998
253882.73600000003
253871.037
253869.6229999999
253870.277
253869.76099999994
253865.30499999993
253863.3500000001
253854.60700000008
253815.9950000001
253816.713
253816.25699999998
253811.92599999998
253812.902
253812.3600000001
253780.9310000001
253763.95200000005
253741.5120000001
253741.61599999992
253741.71999999997
253737.90100000007
253734.19900000002
253726.9269999999
253721.87100000004
253718.4979999999
253715.804
253708.94200000004
253707.4439999999
253705.63899999997
253699.77600000007
253697.07499999995
253691.20699999994
253688.2690000001
253684.1640000001
253683.85199999996
253656.57599999988
253624.76
253605.12199999997
253563.1229999999
253563.713
253542.01799999992
253529.99699999997
253510.57499999995
253495.0689999999
253472.831
253463.9069999999
253451.36100000003
253446.32700000005
253201.33000000007
253121.37800000003
253120.42800000007
253117.18800000008
253116.8700000001
253116.27799999993
253111.50300000003
253110.34899999993
253101.9439999999
253078.679
253064.7649999999
253045.42599999998
253021.01600000006
252987.48699999996
252948.26
252936.456
252920.9950000001
252920.81199999992
252922.71600000001
252928.9709999999
252928.4410000001
252931.7479999999
252947.40500000003
252952.07000000007
252956.28399999999
252956.21500000008
252958.76399999997
252941.36599999992
252919.64100000006
252909.57000000007
252892.79900000012
252878.79900000012
252850.064
252850.53799999994
252862.794
252843.1059999999
252831.66100000008
252817.99099999992
252804.135
252797.93800000008
252791.82799999998
252791.79000000004
252785.53499999992
252777.26
252773.78099999996
252767.7309999999
252760.89599999995
252754.47999999998
252783.9950000001
252779.37400000007
252767.93200000003
252760.14599999995
252730.05300000007
252717.72999999998
252703.55300000007
252698.15100000007
252696.7620000001
252692.10400000005
252679.13199999998
252672.517
252681.46200000006
252689.01099999994
252697.662
252704.7180000001
252707.19999999995
252712.69200000004
252719.37400000007
252729.41299999994
252731.7890000001
252751.88599999994
252754.97600000002
252756.37199999997
252759.96699999995
252764.1000000001
252763.80300000007
252785.32799999998
252790.1329999999
252794.9539999999
252801.1569999999
252807.65299999993
252828.23200000008
252846.22999999998
252854.287
252870.3600000001
252875.60899999994
252883.19900000002
252894.95500000007
252915.33000000007
252944.74
252949.20999999996
252960.69500000007
252964.963
252969.31700000004
252986.59100000001
252997.7250000001
253023.3629999999
253031.92800000007
253025.86800000002
253018.26600000006
253012.93800000008
253009.73699999996
253023.5
253027.8700000001
253025.82499999995
253032.36599999992
253046.01300000004
253049.05700000003
253051.03399999999
253013.76600000006
253027.01300000004
253032.48900000006
253059.6370000001
253080.936
253049.14500000002
253015.93999999994
252996.06499999994
252981.77099999995
252970.14800000004
252950.78099999996
252937.73699999996
252919.1329999999
252944.94699999993
252962.8559999999
252982.11800000002
252975.61100000003
252964.09199999995
252950.56000000006
252944.02099999995
252936.517
252929.39100000006
252926.8629999999
252927.74900000007
252924.65100000007
252921.939
252919.5290000001
252930.41999999993
252944.09700000007
252957.5730000001
252965.57400000002
252981.65500000003
252995.169
253013.098
253022.95999999996
253026.223
253030.90100000007
253060.16999999993
253086.78300000005
253093.15599999996
253095.89299999992
253097.79300000006
253114.0959999999
253134.8529999999
253158.375
253164.64500000002
253124.88100000005
253104.49099999992
253108.6640000001
253127.45900000003
253125.19500000007
253137.24600000004
253143.65999999992
253144.23399999994
253148.6059999999
253148.7109999999
253162.9680000001
253163.2649999999
253140.4210000001
253125.8629999999
253118.17800000007
253101.3799999999
253092.40299999993
253075.9680000001
253074.21200000006
253081.858
253072.83400000003
253058.1939999999
253051.05700000003
253036.13400000008
253014.9140000001
252987.37199999997
252962.56799999997
252949.0519999999
252915.02300000004
252881.821
252877.4480000001
252841.81000000006
252832.27000000002
252825.81000000006
252818.46200000006
252815.7579999999
252811.8330000001
252806.7960000001
252806.821
252805.04499999993
252803.49
252799.10400000005
252795.9750000001
252797.08700000006
252796.11899999995
252792.55099999998
252785.36899999995
252780.63899999997
252771.1059999999
252764.06499999994
252750.75600000005
252747.321
252750.2549999999
252747.6399999999
252743.45099999988
252732.79900000012
252728.5249999999
252721.33199999994
252717.0020000001
252712.8060000001
252704.311
252697.287
252688.58700000006
252661.36100000003
252655.186
252651.60499999998
252641.3899999999
252632.00699999998
252627.135
252625.46699999995
252615.03399999999
252609.84000000008
252606.37199999997
252601.63100000005
252588.49099999992
252578.5319999999
252567.38899999997
252562.62800000003
252559.67599999998
252558.4480000001
252545.66800000006
252535.1440000001
252528.79900000012
252521.6440000001
252508.95699999994
252504.79499999993
252500.81000000006
252498.50300000003
252497.24900000007
252494.537
252486.01799999992
252468.14100000006
252450.71999999997
252443.49900000007
252441.11100000003
252435.43200000003
252428.31799999997
252426.54900000012
252423.94900000002
252420.79099999997
252417.30799999996
252411.98699999996
252403.2450000001
252402.51
252394.29700000002
252387.30099999998
252380.71399999992
252378.5290000001
252374.38800000004
252369.57000000007
252364.9609999999
252362.75300000003
252351.55799999996
252340.3189999999
252326.7420000001
252323.00900000008
252316.09700000007
252306.3060000001
252299.97399999993
252299.30700000003
252295.9069999999
252288.0
252287.5560000001
252280.70299999998
252277.95200000005
252268.75699999998
252239.804
252237.71999999997
252231.4339999999
252215.311
252208.54700000002
252202.14599999995
252185.08400000003
252180.831
252172.33000000007
252166.87100000004
252164.45900000003
252156.89299999992
252154.2379999999
252140.60400000005
252129.46699999995
252122.3330000001
252120.51099999994
252113.95699999994
252113.45999999996
252114.85499999998
252113.662
252108.51799999992
252108.027
252108.5120000001
252106.06499999994
252105.2039999999
252101.83700000006
252096.06499999994
252086.18500000006
252079.571
252075.554
252072.108
252067.01099999994
252063.62100000004
252057.68999999994
252044.7180000001
252039.804
252038.55300000007
252025.95500000007
252022.22999999998
252021.51099999994
252011.99600000004
252001.571
251993.23200000008
251974.5560000001
251968.56199999992
251963.39899999998
251957.098
251954.97900000005
251953.94999999995
251953.7919999999
251951.15800000005
251950.28300000005
251946.9950000001
251943.6229999999
251932.89500000002
251929.90100000007
251921.4310000001
251918.74699999997
251915.27300000004
251909.24
251905.348
251902.1669999999
251900.3089999999
251900.64599999995
251899.69299999997
251891.85400000005
251881.68699999992
251875.07799999998
251868.25699999998
251864.55099999998
251860.8600000001
251857.294
251852.3189999999
251847.61199999996
251843.92500000005
251838.63599999994
251832.86400000006
251829.59000000008
251828.186
251822.61599999992
251817.82199999993
251814.18800000008
251809.04700000002
251802.70699999994
251799.49600000004
251798.96600000001
251797.21500000008
251789.5190000001
251782.9850000001
251773.3970000001
251772.037
251770.713
251772.68999999994
251770.20099999988
251773.6129999999
251770.52799999993
251757.483
251753.76099999994
251751.18699999992
251744.06300000008
251741.54300000006
251739.8629999999
251731.49099999992
251723.13800000004
251715.85100000002
251711.10899999994
251708.90599999996
251701.00699999998
251697.94999999995
251688.8670000001
251685.65500000003
251678.7890000001
251675.4850000001
251668.858
251667.848
251668.99900000007
251667.10100000002
251649.83899999992
251625.14299999992
251617.1329999999
251609.9809999999
251602.84400000004
251605.60700000008
251605.4750000001
251599.169
251576.25300000003
251573.0390000001
251565.70099999988
251564.2819999999
251565.7749999999
251568.65599999996
251568.9410000001
251575.65100000007
251573.5859999999
251577.9709999999
251576.15299999993
251573.79300000006
251574.71500000008
251573.22999999998
251543.0079999999
251527.3160000001
251524.081
251529.69699999993
251531.05499999993
251472.03600000008
251456.581
251414.20900000003
251409.8529999999
251393.71399999992
251424.71900000004
251387.4439999999
251390.723
251374.03000000003
251371.9680000001
251365.72600000002
251334.42200000002
251324.95699999994
251341.6100000001
251347.69200000004
251319.8729999999
251324.9269999999
251341.82700000005
251329.56000000006
251296.79700000002
251282.26399999997
251300.32599999988
251302.89500000002
251310.41599999997
251311.956
251327.6100000001
251317.58000000007
251312.6029999999
251291.95500000007
251289.00300000003
251308.80700000003
251310.5249999999
251359.0959999999
251374.392
251379.82499999995
251421.8829999999
251408.1980000001
251419.4609999999
251417.4410000001
251427.88199999998
251418.99699999997
251409.7420000001
251432.07400000002
251455.55099999998
251470.2279999999
251516.14899999998
251497.608
251492.00900000008
251477.24300000002
251483.9140000001
251501.15800000005
251519.561
251552.65899999999
251579.1170000001
251592.67599999998
251603.7180000001
251617.25
251639.70699999994
251642.0930000001
251676.64599999995
251690.96500000008
251719.8189999999
251745.24900000007
251784.98399999994
251824.91599999997
251871.8670000001
251909.4950000001
251909.24900000007
251911.63100000005
251919.73699999996
251904.07000000007
251908.6229999999
251917.43800000008
251932.277
251968.0390000001
252004.6200000001
252025.29799999995
252034.99099999992
252052.571
252067.31199999992
252028.82700000005
252001.41500000004
251989.12800000003
251978.0789999999
251968.8799999999
251961.571
251957.43500000006
251954.1540000001
251941.1399999999
251959.4920000001
251957.04000000004
251935.10199999996
251905.0120000001
251893.78300000005
251866.29300000006
251840.1440000001
251824.29300000006
251803.77000000002
251786.25300000003
251742.865
251731.0220000001
251733.22699999996
251723.27300000004
251686.419
251660.3629999999
251647.0020000001
251637.9269999999
251619.15599999996
251613.6470000001
251578.206
251587.162
251597.15500000003
251603.84100000001
251613.89299999992
251622.29700000002
251648.99099999992
251626.68200000003
251607.6939999999
251629.8559999999
251621.554
251616.412
251612.14800000004
251602.13199999998
251579.07400000002
251569.33899999992
251565.12199999997
251549.2479999999
251522.5120000001
251528.99399999995
251532.39800000004
251538.72900000005
251546.07499999995
251548.34000000008
251553.09400000004
251538.52600000007
251537.93200000003
251539.304
251539.36199999996
251535.2890000001
251537.2109999999
251535.80499999993
251534.29000000004
251536.93999999994
251534.20500000007
251479.89299999992
251472.92999999993
251474.44500000007
251471.1769999999
251472.4879999999
251433.93500000006
251438.1499999999
251439.2080000001
251432.68699999992
251438.1640000001
251437.49099999992
251436.311
251426.05700000003
251429.554
251426.80499999993
251413.33899999992
251381.9950000001
251386.28099999996
251396.01399999997
251418.8670000001
251466.99600000004
251469.01099999994
251469.75699999998
251475.63400000008
251482.53399999999
251502.27799999993
251528.70500000007
251553.22900000005
251575.14299999992
251590.044
251605.45299999998
251633.7080000001
251646.83700000006
251697.91999999993
251703.16500000004
251735.81000000006
251754.713
251790.64500000002
251813.86400000006
251838.831
251857.36100000003
251861.71900000004
251873.11400000006
251879.25399999996
251895.34499999997
251898.3559999999
251906.76600000006
251908.96500000008
251908.6769999999
251935.767
251939.57000000007
251939.69200000004
251953.9879999999
251968.07799999998
251974.30000000005
251981.79700000002
251985.3359999999
252000.2819999999
252021.68699999992
252032.80099999998
252043.43299999996
252042.6440000001
252067.0460000001
252090.94200000004
252111.93200000003
252119.33400000003
252214.56199999992
252232.5660000001
252247.42400000012
252266.46399999992
252270.59700000007
252300.32700000005
252314.3060000001
252331.59700000007
252345.78600000008
255902.91500000004
255933.6370000001
255946.60400000005
255941.58400000003
255940.4040000001
255961.186
255970.8829999999
255970.52600000007
255960.0589999999
255966.65500000003
255970.11400000006
255979.17999999993
255987.87400000007
255981.29700000002
255978.38800000004
255977.13100000005
255991.74399999995
256016.59499999997
256045.73900000006
256054.28300000005
256066.70299999998
256070.662
256075.73399999994
256084.5959999999
256100.7309999999
256081.6370000001
256064.8330000001
256038.5149999999
256020.02399999998
256006.892
255996.5419999999
255994.017
255978.39500000002
255974.23699999996
255966.26799999992
255956.5390000001
255950.60700000008
255932.0789999999
255923.29900000012
255916.38800000004
255919.53499999992
255928.81700000004
255943.6270000001
255946.9069999999
255952.54300000006
255956.9979999999
255959.52000000002
255958.46999999997
255958.7350000001
255961.5930000001
255970.39100000006
255986.63800000004
256012.5290000001
256020.65899999999
256032.51799999992
256046.83000000007
256059.69699999993
256073.2350000001
256084.00699999998
256087.11199999996
256093.5120000001
256119.65299999993
256147.017
256160.5049999999
256180.99699999997
256191.5049999999
256195.5249999999
256207.62400000007
256206.87100000004
256218.10899999994
256223.8330000001
256228.5020000001
256233.0959999999
256240.71900000004
256246.49300000002
256249.75600000005
256256.0149999999
256250.1499999999
256250.6440000001
256251.7919999999
256259.23900000006
256261.10499999998
256249.49099999992
256250.70500000007
256229.314
256222.01600000006
256231.081
256231.4879999999
256233.91500000004
256237.91500000004
256226.8289999999
256240.2180000001
256245.3060000001
256246.70099999988
256251.027
256254.0789999999
256254.277
256253.061
256259.625
256265.2579999999
256276.54000000004
256281.64500000002
256292.52000000002
256301.80799999996
256310.45900000003
256314.53099999996
256317.29000000004
256325.59400000004
256323.17500000005
256323.3899999999
256331.54000000004
256328.4879999999
256333.11199999996
256339.06499999994
256346.3729999999
256351.3160000001
256350.7279999999
256354.96999999997
256354.7109999999
256354.36599999992
256358.66500000004
256370.11800000002
256379.9539999999
256343.0519999999
256287.51399999997
256256.82400000002
256246.11899999995
256255.75399999996
256260.0789999999
256255.3829999999
256281.10499999998
256262.20200000005
256216.527
256200.73600000003
256191.5930000001
256163.11199999996
256152.05099999998
256112.18800000008
256095.06499999994
256085.98600000003
256050.027
256034.36100000003
256020.19900000002
256021.27099999995
256027.72699999996
256036.1200000001
256039.82000000007
256016.98900000006
256010.19699999993
256001.19500000007
255980.94999999995
255968.28099999996
255964.6470000001
255916.92200000002
255899.01
255901.314
255878.07599999988
255876.9920000001
255843.41800000006
255830.59899999993
255810.331
255807.66500000004
255807.44500000007
255806.8529999999
255787.9680000001
255762.7279999999
255732.62599999993
255689.37800000003
255684.7209999999
255677.63100000005
255672.07199999993
255670.93299999996
255616.1299999999
255606.2080000001
255602.45900000003
255594.17599999998
255588.54000000004
255574.09899999993
255564.8600000001
255559.483
255556.75099999993
255536.11800000002
255521.8019999999
255499.62800000003
255495.6569999999
255468.0689999999
255459.642
255449.71999999997
255446.0290000001
255441.31300000008
255420.73900000006
255410.37100000004
255406.87100000004
255403.36899999995
255398.44200000004
255393.50699999998
255386.3019999999
255363.4169999999
255352.86400000006
255302.82799999998
255284.27399999998
255225.85499999998
255194.4040000001
255159.39100000006
255147.45500000007
255122.20099999988
255101.56000000006
255084.527
255041.81799999997
255008.40899999999
254999.40800000005
254980.55700000003
254973.57499999995
254982.7350000001
254966.4750000001
254965.8160000001
254961.54799999995
254963.33400000003
254958.27399999998
254957.0560000001
254954.09899999993
254948.5190000001
254945.6299999999
254904.14899999998
254904.19200000004
254895.3700000001
254895.4269999999
254883.16500000004
254873.90599999996
254857.3330000001
254839.34499999997
254837.0220000001
254794.419
254718.1710000001
254638.63199999998
254551.32499999995
254534.90899999999
254530.33700000006
254518.81199999992
254510.18500000006
254498.74300000002
254486.1370000001
254478.1399999999
254455.973
254457.04900000012
254467.2109999999
254475.29799999995
254482.26799999992
254487.2790000001
254466.1229999999
254446.7579999999
254418.91299999994
254442.429
254325.08199999994
254307.48699999996
254262.544
254263.85400000005
254236.68200000003
254236.331
254233.92500000005
254229.9310000001
254227.8160000001
254220.63400000008
254219.44699999993
254215.13199999998
254209.48399999994
254192.59400000004
254193.61100000003
254182.78099999996
254173.5190000001
254164.08000000007
254147.74900000007
254131.669
254103.65899999999
254094.82799999998
254070.8799999999
254063.28399999999
254057.3529999999
254052.52600000007
254049.8940000001
254046.24
254044.34199999995
254040.47600000002
254034.49699999997
254030.96200000006
254027.642
254022.86199999996
253971.86899999995
253891.669
253886.0730000001
253762.55499999993
253756.17200000002
253752.66999999993
253734.26399999997
253722.4439999999
253719.72999999998
253722.65299999993
253724.8799999999
253725.57599999988
253725.3629999999
253723.2549999999
253721.61899999995
253719.9979999999
253720.25
253721.73900000006
253725.76600000006
253728.53600000008
253719.93800000008
253695.44299999997
253690.26099999994
253687.14100000006
253682.0290000001
253680.16100000008
253676.412
253668.92400000012
253665.97900000005
253663.57499999995
253661.4339999999
253638.13800000004
253622.8459999999
253612.9920000001
253602.564
253597.42500000005
253586.59899999993
253578.26
253564.7819999999
253559.90999999992
253554.00099999993
253540.5
253526.11100000003
253518.70900000003
253514.68999999994
253502.3940000001
253495.46500000008
253478.7420000001
253475.61599999992
253465.3999999999
253453.24300000002
253452.3940000001
253440.8060000001
253430.8289999999
253436.82000000007
253438.66500000004
253429.7749999999
253427.73699999996
253427.7180000001
253431.4979999999
253428.11599999992
253424.29499999993
253420.5519999999
253430.62100000004
253428.811
253416.15999999992
253407.44999999995
253401.16599999997
253386.6029999999
253388.098
253394.74099999992
253402.162
253421.33199999994
253431.064
253445.311
253437.75900000008
253435.40299999993
253432.6059999999
253432.45699999994
253419.60400000005
253399.05099999998
253386.07499999995
253380.7250000001
253380.25300000003
253363.77300000004
253358.53600000008
253342.19999999995
253339.66100000008
253334.21699999995
253335.83400000003
253334.7250000001
253339.0190000001
253339.95900000003
253339.51
253336.23699999996
253324.2420000001
253317.34700000007
253313.74099999992
253309.20900000003
253303.93699999992
253289.0149999999
253266.983
253244.6000000001
253227.115
253216.206
253191.88599999994
253192.55099999998
253202.10100000002
253201.90299999993
253218.80000000005
253229.53799999994
253230.1270000001
253241.463
253259.35499999998
253266.28799999994
253264.3670000001
253265.152
253259.821
253259.86599999992
253260.96500000008
253265.642
253267.37400000007
253285.02099999995
253289.40899999999
253291.6229999999
253297.3500000001
253305.35899999994
253311.85400000005
253313.436
253317.04300000006
253318.5419999999
253350.57199999993
253379.4140000001
253397.0220000001
253397.80499999993
253408.37899999996
253410.47900000005
253431.72999999998
253457.723
253494.64500000002
253518.39800000004
253543.25399999996
253564.45500000007
253574.4040000001
253581.31300000008
253587.23900000006
253592.00399999996
253598.82700000005
253667.1229999999
253732.044
253763.28099999996
253782.88800000004
253792.6569999999
253785.52099999995
253782.1370000001
253773.37400000007
253796.4339999999
253801.32499999995
253801.6399999999
253799.49600000004
253928.74099999992
253933.331
253935.02300000004
253937.53099999996
253947.49
253998.70999999996
254139.54900000012
254136.2549999999
254130.18699999992
254157.40800000005
254160.9609999999
254170.76799999992
254174.92800000007
254257.07199999993
254258.9140000001
254265.054
254298.6499999999
254314.44999999995
254327.72399999993
254358.875
254353.2720000001
254340.4750000001
254333.8670000001
254332.51600000006
254333.338
254338.473
254348.14899999998
254354.33000000007
254352.47399999993
254347.625
254341.7450000001
254334.13400000008
254333.69999999995
254338.29799999995
254341.125
254338.47999999998
254335.544
254316.60499999998
254304.70900000003
254301.08899999992
254301.61199999996
254307.39500000002
254313.55799999996
254321.5390000001
254346.23200000008
254355.25099999993
254368.44299999997
254377.2890000001
254388.53799999994
254389.62800000003
254390.02000000002
254389.79000000004
254389.179
254387.91999999993
254395.02300000004
254396.85899999994
254406.79700000002
254408.99099999992
254418.196
254422.5859999999
254428.11599999992
254432.34400000004
254435.206
254431.64899999998
254424.67800000007
254421.88599999994
254419.59199999995
254425.40999999992
254431.78600000008
254439.7649999999
254444.23200000008
254457.01600000006
254461.47999999998
254470.65500000003
254475.5419999999
254482.206
254488.14800000004
254488.11199999996
254487.05099999998
254480.598
254478.3359999999
254477.86400000006
254473.402
254464.55099999998
254463.64100000006
254463.794
254464.348
254464.44699999993
254463.12599999993
254457.82799999998
254457.51799999992
254456.38599999994
254455.9920000001
254453.71600000001
254435.06199999992
254426.233
254418.90100000007
254414.3770000001
254409.1499999999
254406.34400000004
254408.81700000004
254412.5589999999
254418.1569999999
254420.429
254421.71999999997
254421.4850000001
254422.08499999996
254420.76799999992
254418.17200000002
254419.49399999995
254429.26600000006
254432.3019999999
254437.365
254442.59000000008
254447.56799999997
254444.9310000001
254449.61899999995
254451.902
254454.25
254453.598
254454.8670000001
254450.2309999999
254445.89299999992
254440.5290000001
254434.8629999999
254434.26
254428.42400000012
254429.50600000005
254423.8600000001
254417.38400000008
254415.04099999997
254419.8160000001
254428.9210000001
254431.75300000003
254432.32599999988
254434.57700000005
254432.26099999994
254435.97399999993
254438.54300000006
254441.42200000002
254459.92500000005
254465.58899999992
254470.63800000004
254474.5859999999
254478.385
254480.04700000002
254484.287
254487.8529999999
254489.81300000008
254499.41100000008
254502.33000000007
254513.9169999999
254519.0020000001
254530.58700000006
254548.70500000007
254566.19900000002
254569.76300000004
254606.8770000001
254606.37100000004
254607.28300000005
254609.07400000002
254613.86199999996
254691.42299999995
254699.94200000004
254718.04499999993
254717.47200000007
254729.12899999996
254750.5149999999
254753.49
254755.4750000001
254759.82199999993
254752.02300000004
254746.05700000003
254744.64100000006
254741.10199999996
254746.30099999998
254753.3729999999
254763.5519999999
254782.5290000001
254789.90500000003
254793.90999999992
254801.38100000005
254806.03499999992
254811.15500000003
254820.7309999999
254824.70999999996
254828.56700000004
254834.7420000001
254846.54799999995
254853.42400000012
254863.79099999997
254867.02300000004
254874.59000000008
254879.696
254890.81300000008
254895.473
254902.52799999993
254907.7819999999
254918.70200000005
254917.429
254917.3870000001
254923.54499999993
254933.0660000001
254961.68999999994
254985.4040000001
254968.07700000005
254957.3729999999
255036.61899999995
255027.8230000001
255023.61599999992
255051.57400000002
255037.8060000001
255050.33400000003
255055.89800000004
255052.6499999999
255078.6939999999
255106.68800000008
255133.83400000003
255123.99
255168.40899999999
255173.1540000001
255195.946
255193.79700000002
255275.13199999998
255321.8770000001
255280.63199999998
255279.017
255236.65999999992
255175.2039999999
255168.68500000006
255165.561
255202.00699999998
255208.45699999994
255208.49699999997
255208.0460000001
255207.47900000005
255195.59499999997
255293.902
255314.97200000007
255294.39299999992
255369.348
255356.5660000001
255293.72399999993
255301.689
255348.46399999992
255374.65899999999
255423.65299999993
255430.19999999995
255462.67200000002
255476.787
255490.34000000008
255518.52399999998
255558.36199999996
255544.4140000001
255521.97900000005
255498.5020000001
255540.642
255557.43500000006
255576.29300000006
255597.7549999999
255619.75600000005
255659.45099999988
255677.956
255690.71200000006
255707.56499999994
255717.1270000001
255733.2479999999
255738.669
255793.06799999997
255834.162
255845.8700000001
255846.45200000005
255842.7209999999
255843.81300000008
255844.65899999999
255847.40599999996
255848.43200000003
255854.4439999999
255855.8359999999
255859.858
255863.66800000006
255870.33199999994
255872.92400000012
255877.14299999992
255879.41500000004
255880.72600000002
255882.49300000002
255889.385
255893.983
255895.15599999996
255906.0519999999
255911.79300000006
255914.581
255920.13100000005
255920.598
255921.9480000001
255925.06300000008
255932.80499999993
255939.9140000001
255941.348
255944.11899999995
255946.60499999998
255950.311
255953.94500000007
255961.24099999992
255966.95500000007
255981.14500000002
255984.8230000001
255992.3559999999
256003.0120000001
256007.56300000008
256012.95500000007
256016.65299999993
256028.88400000008
256043.86100000003
256052.40800000005
256058.39299999992
256100.02300000004
256111.2450000001
256116.75
256120.81199999992
256123.97999999998
256126.6029999999
256134.23200000008
256147.83700000006
256153.81799999997
256161.473
256169.43999999994
256180.82400000002
256192.14599999995
256176.92500000005
256172.96900000004
256167.43699999992
256170.0419999999
256176.74300000002
256172.70900000003
256200.28499999992
256218.68699999992
256224.56700000004
256228.3500000001
256234.11100000003
256239.10700000008
256245.8940000001
256249.29300000006
256249.04900000012
256250.206
256256.9310000001
256263.2379999999
256266.4850000001
256270.75399999996
256273.03099999996
256274.2350000001
256280.8160000001
256294.57000000007
256305.27399999998
256310.57499999995
256311.81499999994
256312.0689999999
256320.09100000001
256322.03000000003
256326.82599999988
256346.4709999999
256363.04900000012
256373.57700000005
256376.45299999998
256380.94299999997
256382.38599999994
256377.93500000006
256375.84700000007
256367.7450000001
256360.90500000003
256356.21900000004
256355.80799999996
256357.0049999999
256361.03799999994
256364.86400000006
256364.16100000008
256373.8230000001
256373.49699999997
256374.814
256373.689
256375.83199999994
256370.5830000001
256372.3629999999
256369.287
256371.8160000001
256368.902
256370.2279999999
256369.9480000001
256372.2479999999
256370.54499999993
256372.8160000001
256373.48900000006
256373.1329999999
256375.05000000005
256370.92400000012
256349.46200000006
256306.01300000004
256298.9439999999
256306.82499999995
256262.9169999999
256257.75399999996
256253.20500000007
256245.94999999995
256244.6299999999
256237.89500000002
256233.26300000004
256233.689
256225.01600000006
256221.2379999999
256214.45999999996
256213.5930000001
256213.75099999993
256214.74600000004
256208.8289999999
256202.39899999998
256192.9850000001
256186.7790000001
256173.58700000006
256166.24900000007
256163.919
256158.25900000008
256153.821
256144.9439999999
256135.3529999999
256129.97200000007
256087.42299999995
256052.82599999988
256025.223
255979.30099999998
255961.30700000003
255949.5560000001
255952.12199999997
255955.08400000003
255953.58499999996
255955.7420000001
255958.11400000006
255942.02000000002
255911.5390000001
255913.25300000003
255913.2039999999
255912.5020000001
255888.59899999993
255873.00399999996
255868.34700000007
255866.9779999999
255871.09100000001
255913.7450000001
255918.28399999999
255918.0319999999
255923.12899999996
255921.544
255918.24099999992
255920.25399999996
255920.74399999995
255926.48200000008
255923.79099999997
255921.91999999993
255923.39899999998
255924.3089999999
255903.27099999995
255862.44500000007
255847.99
255902.91500000004
250223.88199999998
250211.58400000003
250179.1059999999
250134.56799999997
250158.63800000004
250174.18500000006
250213.03399999999
250219.3600000001
250220.3629999999
250224.25300000003
250233.05799999996
250227.2080000001
250223.88199999998
