268037.6429999999
267795.5319999999
267639.8940000001
267556.6869999999
267553.0360000001
267508.84700000007
267473.52799999993
267456.8300000001
267448.757
267449.574
267449.59199999995
267459.29799999995
267460.66500000004
267470.3870000001
267483.726
267500.3899999999
267520.00399999996
267537.152
267764.2009999999
267821.382
267884.2960000001
267951.081
268019.76399999997
268079.551
268261.9979999999
268494.324
268569.581
268724.1939999999
268803.97200000007
268975.35899999994
269157.2109999999
269281.15800000005
269385.23600000003
269388.081
269390.3770000001
269447.4240000001
269452.838
269455.56700000004
269458.304
269468.713
269476.30700000003
269484.76399999997
269481.713
269482.4339999999
269487.2590000001
269490.1200000001
269497.7849999999
269507.88800000004
269508.6470000001
269511.801
269513.152
269517.929
269521.5560000001
269526.05499999993
269525.0319999999
269528.328
269529.2690000001
269533.45999999996
269531.19999999995
269536.2890000001
269534.605
269536.6159999999
269536.03300000005
269538.598
269535.73900000006
269538.7819999999
269540.132
269543.91800000006
269587.0449999999
269658.622
269661.58400000003
269665.2549999999
269671.4950000001
269725.274
269762.20999999996
269797.8829999999
269805.4369999999
269814.05499999993
269823.274
269832.60400000005
269851.51
269861.463
269869.1810000001
269872.9950000001
269924.6880000001
269946.08700000006
269945.67999999993
269943.564
269941.1499999999
269936.9709999999
269932.2749999999
269926.50600000005
269920.05799999996
269911.649
269900.483
269897.497
269899.3529999999
269915.99600000004
269922.1939999999
269921.9410000001
269904.82499999995
269883.27
269878.2590000001
269880.0
269884.7849999999
269899.59700000007
269903.3500000001
269926.5
269954.858
269958.69200000004
269960.73699999996
269967.60899999994
269973.4380000001
269978.04799999995
269985.04799999995
269997.284
270021.5460000001
270030.828
270093.5930000001
270145.233
270149.9650000001
270212.3559999999
270213.23600000003
270219.29099999997
270221.3389999999
270222.82700000005
270224.95900000003
270229.7479999999
270239.4339999999
270262.15100000007
270267.20999999996
270268.72200000007
270271.06499999994
270274.2379999999
270275.4169999999
270272.1980000001
270251.8529999999
270242.0190000001
270304.32700000005
270328.2990000001
270342.088
270352.59899999993
270360.9639999999
270372.527
270390.9040000001
270405.4269999999
270419.3529999999
270425.3829999999
270429.7039999999
270435.76399999997
270439.72900000005
270446.70699999994
270452.44500000007
270455.21699999995
270428.848
270427.054
270426.14599999995
270426.1769999999
270427.1499999999
270428.95999999996
270431.5090000001
270434.588
270438.01
270481.30700000003
270576.34400000004
270580.2649999999
270583.92500000005
270587.18500000006
270589.3359999999
270591.19999999995
270592.61100000003
270593.5179999999
270595.5249999999
270598.5020000001
270603.301
270609.19999999995
270613.8459999999
270615.81000000006
270617.6769999999
270625.56499999994
270625.93500000006
270664.3289999999
270675.3500000001
270683.1910000001
270685.7679999999
270736.5360000001
270797.47699999996
270808.4909999999
270813.311
270817.07499999995
270822.5589999999
270834.003
270847.3130000001
270852.155
270856.554
270858.372
270865.81799999997
270881.8330000001
270885.2790000001
270949.69200000004
271016.24600000004
271013.6100000001
271008.652
271002.63599999994
270995.8729999999
270988.3970000001
270998.31000000006
271001.48
271136.51600000006
271149.247
271289.8019999999
271305.226
271319.89100000006
271326.88100000005
271329.75399999996
271336.15599999996
271425.61100000003
271454.88899999997
271473.625
271517.43999999994
271593.8330000001
271624.52600000007
271660.58700000006
271731.828
271755.23699999996
271788.11100000003
271826.3130000001
271894.0179999999
271927.257
271928.07000000007
271921.1740000001
271891.7180000001
271878.03
271896.7949999999
271929.96200000006
271957.51099999994
271988.29099999997
272010.872
272038.60899999994
272075.8840000001
272082.2080000001
272071.91299999994
272122.503
272120.8829999999
272146.402
272169.94500000007
272299.76300000004
272345.6939999999
272379.368
272401.9210000001
272424.74399999995
272446.216
272481.45200000005
272500.794
272467.331
272472.18299999996
272478.10400000005
272491.30700000003
272497.7379999999
272536.2009999999
272568.973
272589.02099999995
272640.87100000004
272657.247
272651.88899999997
272655.476
272690.24
272583.476
272536.1299999999
272438.34700000007
272492.0730000001
272526.48
272551.4779999999
272560.4750000001
272554.74900000007
272519.365
272390.72399999993
272265.14100000006
272413.38899999997
272415.1159999999
272378.57000000007
272364.1599999999
272345.3940000001
272345.4240000001
272343.6980000001
272399.74399999995
272399.89599999995
272453.30000000005
272583.7009999999
272592.06700000004
272733.89800000004
272733.949
272751.074
272804.226
272871.33700000006
272919.071
272972.30000000005
272957.7590000001
272915.63800000004
273029.0020000001
273029.0419999999
273037.797
273064.4820000001
273099.86400000006
273103.8289999999
273201.6000000001
273224.304
273224.365
273254.2009999999
273334.4979999999
273370.3659999999
273378.91599999997
273468.56000000006
273448.92500000005
273410.338
273328.5419999999
273313.9509999999
273297.7279999999
272982.007
272962.257
272942.40800000005
272926.46699999995
272910.5049999999
272894.5290000001
272878.551
272862.6000000001
272846.6769999999
272830.8119999999
272815.00399999996
272791.4709999999
272766.2409999999
272652.324
272635.9040000001
272633.1399999999
272619.27
272604.01
272588.649
272571.69500000007
272548.56700000004
272525.5530000001
272502.7919999999
272480.4269999999
272458.57700000005
272437.3829999999
272416.966
272406.44200000004
272396.18299999996
272389.9210000001
272369.50600000005
272328.507
272295.145
272276.47
272266.7649999999
272244.74399999995
272209.99
272148.88599999994
272119.338
272027.58199999994
271892.233
271862.0830000001
271670.429
271449.49900000007
271423.17500000005
271271.054
271222.76
271048.811
270878.622
270766.04300000006
270670.4879999999
270661.767
270416.8629999999
270352.3700000001
270285.152
270252.27099999995
270225.929
270220.59899999993
270200.64599999995
270184.145
270177.115
270155.9909999999
270137.85199999996
270123.22699999996
270119.41800000006
270112.49399999995
270105.973
270100.0049999999
270097.537
270066.6869999999
270052.6340000001
270047.52
270014.341
269968.581
269912.216
269856.436
269698.5759999999
269542.79000000004
269380.8259999999
269053.13899999997
268992.13800000004
268662.132
268593.5900000001
268454.98600000003
268382.1429999999
268364.1170000001
268279.9439999999
268201.43200000003
268037.6429999999
278091.926
278086.297
278042.43500000006
278018.8729999999
278009.5449999999
278003.16800000006
277964.679
277959.588
277957.65599999996
277917.199
277905.527
277845.78099999996
277838.8629999999
277838.8529999999
277804.8160000001
277805.24900000007
277805.22900000005
277823.5959999999
277804.65800000005
277752.5800000001
277695.7749999999
277708.39599999995
277746.601
277798.39800000004
277827.1569999999
277842.49600000004
277869.20999999996
277916.9879999999
277968.1910000001
277977.159
277979.6880000001
277979.145
277977.5
277978.196
277971.098
277963.40299999993
277960.8559999999
277954.355
277917.7949999999
277922.89599999995
277922.88599999994
277941.60199999996
277934.75
277885.2549999999
277896.8770000001
277898.5
277899.2949999999
277905.57499999995
277920.169
277932.7690000001
277949.77600000007
277952.875
277953.253
277949.2080000001
277945.70200000005
277940.0179999999
277938.59199999995
277901.2590000001
277901.24900000007
277901.23900000006
277892.949
277823.20900000003
277837.6810000001
277844.08400000003
277845.47399999993
277846.10199999996
277846.895
277847.385
277848.36400000006
277848.2960000001
277848.1969999999
277849.524
277849.892
277850.358
277852.20200000005
277860.20200000005
277870.40299999993
277864.99900000007
277871.6229999999
277874.5120000001
277882.52099999995
277898.1939999999
277878.8019999999
277810.39599999995
277802.5020000001
277802.392
277753.429
277686.94200000004
277639.0889999999
277612.35199999996
277532.67500000005
277471.2649999999
277462.5930000001
277405.26399999997
277357.28300000005
277357.669
277399.23
277451.983
277409.4210000001
277386.8559999999
277403.503
277408.9280000001
277409.66299999994
277440.74399999995
277463.189
277479.00099999993
277524.203
277606.50099999993
277625.4920000001
277652.77600000007
277666.0349999999
277683.40100000007
277607.29799999995
277596.0589999999
277553.19999999995
277553.20999999996
277553.19999999995
277560.4040000001
277558.99900000007
277570.6029999999
277598.4099999999
277615.0900000001
277630.774
277653.895
277704.29799999995
277722.6270000001
277738.115
277802.70200000005
277832.5889999999
277832.63899999997
277832.689
277845.9950000001
277878.1200000001
277901.348
277922.24600000004
277942.20200000005
277955.963
277959.9709999999
277979.4750000001
277979.50399999996
278014.40800000005
278042.9979999999
278099.895
278140.00600000005
278174.301
278203.6969999999
278232.2050000001
278222.30700000003
278208.659
278188.382
278183.3030000001
278118.6980000001
278112.90800000005
278105.70699999994
278025.794
277922.2690000001
277881.5360000001
277852.108
277838.493
277774.0179999999
277659.00099999993
277632.62400000007
277632.60400000005
277632.564
277630.3840000001
277630.3529999999
277627.811
277618.81799999997
277618.645
277553.7960000001
277493.301
277474.3189999999
277471.524
277471.50399999996
277433.902
277411.30499999993
277400.2009999999
277386.52099999995
277365.3770000001
277328.534
277318.8189999999
277318.7790000001
277313.73699999996
277232.186
277201.65800000005
277219.36400000006
277218.2960000001
277169.2320000001
277129.29799999995
277084.3289999999
277075.20699999994
277075.1969999999
277071.578
277053.87599999993
277051.7579999999
277049.8019999999
277028.6000000001
277024.149
276975.4210000001
276941.324
276941.284
276928.4950000001
276928.5889999999
276938.588
276946.96900000004
276989.5930000001
277013.973
277026.5
277086.20200000005
277160.899
277186.35199999996
277202.38899999997
277271.2960000001
277369.2949999999
277432.801
277543.7009999999
277557.1329999999
277650.7180000001
277715.47200000007
277833.0930000001
277875.2819999999
278037.4310000001
278037.4509999999
278037.6000000001
278224.9850000001
278371.38899999997
278531.0689999999
278531.25
278533.6029999999
278702.7009999999
278882.19999999995
278909.7960000001
279010.203
279012.25600000005
279016.45900000003
278972.1980000001
278946.233
278940.4169999999
278846.40299999993
278877.09199999995
278882.36899999995
278910.395
278898.9369999999
278829.7009999999
278731.09899999993
278666.33400000003
278666.243
278657.6159999999
278639.6329999999
278617.0020000001
278620.1699999999
278620.1499999999
278631.6969999999
278613.4539999999
278561.2849999999
278549.9639999999
278536.0859999999
278506.3999999999
278526.68999999994
278545.402
278596.301
278634.8899999999
278661.75600000005
278728.8799999999
278727.9040000001
278726.89800000004
278734.3459999999
278752.047
278716.05499999993
278708.0
278619.99600000004
278765.0
278877.9979999999
278907.99600000004
278900.0
278920.45699999994
278924.9979999999
278937.56700000004
279008.00099999993
279004.99600000004
279120.003
279234.99900000007
279392.99600000004
279532.99900000007
279624.9979999999
279706.90100000007
279774.405
279857.997
279902.99900000007
280042.9950000001
279985.003
279958.0049999999
279967.99600000004
279968.6980000001
279978.7039999999
280106.19999999995
280144.4879999999
280282.4650000001
280495.94200000004
280546.1980000001
280569.2279999999
280657.47200000007
280713.608
280839.8559999999
280866.49
280910.1969999999
280964.8999999999
280971.4480000001
280990.2479999999
281076.1059999999
281282.36100000003
281305.53300000005
281347.365
281371.1100000001
281399.9979999999
281425.0
281452.997
281505.0049999999
281476.8030000001
281474.997
281485.0020000001
281515.0020000001
281532.372
281553.00099999993
281630.0
281649.9979999999
281722.9950000001
281794.828
281797.99900000007
281867.9979999999
281924.534
281924.544
281929.801
281931.801
281932.8929999999
282164.53099999996
282242.3060000001
282331.3600000001
282410.6599999999
282493.20900000003
282566.3999999999
282690.43299999996
282725.31499999994
282799.90299999993
282874.5020000001
282998.0
283043.669
283096.0619999999
283138.49600000004
283197.10400000005
283222.402
283220.135
283220.18500000006
283219.9509999999
283310.66500000004
283356.1710000001
283370.1669999999
283376.348
283382.6980000001
283459.60199999996
283482.92999999993
283482.94999999995
283492.73
283523.9879999999
283603.8030000001
283720.595
283835.86199999996
283948.0220000001
283956.50600000005
284082.0120000001
284195.64800000004
284321.615
284472.23699999996
284545.99
284603.196
284611.4169999999
284611.679
284702.9850000001
284789.6969999999
284797.0730000001
284829.31499999994
284829.37599999993
284855.25
284809.3430000001
284856.6340000001
284783.2549999999
284896.122
284918.32499999995
284962.591
284986.6699999999
285035.4410000001
284987.29099999997
285083.5090000001
285163.76600000006
285240.80799999996
285304.82000000007
285333.5490000001
285362.52600000007
285393.4439999999
285428.9750000001
285461.70200000005
285501.38100000005
285548.99399999995
285646.2549999999
285693.27799999993
285764.38899999997
285787.314
285804.52099999995
285773.517
285752.06799999997
285747.831
285747.841
285736.0049999999
285814.3999999999
285839.3999999999
285858.15599999996
285896.3019999999
285924.2139999999
285924.23399999994
285940.196
285954.6540000001
285972.8870000001
286092.4069999999
286186.8160000001
286230.16500000004
286314.56700000004
286334.3799999999
286333.5220000001
286321.8459999999
286312.8840000001
286303.0519999999
286296.2479999999
286282.6910000001
286276.1470000001
286268.37400000007
286255.4779999999
286263.8799999999
286307.8529999999
286324.49600000004
286353.5190000001
286373.35400000005
286373.4040000001
286499.4950000001
286576.5460000001
286641.80799999996
286773.3940000001
286902.3529999999
287004.69200000004
287066.4920000001
287114.993
287127.90299999993
287153.7039999999
287150.449
287138.9639999999
287143.8659999999
287148.2050000001
287174.0490000001
287186.3570000001
287186.3670000001
287186.39599999995
287252.304
287357.601
287445.2960000001
287559.696
287665.6000000001
287760.696
287788.25399999996
287815.76099999994
287861.098
287924.56799999997
287992.703
288085.39800000004
288132.321
288167.36199999996
288220.4199999999
288306.284
288380.5190000001
288441.953
288500.5090000001
288509.3840000001
288509.4140000001
288518.392
288548.963
288551.9950000001
288555.196
288571.226
288584.18200000003
288605.77600000007
288644.1869999999
288675.257
288699.5719999999
288707.7150000001
288739.8529999999
288752.65100000007
288752.83199999994
288752.872
288762.304
288763.1610000001
288763.8559999999
288797.37400000007
288806.40100000007
288811.06000000006
288835.14800000004
288854.88599999994
288865.2960000001
288893.301
288923.10199999996
288958.2009999999
288971.301
288976.625
289008.6769999999
289020.4709999999
289049.6839999999
289049.7039999999
289051.196
289104.04000000004
289134.429
289139.90299999993
289147.3030000001
289161.52300000004
289161.53300000005
289183.51099999994
289189.6769999999
289211.82000000007
289232.57700000005
289250.0630000001
289263.331
289272.0490000001
289313.69999999995
289346.3529999999
289346.6159999999
289347.8700000001
289355.87899999996
289370.45900000003
289388.226
289396.2890000001
289452.45900000003
289454.047
289461.55799999996
289464.3330000001
289468.20200000005
289470.6780000001
289481.66800000006
289492.10899999994
289502.33199999994
289514.35199999996
289635.2180000001
289649.659
289663.9110000001
289680.30000000005
289697.618
289712.953
289728.8670000001
289746.8559999999
289754.60199999996
289763.8400000001
289781.294
289799.1669999999
289817.429
289836.0290000001
289843.80499999993
289856.60400000005
289867.105
289877.5560000001
289912.047
290017.395
290072.8030000001
290093.206
290107.7180000001
290112.82700000005
290119.2520000001
290137.75600000005
290141.23900000006
290141.24900000007
290152.534
290159.355
290199.48900000006
290201.4480000001
290249.824
290304.23900000006
290358.243
290412.01600000006
290468.36899999995
290499.59199999995
290544.483
290589.1910000001
290616.426
290829.6470000001
290852.98900000006
290900.4609999999
290927.9950000001
290973.3729999999
290975.02
291025.84899999993
291068.135
291119.06799999997
291169.21900000004
291236.676
291265.706
291282.6329999999
291321.8189999999
291344.155
291344.23600000003
291350.3019999999
291375.16299999994
291382.06499999994
291399.128
291400.804
291400.814
291424.87400000007
291435.36100000003
291470.6440000001
291516.82700000005
291561.13599999994
291602.10199999996
291640.591
291675.76
291715.93200000003
291725.6669999999
291735.7520000001
291790.12899999996
291932.51399999997
291891.149
291874.578
291802.1340000001
291764.2720000001
291750.97
291735.4310000001
291714.9779999999
291707.44200000004
291676.3940000001
291664.6200000001
291683.34899999993
291716.973
291718.882
291818.74600000004
291858.132
291934.203
291993.9040000001
291942.48399999994
291992.80700000003
292035.527
292066.52799999993
292110.08700000006
292286.595
292285.284
292221.90100000007
292143.06799999997
292062.90100000007
291968.2679999999
291903.9950000001
291838.6129999999
291760.7450000001
291673.132
291665.61199999996
291697.74900000007
291697.8400000001
291795.91500000004
291851.65800000005
292037.60400000005
292162.18299999996
292243.855
292327.324
292327.34400000004
292353.0149999999
292392.4750000001
292417.122
292418.96900000004
292418.97900000005
292504.76
292492.2819999999
292499.9609999999
292511.0589999999
292511.125
292511.1669999999
292512.105
292512.07700000005
292513.07700000005
292533.51600000006
292533.547
292564.135
292603.8219999999
292711.6329999999
292792.23600000003
292883.31799999997
292913.767
292929.2890000001
293030.92999999993
293071.23900000006
293116.2860000001
293150.51300000004
293226.2279999999
293268.905
293217.5959999999
293187.74900000007
293144.034
293064.176
293014.4439999999
292971.912
292924.3119999999
292843.32000000007
292821.97
292816.26399999997
292828.4269999999
292728.42999999993
292620.3019999999
292562.179
292530.1059999999
292530.321
292530.301
292581.9439999999
292535.517
292604.8230000001
292660.4280000001
292689.0349999999
292712.83199999994
292769.3019999999
292816.2479999999
292965.2109999999
293026.2250000001
293059.814
293121.7919999999
293150.5449999999
293200.9469999999
293263.6029999999
293343.429
293348.372
293361.7009999999
293431.544
293475.3729999999
293542.92299999995
293563.86100000003
293647.439
293690.83700000006
293727.6780000001
293760.59700000007
293806.85199999996
293810.83400000003
293847.801
293949.196
293973.7849999999
294000.5619999999
294039.699
294101.09700000007
294147.7009999999
294086.2720000001
294086.3219999999
294086.3019999999
294154.7790000001
294154.8189999999
294163.89599999995
294225.865
294297.84899999993
294373.2009999999
294413.0049999999
294438.787
294451.0759999999
294482.3559999999
294516.09899999993
294605.203
294663.301
294706.105
294742.77
294754.98600000003
294754.99600000004
294870.196
294943.405
295007.3600000001
295072.7050000001
295132.18999999994
295138.9809999999
295244.4680000001
295244.4979999999
295273.422
295401.2309999999
295408.7039999999
295588.79099999997
295662.70699999994
295722.257
295933.56000000006
295798.13599999994
295690.0020000001
295700.6200000001
295673.787
295537.753
295416.3330000001
295343.47399999993
295246.45699999994
295228.7150000001
295209.75099999993
295193.5449999999
295011.26300000004
295011.0630000001
294978.905
294967.9469999999
294957.0090000001
294957.04099999997
294957.02099999995
294957.01099999994
294969.108
294979.358
294998.304
295019.1669999999
295064.203
295183.17999999993
295269.09700000007
295310.17999999993
295172.1710000001
295060.62899999996
294971.8289999999
294876.7749999999
295186.949
295267.054
295295.061
295364.689
295312.3559999999
295307.595
295280.402
295252.45900000003
295179.436
295170.811
295003.9879999999
294950.9169999999
294862.93999999994
294779.91599999997
294727.5560000001
294707.52
294662.49600000004
294650.6869999999
294650.65599999996
294608.2790000001
294598.26300000004
294571.4779999999
294481.56499999994
294206.15599999996
294024.94200000004
293958.8219999999
293912.93999999994
293876.122
293822.3770000001
293797.07700000005
293745.09700000007
293739.61100000003
293739.601
293688.8999999999
293655.703
293636.9099999999
293629.4909999999
293619.72399999993
293610.70200000005
293610.71200000006
293610.7009999999
293616.7749999999
293549.625
293458.21200000006
293371.03
293262.7890000001
293181.9240000001
293124.8230000001
292985.89800000004
292919.35400000005
292838.22699999996
292848.6499999999
292744.767
292677.966
292619.4469999999
292600.9639999999
292584.55499999993
292560.382
292528.061
292425.2109999999
292417.517
292417.39599999995
292303.38800000004
292286.68999999994
292156.5619999999
292010.67999999993
291997.25099999993
291920.3089999999
291912.8019999999
291911.4680000001
291800.399
291754.2320000001
291693.38100000005
291641.743
291641.0020000001
291629.88599999994
291629.87599999993
291454.2790000001
291405.345
291320.1910000001
291301.6129999999
291287.6569999999
291191.7919999999
291041.56700000004
290812.358
290697.8700000001
290544.53099999996
290521.4950000001
290509.909
290415.1129999999
290503.149
290570.7579999999
290634.2819999999
290646.618
290788.564
290846.31499999994
290906.5589999999
290997.699
291109.5290000001
291130.86899999995
291144.0490000001
291169.301
291207.90599999996
291110.11199999996
291166.6839999999
291184.5079999999
291279.696
291375.26
291394.47200000007
291394.4820000001
291408.9950000001
291533.88800000004
291539.5560000001
291545.60899999994
291580.32700000005
291790.341
292001.66800000006
292105.439
292130.9110000001
292198.5789999999
292205.77099999995
292220.1029999999
292233.80000000005
292230.3799999999
292227.45699999994
292234.2860000001
292222.78099999996
292212.1969999999
292203.36899999995
292203.38899999997
292199.226
292265.4439999999
292310.2109999999
292435.4369999999
292576.47399999993
292576.56499999994
292576.635
292584.09899999993
292696.159
292802.7309999999
293011.03
293015.706
293073.2720000001
293152.142
293228.40299999993
293318.11100000003
293338.071
293461.28
293484.2209999999
293493.297
293567.1000000001
293610.6969999999
293658.9040000001
293716.4979999999
293765.83199999994
293790.4879999999
293871.08400000003
293892.0360000001
293912.4979999999
294044.6640000001
294044.75399999996
294047.5290000001
294165.24399999995
294234.311
294249.3970000001
294303.7479999999
294376.2050000001
294376.2450000001
294414.84199999995
294450.9580000001
294450.95900000003
294493.9439999999
294526.2860000001
294527.199
294655.03300000005
294664.41599999997
294775.828
294775.878
294781.145
294845.23699999996
294913.7420000001
294978.98900000006
295027.2790000001
295042.2350000001
295077.936
295101.122
295117.9820000001
295142.27799999993
294995.73699999996
294900.5190000001
294794.4269999999
294688.21900000004
294527.2849999999
294429.8230000001
294427.9779999999
294427.9580000001
294328.3019999999
294284.2039999999
294176.003
294177.33199999994
294177.3219999999
294201.52300000004
294210.97399999993
294203.449
294183.463
294103.7849999999
294030.80700000003
293963.105
293922.9909999999
293870.44999999995
293839.3940000001
293737.73399999994
293732.00099999993
293710.7350000001
293705.35199999996
293729.9820000001
293691.11100000003
293664.189
293625.449
293575.088
293550.017
293544.105
293533.0390000001
293526.0689999999
293526.0789999999
293524.696
293525.929
293529.05000000005
293570.7050000001
293594.726
293649.01399999997
293657.0859999999
293652.38599999994
293644.33400000003
293639.77300000004
293632.3559999999
293542.1470000001
293481.79099999997
293406.94999999995
293310.7080000001
293291.5959999999
293225.29300000006
293185.037
293057.06799999997
292955.4609999999
292853.4609999999
292777.03
292732.564
292600.72
292568.80799999996
292481.1129999999
292398.38100000005
292325.5530000001
292296.90800000005
292241.43999999994
292186.49399999995
292178.5460000001
292161.57700000005
292161.402
292118.9539999999
292113.5930000001
292040.132
292039.9680000001
292039.9480000001
291959.19999999995
291924.7590000001
291907.16599999997
291868.5730000001
291855.6980000001
291837.0630000001
291798.4539999999
291798.4140000001
291763.20900000003
291709.80700000003
291709.71699999995
291678.8430000001
291678.8030000001
291481.1839999999
291450.595
291266.179
291223.0390000001
290968.84199999995
290912.8130000001
290900.8230000001
290837.70699999994
290777.69500000007
290737.0
290718.4750000001
290712.267
290675.09899999993
290667.8219999999
290667.8119999999
290602.203
290557.703
290542.7960000001
290542.75600000005
290542.72699999996
290527.997
290522.7350000001
290504.69500000007
290502.392
290501.804
290501.02
290420.7590000001
290322.872
290267.22200000007
290242.04300000006
290217.52
290214.00099999993
290226.625
290227.3459999999
290238.9040000001
290256.11199999996
290256.203
290256.23399999994
290272.747
290272.787
290272.81700000004
290334.1470000001
290334.13800000004
290337.561
290306.58700000006
290316.3060000001
290319.6159999999
290361.5419999999
290361.5519999999
290361.5719999999
290369.4480000001
290437.02600000007
290475.85199999996
290491.16500000004
290493.13100000005
290493.15100000007
290498.6000000001
290615.0859999999
290652.4480000001
290698.16299999994
290734.247
290795.03099999996
290716.80700000003
290754.5759999999
290823.091
290880.66500000004
290923.3799999999
290942.25399999996
291037.75
291114.767
291058.0889999999
291101.4140000001
291246.15599999996
291274.47200000007
291314.3219999999
291233.983
291198.8359999999
291149.99900000007
291066.8600000001
291171.34700000007
291105.872
291089.61100000003
291089.60199999996
291050.30700000003
291048.7790000001
291024.0959999999
290982.3359999999
290823.6370000001
290690.95900000003
290657.9040000001
290657.8940000001
290583.034
290582.669
290581.3219999999
290559.2350000001
290559.1340000001
290550.7309999999
290505.382
290504.7679999999
290503.62599999993
290441.7180000001
290399.95200000005
290388.953
290380.02
290349.6569999999
290284.9879999999
290269.7479999999
290202.551
290080.652
290030.79000000004
290028.9909999999
289966.378
289950.1699999999
289856.1329999999
289709.1270000001
289588.6839999999
289434.0889999999
289371.365
289246.4550000001
289247.56499999994
289248.402
289246.0020000001
289244.9879999999
289244.284
289213.966
289184.858
289175.1299999999
289160.8999999999
289156.804
289180.73900000006
289190.0900000001
289141.1299999999
289129.098
289065.699
289129.99900000007
289042.8559999999
288939.48600000003
288832.5530000001
288777.4509999999
288747.08499999996
288741.21900000004
288608.9199999999
288597.0120000001
288596.9920000001
288553.9820000001
288446.16800000006
288394.7790000001
288346.9099999999
288333.858
288219.0020000001
288081.176
288068.483
288068.42299999995
288017.301
287871.405
287735.8400000001
287621.2819999999
287579.0560000001
287574.3600000001
287439.48699999996
287419.297
287419.287
287390.399
287336.30499999993
287302.1780000001
287268.439
287201.601
287125.7990000001
286965.86899999995
286905.074
286859.6440000001
286769.4410000001
286693.554
286636.3060000001
286565.152
286451.54799999995
286445.0930000001
286444.04000000004
286469.31700000004
286468.62400000007
286406.777
286412.4140000001
286422.3500000001
286296.2039999999
286284.61400000006
286191.1540000001
286183.0759999999
286189.36199999996
286173.10199999996
286141.074
286123.855
286080.8870000001
285976.0120000001
285885.74
285810.503
285774.07000000007
285675.6070000001
285608.96900000004
285424.5460000001
285372.84199999995
285309.5619999999
285252.135
285183.5619999999
285085.97200000007
285024.6780000001
284983.80799999996
284949.051
284905.3160000001
284854.5800000001
284845.372
284795.99900000007
284509.196
284332.69999999995
284320.051
284319.73900000006
284203.0149999999
284108.60199999996
283941.5179999999
283800.01300000004
283681.8130000001
283485.6599999999
283368.99
283255.4140000001
283236.9909999999
283189.36199999996
283169.86199999996
283114.078
283012.706
283213.6159999999
283430.3999999999
283490.5660000001
283613.14599999995
284120.5120000001
284220.40299999993
284498.48600000003
285214.703
285496.199
285664.186
285652.39599999995
285552.0220000001
285376.24900000007
285316.1440000001
285160.4140000001
285065.14800000004
284962.5660000001
284977.08400000003
285097.1740000001
285175.7679999999
285279.7520000001
285383.946
285463.80799999996
285359.9779999999
285215.41599999997
285493.2409999999
284859.44299999997
284537.608
284034.5560000001
283725.814
283757.72699999996
283614.9210000001
283508.2279999999
283445.95200000005
283408.6070000001
283432.5800000001
283280.5249999999
283232.52
283108.8430000001
283101.80499999993
283065.93999999994
283014.26
283013.9509999999
282930.88899999997
282928.8289999999
282799.49
282675.26099999994
282665.689
282535.41500000004
282405.8670000001
282347.831
282385.392
282402.493
282441.40800000005
282488.64100000006
282542.34400000004
282613.9069999999
282640.05000000005
282660.024
282672.12599999993
282704.78099999996
282714.024
282731.828
282764.4650000001
282820.51600000006
282854.05700000003
282870.3840000001
282895.33400000003
282914.598
282928.6980000001
282936.29099999997
282959.865
282997.9979999999
283037.29000000004
283123.243
283159.976
283172.2890000001
283252.152
283256.453
283266.0319999999
283271.75
283285.4140000001
283296.49399999995
283303.90800000005
283318.4779999999
283319.29300000006
283320.7720000001
283331.05700000003
283338.23
283342.86199999996
283342.4199999999
283339.7450000001
283334.1969999999
283325.1699999999
283323.1699999999
283316.22
283298.07700000005
283288.99399999995
283278.75099999993
283259.0249999999
283237.23399999994
283205.5930000001
283183.081
283153.6470000001
283148.5290000001
283132.5390000001
283117.091
283108.0519999999
283093.902
283090.84700000007
283058.1370000001
283056.01099999994
283053.34199999995
283049.3300000001
283048.60400000005
283047.838
283045.4380000001
283034.93500000006
283028.27099999995
283031.6839999999
283033.88899999997
283022.226
283020.73699999996
283012.6880000001
283004.0020000001
282999.20200000005
282993.74
282998.895
283001.68999999994
282986.3529999999
282966.493
283012.1599999999
282979.7379999999
282965.27600000007
282961.05000000005
282917.6769999999
282900.676
282851.2039999999
282835.2720000001
282782.93299999996
282769.43299999996
282716.6129999999
282708.676
282674.5419999999
282587.73900000006
282561.9920000001
282419.348
282416.83499999996
282320.28
282201.358
282183.9580000001
282129.95200000005
282122.59199999995
282096.04799999995
282057.787
282033.48600000003
282002.9850000001
281977.63100000005
281956.7350000001
281889.6200000001
281860.2050000001
281825.7479999999
281786.9850000001
281759.64100000006
281693.145
281653.6810000001
281628.105
281583.38899999997
281548.18500000006
281495.03
281474.0079999999
281416.11899999995
281407.58400000003
281390.21699999995
281361.463
281351.61100000003
281335.63899999997
281308.35899999994
281306.3160000001
281298.8970000001
281279.6329999999
281241.3230000001
281188.2919999999
281180.97699999996
281176.4680000001
281163.1399999999
281157.84700000007
281160.868
281162.4609999999
281172.04000000004
281188.38800000004
281210.1470000001
281234.4979999999
281257.25600000005
281295.2209999999
281307.82000000007
281321.625
281339.591
281343.973
281351.7860000001
281359.36199999996
281366.5090000001
281373.0689999999
281381.1810000001
281387.5719999999
281411.72
281472.966
281476.77600000007
281479.9169999999
281482.2990000001
281483.8359999999
281493.4480000001
281494.81799999997
281497.476
281501.1270000001
281527.608
281536.8430000001
281543.5349999999
281547.2350000001
281547.7139999999
281544.93500000006
281539.0800000001
281530.54000000004
281519.8559999999
281475.172
281443.65800000005
281322.196
281217.77799999993
281153.85199999996
281102.179
281078.703
280991.473
280910.0619999999
280812.5689999999
280808.65599999996
280840.422
280844.8300000001
280849.5619999999
280853.93999999994
280857.40599999996
280866.7109999999
280869.5589999999
280873.247
280873.22699999996
280792.07499999995
280710.54799999995
280606.1569999999
280549.43500000006
280484.8670000001
280455.84700000007
280440.65800000005
280432.93500000006
280461.44500000007
280516.7009999999
280592.99600000004
280605.65800000005
280605.7080000001
280634.48900000006
280642.41800000006
280642.4480000001
280651.1810000001
280730.37400000007
280764.3600000001
280781.6029999999
280820.7050000001
280825.10199999996
280861.804
280868.09899999993
280868.1000000001
280868.39599999995
280870.3970000001
280871.392
280872.351
280875.196
280874.18999999994
280873.4809999999
280871.25099999993
280870.358
280870.199
280872.17999999993
280875.28300000005
280874.4469999999
280849.24
280722.699
280580.85199999996
280556.284
280486.689
280490.72399999993
280493.79799999995
280496.3030000001
280497.46699999995
280449.1200000001
280421.6470000001
280421.6159999999
280343.9110000001
280252.52300000004
280262.02799999993
280261.9879999999
280263.895
280210.7590000001
280289.79300000006
280144.0020000001
279757.439
279754.101
279650.09899999993
279626.686
279626.686
279606.601
279655.97
279710.55700000003
279723.91299999994
279725.7949999999
279744.3019999999
279795.3629999999
279836.46699999995
279912.456
279908.4199999999
279897.804
279897.824
279897.77300000004
279938.618
279970.62599999993
279972.10199999996
279964.3970000001
279959.5179999999
279959.527
279959.497
279964.426
279968.86100000003
279938.05799999996
279922.29000000004
279910.88899999997
279910.87899999996
279895.233
279900.8430000001
279900.83199999994
279910.52099999995
279928.0530000001
279976.16599999997
279995.5
280014.80499999993
280014.82499999995
280014.83499999996
280059.75
280009.58199999994
280191.4979999999
280321.93500000006
280539.372
280546.95999999996
280551.94299999997
280553.6029999999
280559.23399999994
280567.47200000007
280560.06499999994
280553.497
280548.723
280544.483
280486.6569999999
280445.497
280445.497
280445.9879999999
280450.3829999999
280453.1610000001
280458.8030000001
280403.851
280395.8970000001
280349.9240000001
280327.1980000001
280232.6000000001
280189.699
280189.699
280189.6880000001
280191.43200000003
280192.90100000007
280221.43999999994
280238.48900000006
280196.0120000001
280192.33700000006
280192.31700000004
280192.2960000001
280066.90299999993
279990.358
279981.7620000001
279961.993
279951.5049999999
279936.122
279922.625
279873.94200000004
279873.40100000007
279851.902
279834.53799999994
279788.71200000006
279704.02099999995
279667.37400000007
279637.63100000005
279597.8929999999
279574.203
279545.37100000004
279388.3259999999
279296.8300000001
279259.21699999995
279178.73900000006
279116.7409999999
279073.743
279042.257
279044.18999999994
279044.7450000001
279044.7549999999
279045.118
279057.5319999999
279057.581
279115.101
279156.098
279173.1880000001
279180.872
279218.649
279219.402
279229.20900000003
279257.598
279319.6810000001
279389.5800000001
279417.4110000001
279417.4410000001
279448.13899999997
279448.1499999999
279452.1699999999
279520.0959999999
279585.78300000005
279737.58700000006
279717.2679999999
279704.5179999999
279620.679
279590.4580000001
279545.098
279517.3570000001
279493.892
279456.571
279434.18999999994
279420.07000000007
279345.301
279259.62899999996
279164.90800000005
279131.21200000006
279057.7109999999
279043.31499999994
279043.2949999999
278979.405
278884.8019999999
278884.3929999999
278884.2819999999
278831.52600000007
278728.8729999999
278698.547
278576.7720000001
278532.45699999994
278500.38100000005
278434.993
278388.53300000005
278335.115
278291.0889999999
278250.7139999999
278246.3770000001
278235.18299999996
278235.051
278231.9750000001
278205.095
278191.223
278179.22699999996
278168.87100000004
278126.601
278120.6070000001
278114.2520000001
278095.3060000001
278091.956
278091.926
279112.28099999996
279077.9339999999
279069.9280000001
279062.2749999999
279033.537
278990.72200000007
278942.1710000001
278930.56799999997
278914.0759999999
278678.84400000004
278793.1980000001
278799.8529999999
278799.98699999996
278800.11400000006
278808.45999999996
278851.89100000006
278871.30000000005
278770.2350000001
278866.7790000001
278883.1740000001
278898.338
278905.53
278950.72
278993.473
279001.7080000001
279012.91299999994
279017.2520000001
279062.22200000007
279082.36400000006
279088.84700000007
279168.3300000001
279171.67999999993
279252.2679999999
279206.0719999999
279236.8559999999
279313.2409999999
279520.287
279522.36199999996
279533.5349999999
279553.45900000003
279558.55799999996
279565.75399999996
279572.3459999999
279575.9550000001
279651.5689999999
279643.625
279721.3770000001
279716.39599999995
279849.4979999999
279851.87100000004
279860.05499999993
279873.179
279890.6839999999
279922.2549999999
279926.71200000006
279937.91299999994
279945.875
279954.878
279959.3840000001
279977.91500000004
280004.97200000007
280082.51
280113.82499999995
280128.8829999999
280206.2409999999
280219.037
280225.22699999996
280236.1540000001
280237.2549999999
280265.65800000005
280302.76399999997
280321.12599999993
280346.632
280446.135
280521.905
280531.57000000007
280565.5049999999
280656.93999999994
280711.4339999999
280714.22
280752.294
280798.439
280811.15100000007
280823.51600000006
280877.93299999996
280927.8459999999
280936.46900000004
280946.63899999997
280962.48900000006
281005.6980000001
281079.331
281132.25399999996
281189.8770000001
281247.13800000004
281317.1980000001
281348.622
281372.41500000004
281392.4380000001
281393.8130000001
281393.74900000007
281393.12400000007
281398.0349999999
281408.44200000004
281424.0889999999
281635.71699999995
281697.76099999994
281711.1869999999
281715.1029999999
281709.42299999995
281700.5789999999
281694.2720000001
281597.551
281588.73600000003
281590.176
281601.7919999999
281622.9809999999
281702.13599999994
281723.10400000005
281738.422
281739.34899999993
281742.351
281750.76600000006
281744.54300000006
281727.628
281720.20200000005
281679.355
281669.51600000006
281640.95900000003
281534.4680000001
281509.044
281505.6969999999
281485.16500000004
281455.341
281454.30799999996
281421.1499999999
281404.34700000007
281404.39599999995
281406.23600000003
281406.9909999999
281411.088
281467.703
281521.6029999999
281586.9979999999
281629.9979999999
281844.997
281925.0020000001
281978.8130000001
281990.003
282045.00099999993
282110.00099999993
282157.31799999997
282167.00099999993
282236.99600000004
282265.5519999999
282296.99600000004
282347.0
282415.4550000001
282416.99900000007
282502.0049999999
282565.77600000007
282584.9950000001
282624.9979999999
282634.97399999993
282669.9979999999
282714.99600000004
282762.00399999996
282824.99900000007
282846.9979999999
282932.2579999999
282951.9979999999
283000.0
283062.0
283159.301
283166.99600000004
283219.997
283245.00099999993
283269.9979999999
283285.0020000001
283247.0020000001
283219.9979999999
283227.00399999996
283275.00399999996
283325.00099999993
283427.00099999993
283465.00099999993
283554.997
283589.9979999999
283635.0
283664.997
283697.0
283772.0020000001
283754.99600000004
283750.00099999993
283780.00399999996
283806.9979999999
283815.0020000001
283842.0020000001
283902.00399999996
283965.73699999996
283986.9979999999
284022.0049999999
284071.997
284139.99900000007
284206.99900000007
284291.9979999999
284379.997
284464.9950000001
284449.99600000004
284475.00399999996
284492.003
284537.003
284527.003
284567.0
284611.99600000004
284613.696
284613.044
284612.3529999999
284623.73900000006
284626.003
284630.2549999999
284643.595
284668.74399999995
284685.08400000003
284691.1939999999
284699.75
284725.405
284708.8970000001
284698.1029999999
284686.98900000006
284681.17999999993
284678.689
284672.00099999993
284665.9210000001
284660.875
284653.649
284645.7990000001
284643.301
284647.70200000005
284661.0
284678.8189999999
284690.67500000005
284689.78799999994
284689.30499999993
284685.203
284692.5049999999
284701.2960000001
284711.4750000001
284731.8799999999
284756.196
284772.71200000006
284775.101
284769.50099999993
284776.3970000001
284823.105
284825.40100000007
284840.90100000007
284851.69200000004
284856.25099999993
284878.997
284867.49900000007
284862.87599999993
284865.4639999999
284870.2409999999
284873.06499999994
284940.6440000001
284976.01600000006
284982.797
284983.03799999994
285042.20200000005
285075.297
285075.578
285130.6059999999
285183.4539999999
285217.5020000001
285217.58199999994
285234.203
285248.345
285281.534
285286.5689999999
285290.6980000001
285290.7180000001
285300.6029999999
285439.199
285439.20900000003
285446.50399999996
285523.89800000004
285586.689
285619.97
285635.99600000004
285723.4410000001
285749.71900000004
285750.0319999999
285773.1810000001
285773.2209999999
285784.3459999999
285827.58199999994
285827.61199999996
285838.80000000005
285847.601
285872.48399999994
285895.997
285894.527
285894.547
285894.2250000001
285953.07700000005
285991.4140000001
286008.99
286085.953
286093.4650000001
286140.206
286156.1340000001
286163.65599999996
286236.92999999993
286143.26099999994
286146.8659999999
286146.9069999999
286155.50099999993
286180.03799999994
286180.04799999995
286243.8189999999
286239.2960000001
286361.841
286428.8259999999
286437.87100000004
286437.892
286441.1029999999
286594.92500000005
286647.41599999997
286611.0859999999
286554.7309999999
286584.5460000001
286535.149
286639.63899999997
286715.003
286736.314
286736.34400000004
286736.35400000005
286818.145
286834.43500000006
286846.0179999999
286859.5390000001
286862.27799999993
286897.27799999993
286901.909
287011.206
287011.226
287038.4709999999
287110.23900000006
287133.9140000001
287172.395
287062.115
287187.35899999994
287171.85400000005
287169.80700000003
287176.3770000001
287223.4950000001
287169.44299999997
287268.0390000001
287342.503
287284.7720000001
287245.7320000001
287194.84199999995
287169.05000000005
287168.314
287168.36400000006
287165.503
287263.3600000001
287263.3899999999
287318.63800000004
287369.997
287497.0
287679.358
287989.9950000001
288077.00099999993
288169.99399999995
288243.14599999995
288244.9950000001
288316.997
288335.003
288404.9979999999
288420.0
288417.29300000006
288292.0020000001
288016.99600000004
287867.00099999993
287741.997
287619.99600000004
287607.00399999996
287567.0020000001
287545.00399999996
287528.9779999999
287477.00099999993
287425.0020000001
287374.99600000004
287354.86899999995
287307.0
287231.9950000001
287159.997
287100.00099999993
287040.0020000001
286977.0
286944.6880000001
286885.0049999999
286899.997
286875.00600000005
286815.00099999993
286702.0
286562.00399999996
286420.003
286265.9240000001
286259.997
286208.0689999999
286134.99900000007
286138.98699999996
286190.00099999993
286220.0020000001
286247.0
286264.99600000004
286171.99900000007
286077.0020000001
285967.0049999999
285907.00399999996
285824.997
285789.997
285651.9950000001
285597.003
285582.00099999993
285560.003
285541.99600000004
285521.7450000001
285476.99900000007
285442.66500000004
285400.00099999993
285410.00099999993
285474.99900000007
285508.46200000006
285510.0
285532.9609999999
285556.997
285724.99600000004
285812.0
285730.00099999993
285736.99600000004
285672.0020000001
285631.99900000007
285546.997
285560.0049999999
285461.99600000004
285267.60400000005
285167.00399999996
285012.0
285015.0
284934.1640000001
284855.0
284768.8030000001
284717.00399999996
284685.297
284634.2849999999
284590.09400000004
284628.8829999999
284658.828
284661.821
284663.17299999995
284678.4639999999
284683.85400000005
284689.6780000001
284723.801
284750.351
284766.253
284762.1980000001
284753.05799999996
284728.7379999999
284730.872
284742.831
284732.9609999999
284703.895
284697.0049999999
284700.6200000001
284691.99600000004
284704.274
284735.5179999999
284745.044
284763.65599999996
284779.588
284818.63599999994
284827.93999999994
284829.179
284842.6399999999
284848.79799999995
284835.07700000005
284827.9280000001
284829.8940000001
284840.59700000007
284826.18999999994
284790.787
284764.09400000004
284754.0730000001
284747.8770000001
284755.0390000001
284755.1229999999
284755.20999999996
284755.267
284755.561
284755.58199999994
284780.63800000004
284780.628
284781.081
284761.8929999999
284761.6880000001
284749.1569999999
284714.213
284701.60899999994
284669.44500000007
284669.41599999997
284669.412
284669.39599999995
284643.97
284595.703
284579.284
284579.28300000005
284564.18200000003
284452.06799999997
284415.62899999996
284411.71900000004
284297.8600000001
284294.01399999997
284251.93999999994
284256.29799999995
284266.94299999997
284139.5789999999
284048.2890000001
283983.25099999993
283903.1270000001
283879.0959999999
283861.61400000006
283861.5630000001
283808.2949999999
283763.8289999999
283695.757
283638.142
283633.2860000001
283633.16500000004
283616.90299999993
283580.949
283578.80700000003
283578.797
283562.4040000001
283549.91500000004
283529.054
283515.2649999999
283524.007
283533.4979999999
283553.8829999999
283583.26300000004
283544.48
283542.88100000005
283546.6839999999
283550.19999999995
283568.2949999999
283568.2949999999
283568.26099999994
283557.2050000001
283552.00099999993
283510.1370000001
283480.9580000001
283427.00099999993
283400.96200000006
283391.3999999999
283391.4099999999
283391.3999999999
283416.399
283433.8840000001
283440.547
283477.6839999999
283574.9339999999
283574.97399999993
283582.40299999993
283632.1470000001
283632.14800000004
283649.30000000005
283657.355
283745.429
283837.605
283876.33400000003
283940.9550000001
284056.0419999999
284060.7549999999
284002.37599999993
283961.081
283931.20999999996
283931.1699999999
283923.8030000001
283923.78300000005
283923.7520000001
283910.6669999999
283898.2050000001
283885.503
283835.142
283835.081
283816.331
283842.649
283889.2749999999
283916.70900000003
283990.09899999993
284026.79000000004
284012.179
284046.16500000004
284088.69999999995
284026.3030000001
284017.6839999999
283978.67999999993
283923.5900000001
283895.35899999994
283898.274
283901.50399999996
283916.9380000001
283922.69200000004
283943.11199999996
283955.101
283954.99600000004
283943.06700000004
283879.4099999999
283879.3300000001
283853.669
283810.05499999993
283786.09400000004
283703.27300000004
283681.7960000001
283665.4909999999
283635.18999999994
283635.1710000001
283635.15100000007
283624.605
283620.66800000006
283615.94299999997
283597.41599999997
283575.1470000001
283575.14800000004
283575.1399999999
283572.7990000001
283574.51
283574.51099999994
283610.4909999999
283608.50399999996
283611.92999999993
283571.243
283544.6100000001
283502.32499999995
283490.4850000001
283463.0560000001
283410.6910000001
283373.1780000001
283337.899
283314.2250000001
283314.17500000005
283314.12400000007
283275.466
283255.7279999999
283232.04000000004
283218.47399999993
283218.4240000001
283203.98399999994
283143.946
283095.686
283100.46699999995
283036.503
283036.473
283036.3829999999
283013.52099999995
282989.91599999997
282985.0889999999
282985.0789999999
282982.03799999994
282968.0560000001
282937.7039999999
282925.6769999999
282869.301
282868.2790000001
282849.50099999993
282813.38100000005
282801.03
282799.392
282772.7990000001
282719.62400000007
282707.8559999999
282691.6340000001
282651.753
282641.422
282633.25600000005
282630.699
282630.6980000001
282630.6880000001
282623.58499999996
282622.49
282617.203
282586.757
282553.0090000001
282511.7990000001
282459.3060000001
282443.1599999999
282442.65800000005
282404.30700000003
282345.75099999993
282287.7720000001
282295.84199999995
282272.2579999999
282189.8770000001
282174.206
282161.8570000001
282125.6980000001
282122.625
282122.615
282114.1370000001
282110.77300000004
282104.53799999994
282104.11100000003
282103.04000000004
282099.94299999997
282095.22399999993
282062.3559999999
282043.0490000001
282032.79799999995
282037.37899999996
282045.98699999996
282061.40299999993
282064.98900000006
282042.936
282029.5179999999
281999.34400000004
281935.0759999999
281882.9550000001
281818.7690000001
281561.4339999999
281493.21200000006
281435.05700000003
281316.8970000001
281244.62599999993
281204.66500000004
281099.21900000004
281021.338
280937.86400000006
280890.44500000007
280858.7679999999
280811.9469999999
280756.1640000001
280701.7080000001
280590.17500000005
280506.8459999999
280485.753
280453.74399999995
280346.8400000001
279991.524
279855.5530000001
279844.85899999994
279763.6299999999
279677.976
279577.564
279395.39599999995
279395.226
279395.1000000001
279388.19999999995
279385.598
279243.84199999995
279243.83199999994
279215.23699999996
279177.172
279255.713
279276.80700000003
279302.4280000001
279343.6229999999
279362.4269999999
279377.0120000001
279224.544
279224.426
279223.86199999996
279209.04799999995
279184.75
279173.79000000004
279165.3559999999
279147.80499999993
279122.82700000005
279120.203
279114.6610000001
279112.28099999996
